1 2 3 4 5 6 7 8 9 10 11 12 13 14 15 16 17 18 19 20 21 22 23 35  [1;32 12000 0.0026072913047158 [0 
1 2 3 4 5 6 59 8 9 59 11 12 13 14 15 16 17 18 19 5 47 38 23 35  [1;32 22800 0.0070855957225093 [0 
72 2 3 4 5 6 54 57 9 59 11 86 13 14 15 16 17 18 19 5 64 38 23 35  [1;32 40800 0.014314824806607 [0 
15 1 3 4 5 6 54 57 9 59 11 86 13 14 15 16 17 18 19 5 64 38 23 35  [1;32 43200 0.037623920372438 [0 
15 1 3 97 65 6 54 57 95 59 11 86 13 14 15 16 17 18 19 5 30 91 23 35  [1;32 57600 0.052519392694217 [0 
15 63 3 97 65 6 54 57 95 59 11 94 13 14 15 80 98 18 19 30 30 91 23 35  [1;32 62400 0.078336346737859 [0 
15 63 3 97 65 6 54 57 95 59 11 94 13 14 15 80 98 18 19 30 30 91 23 35  [1;32 63600 0.093112843366644 [0 
15 97 3 97 65 6 54 57 95 59 11 87 13 14 15 80 98 18 19 9 30 91 23 35  [1;32 76800 0.2190281084206 [0 
15 97 3 97 65 6 54 57 95 59 11 87 13 14 15 80 38 18 19 9 30 91 23 35  [1;32 151200 0.24631512141895 [0 
15 97 3 39 65 6 54 57 95 59 78 87 37 14 15 80 38 18 19 9 30 35 23 35  [1;32 182400 0.24689361915399 [0 
15 97 3 39 65 6 54 57 95 59 78 87 37 14 15 80 38 18 19 9 30 35 23 35  [1;32 183600 0.24768039517143 [0 
15 97 3 39 65 6 54 57 95 59 78 87 37 14 15 80 38 18 19 9 30 35 23 35  [1;32 184800 0.2477061868183 [0 
15 97 3 39 65 6 54 57 95 59 78 87 37 14 15 80 38 18 19 9 30 35 23 35  [1;32 186000 0.24770928036504 [0 
10 97 3 39 65 6 54 57 95 59 78 87 37 14 15 80 38 18 5 9 30 35 23 35  [1;32 188400 0.24770979129654 [0 
10 97 3 39 65 6 54 57 95 59 78 87 37 14 5 80 38 18 5 9 30 35 23 35  [1;32 224400 0.2530341755006 [0 
10 97 3 39 65 6 54 57 95 59 78 28 37 14 90 80 38 18 5 9 30 86 23 35  [1;32 252000 0.45250316031496 [0 
10 97 3 39 65 6 54 57 95 59 78 28 37 14 90 80 38 18 5 9 30 86 23 35  [1;32 253200 0.49540293263147 [0 
10 97 3 39 65 6 54 63 95 59 78 80 37 14 90 18 38 18 5 9 30 86 23 35  [1;32 255600 0.49540930033352 [0 
10 97 3 39 65 6 54 63 95 59 78 18 37 14 90 18 38 18 5 9 30 86 23 35  [1;32 294000 0.50254745515753 [0 
10 74 3 39 65 6 54 63 95 59 78 18 37 14 90 18 38 18 5 9 30 86 23 35  [1;32 477600 0.540011556913 [0 
10 74 3 39 65 6 54 63 95 59 78 18 37 14 90 18 38 18 5 9 30 86 23 35  [1;32 478800 0.54495845002447 [0 
10 74 3 39 93 89 58 63 95 59 85 18 37 14 90 18 38 18 5 9 30 86 23 35  [1;32 584400 0.73269974433311 [0 
10 74 3 39 93 89 58 63 95 59 85 18 37 14 90 18 38 18 5 33 30 86 23 35  [1;32 606000 0.73569419337053 [0 
90 74 18 39 93 89 58 63 95 59 85 24 37 14 90 18 38 18 5 33 13 86 23 35  [1;32 825600 0.7638293578116 [0 
90 74 18 39 93 89 58 63 95 59 85 24 37 14 90 18 38 18 5 33 13 86 23 35  [1;32 826800 0.84276178193913 [0 
seed 91
90 74 18 39 93 89 58 63 95 59 85 24 37 14 90 18 38 18 5 33 13 86 23 35 
100 99 
best 0.84276178193913
 [0 
