1 28 3 4 5 6 7 8 57 83 11 12 13 14 15 16 22 18 19 20 21 22 23 24 [1;32m2400 0.073489237516055[0m
1 28 3 4 5 6 7 8 57 83 11 12 13 14 15 16 22 18 19 20 21 22 23 24 [1;32m3600 0.075133842879881[0m
90 28 84 4 5 6 7 8 57 83 11 12 13 14 78 16 74 18 19 32 21 22 23 24 [1;32m7200 0.088345134204371[0m
90 28 84 4 5 6 7 8 57 83 11 12 13 14 78 16 74 18 19 32 21 22 23 24 [1;32m8400 0.089165152417546[0m
90 28 84 4 5 6 7 8 57 83 11 12 13 14 78 16 74 18 19 32 21 22 23 24 [1;32m9600 0.089171014661448[0m
11 28 84 4 5 77 7 8 57 83 11 12 13 14 78 16 74 18 19 32 21 42 23 32 [1;32m15600 0.16325343428519[0m
11 28 84 4 5 77 7 98 57 83 31 12 13 14 73 30 91 18 3 32 21 42 23 32 [1;32m25200 0.17425069788791[0m
11 28 84 4 5 77 7 98 57 83 31 12 13 14 73 30 91 18 3 32 21 42 23 32 [1;32m26400 0.18432453273939[0m
11 28 84 4 5 77 7 98 57 83 31 12 13 14 73 30 91 18 3 32 21 42 23 32 [1;32m27600 0.20023634124572[0m
11 28 84 4 39 77 7 98 57 83 31 12 31 14 73 30 91 18 3 32 38 42 36 32 [1;32m30000 0.32380651820228[0m
11 28 84 81 39 77 7 98 57 83 31 12 31 14 73 30 91 18 3 32 38 42 36 32 [1;32m32400 0.49003646346487[0m
11 28 81 81 39 77 7 98 57 83 31 12 31 86 73 30 91 18 3 32 64 35 83 32 [1;32m46800 0.53389298898842[0m
11 28 81 81 39 77 7 98 57 83 31 12 31 86 73 30 91 18 3 32 64 35 83 32 [1;32m48000 0.5696740206225[0m
11 28 81 81 39 77 7 98 57 83 31 12 31 86 73 30 91 18 3 32 64 35 83 32 [1;32m49200 0.57218098578666[0m
11 28 81 81 39 77 7 98 57 83 31 12 31 36 73 30 91 18 3 32 64 35 83 32 [1;32m85200 0.83152442296648[0m
11 28 81 81 39 77 7 98 57 83 31 12 31 36 73 30 91 18 3 32 64 35 83 32 [1;32m86400 0.84483761691861[0m
63 28 81 81 39 77 7 98 45 14 31 12 31 36 73 30 91 18 3 32 64 35 83 32 [1;32m170400 0.87110771011728[0m
63 28 81 81 39 77 7 98 45 14 14 12 31 36 73 30 91 55 3 32 64 35 83 11 [1;32m300000 0.87820692092639[0m
63 28 81 81 39 77 7 98 45 14 14 12 31 36 73 30 91 55 3 32 64 35 83 11 [1;32m301200 0.87874534702366[0m
63 28 81 81 39 77 7 98 45 14 14 12 31 36 73 30 91 55 3 32 64 35 83 11 [1;32m302400 0.88129345028465[0m
63 28 81 81 39 77 7 98 45 14 14 97 31 36 73 30 91 55 3 32 64 35 83 81 [1;32m360000 0.88617350699472[0m
seed 72
63 28 81 81 39 77 7 98 45 14 14 97 31 36 73 30 91 55 3 32 64 35 83 81 
100 99 
best 0.88617350699472
[0m
