1 86 3 4 5 23 7 8 9 10 11 7 13 14 15 16 17 18 19 71 21 22 23 24  [1;32 13200 0.0019401230290008 [0 
1 86 3 37 5 23 7 8 9 10 11 7 13 14 15 16 17 18 19 71 21 22 23 24  [1;32 22800 0.002290266529979 [0 
1 86 3 37 5 23 7 8 9 10 11 7 13 14 15 16 17 18 19 71 21 22 23 24  [1;32 24000 0.002464651663424 [0 
81 86 3 37 5 23 7 8 9 10 11 7 13 14 15 16 17 18 19 71 21 22 23 6  [1;32 26400 0.0032338748053157 [0 
81 86 3 37 5 23 7 8 9 10 11 7 13 14 15 16 17 18 19 71 21 22 23 6  [1;32 27600 0.0040193136690723 [0 
81 86 3 37 92 23 7 8 88 10 11 7 13 89 15 16 17 18 87 71 21 22 23 6  [1;32 30000 0.0041192366735949 [0 
81 46 9 37 92 23 7 6 88 10 11 7 13 89 15 16 17 18 87 57 21 22 23 99  [1;32 50400 0.014770618362658 [0 
81 65 9 37 92 23 60 33 88 85 11 7 13 89 15 16 17 18 87 57 21 22 23 99  [1;32 56400 0.015599706681583 [0 
81 65 9 37 92 38 60 33 88 85 11 7 13 89 15 16 17 82 87 28 21 22 23 99  [1;32 412800 0.08649662180179 [0 
81 83 68 37 92 25 60 43 88 85 11 7 13 89 15 16 17 82 87 28 21 22 23 99  [1;32 882000 0.29284848816248 [0 
seed 94
81 83 68 37 92 25 60 43 88 85 11 7 13 89 15 16 17 82 87 28 21 22 23 99 
100 99 
best 0.29284848816248
 [0 
