1 2 3 4 5 6 7 8 9 10 47 12 15 17 15 16 17 18 19 20 21 22 23 24 [1;32m38400 0.010440994050082[0m
1 2 3 4 5 6 7 8 9 10 47 30 15 17 15 16 17 18 19 20 21 22 80 24 [1;32m43200 0.33943032603973[0m
1 2 3 20 67 6 7 8 9 10 47 30 74 17 15 16 17 18 63 20 21 95 80 24 [1;32m55200 0.44604146617584[0m
1 2 3 20 67 6 82 8 9 10 47 30 74 17 15 16 17 18 63 20 21 95 80 24 [1;32m70800 0.67625228215163[0m
1 2 3 20 67 6 82 8 9 10 47 30 74 17 15 16 34 18 63 20 21 95 80 24 [1;32m98400 0.7855178365851[0m
1 2 3 20 67 6 82 8 9 10 81 30 74 17 15 16 34 17 63 20 21 10 80 24 [1;32m230400 0.83499888762803[0m
1 2 3 20 67 6 82 8 9 10 81 30 74 17 15 16 34 17 63 20 4 10 80 75 [1;32m284400 0.83947769704618[0m
1 53 3 20 67 6 82 8 85 10 81 30 74 17 15 16 53 17 63 20 88 10 80 75 [1;32m406800 0.84223679343094[0m
1 53 3 61 67 6 82 8 85 10 81 30 74 17 79 16 53 17 63 71 88 10 80 75 [1;32m428400 0.8577999972376[0m
1 53 3 61 67 6 82 8 85 10 81 30 97 17 79 61 53 17 63 71 88 10 80 75 [1;32m595200 0.86210770773242[0m
1 53 3 61 67 6 82 8 85 10 81 30 97 17 79 61 71 17 63 71 88 10 80 75 [1;32m720000 0.86621891858068[0m
1 44 3 61 67 6 82 17 85 10 30 30 97 17 79 61 71 12 63 71 88 10 80 75 [1;32m946800 0.86956991385362[0m
1 44 3 61 67 6 82 17 85 10 30 30 97 17 79 61 71 12 63 71 88 10 80 75 [1;32m948000 0.87447768506011[0m
1 44 3 61 67 6 82 17 85 10 30 30 97 17 79 61 71 12 63 71 88 10 80 75 [1;32m949200 0.8753813707194[0m
1 44 3 61 67 6 82 17 85 10 30 30 97 17 79 61 71 12 63 71 88 10 80 75 [1;32m950400 0.8757374425035[0m
seed 67
1 44 3 61 67 6 82 17 85 10 30 30 97 17 79 61 71 12 63 71 88 10 80 75 
100 99 
best 0.8757374425035
[0m
