1 2 3 4 5 6 7 8 9 10 11 12 13 14 15 16 17 18 19 20 21 22 23 24  [1;32 1200 0.21903952074179 [0 
1 2 3 4 5 6 7 8 9 10 30 12 13 14 81 16 17 18 19 20 21 27 23 24  [1;32 50400 0.64745063161561 [0 
1 2 3 4 5 6 7 8 9 10 30 12 13 14 81 16 17 18 19 20 21 27 23 24  [1;32 54000 0.6632996083074 [0 
1 2 3 4 5 6 7 8 9 10 30 12 13 14 81 16 17 18 19 20 21 27 23 81  [1;32 56400 0.74196477628397 [0 
100 2 3 4 5 6 7 8 9 91 83 12 13 97 81 16 17 18 19 20 21 27 23 81  [1;32 200400 0.74273832533538 [0 
100 2 3 55 5 6 7 8 9 91 83 12 13 73 81 16 82 18 19 20 21 27 23 81  [1;32 1024800 0.79362653969887 [0 
seed 42
100 2 3 55 5 6 7 8 9 91 83 12 13 73 81 16 82 18 19 20 21 27 23 81 
100 99 
best 0.79362653969887
 [0 
