92 2 3 4 5 13 7 8 9 10 11 12 13 14 94 16 17 18 19 40 37 22 23 24 [1;32m2400 0.022081008848534[0m
92 2 3 4 34 13 7 8 38 10 11 12 13 14 94 16 17 18 19 40 37 22 23 24 [1;32m18000 0.037012702868206[0m
92 2 3 4 34 13 7 8 41 10 11 12 13 14 94 36 17 18 19 40 37 22 75 24 [1;32m27600 0.5945474904262[0m
92 2 3 4 34 59 7 8 57 10 11 57 13 14 94 36 17 18 97 40 37 71 75 24 [1;32m144000 0.656834615975[0m
92 93 3 2 34 59 7 8 57 10 99 99 13 53 94 36 17 18 97 40 37 71 75 24 [1;32m535200 0.662587376668[0m
92 90 3 41 34 59 7 8 57 10 99 99 13 53 94 36 17 18 97 40 37 71 75 56 [1;32m1243200 0.80983561425988[0m
92 90 3 41 73 59 7 8 57 10 99 99 13 53 94 24 17 18 97 40 37 71 75 56 [1;32m1298400 0.83274166347552[0m
seed 36
92 90 3 41 73 59 7 8 57 10 99 99 13 53 94 24 17 18 97 40 37 71 75 56 
100 99 
best 0.83274166347552
[0m
