1 2 3 4 5 6 7 8 9 10 11 12 13 14 15 16 17 18 19 20 21 22 23 24  [1;32 1200 0.15428807841593 [0 
1 2 3 4 5 6 7 8 9 10 61 12 13 14 15 16 89 18 19 20 21 22 23 24  [1;32 4800 0.54823603358534 [0 
1 2 3 4 5 6 7 8 9 10 61 12 13 14 15 16 89 18 19 20 21 22 23 24  [1;32 6000 0.55072913409378 [0 
1 2 3 4 5 61 7 8 9 40 61 12 13 14 15 16 89 18 19 20 5 22 77 24  [1;32 36000 0.5713567852546 [0 
1 2 3 4 5 61 7 8 9 40 61 12 13 14 15 16 89 18 19 20 5 22 77 24  [1;32 37200 0.57384905256158 [0 
1 2 3 4 5 61 7 8 9 40 61 12 13 14 15 38 89 25 19 20 5 53 77 24  [1;32 174000 0.57794012890009 [0 
72 2 3 4 5 61 7 8 9 40 61 12 13 14 15 8 89 25 19 97 5 53 77 24  [1;32 1267200 0.65840129202157 [0 
72 2 3 4 5 61 7 8 9 40 61 12 13 14 15 8 89 25 19 97 5 53 77 24  [1;32 1268400 0.71557883125788 [0 
seed 49
72 2 3 4 5 61 7 8 9 40 61 12 13 14 15 8 89 25 19 97 5 53 77 24 
100 99 
best 0.71557883125788
 [0 
