1 2 3 4 5 8 7 8 9 10 11 87 13 14 15 6 41 18 19 20 21 22 65 24  [1;32 3600 0.0059200667702302 [0 
1 2 3 4 76 8 7 8 9 57 11 87 27 14 15 6 41 18 19 20 21 22 65 24  [1;32 7200 0.010361140633658 [0 
1 2 3 4 76 8 7 8 9 57 11 87 27 14 15 6 41 18 19 20 21 22 65 24  [1;32 8400 0.010405572571081 [0 
1 2 3 91 76 8 7 8 9 57 11 87 27 14 51 6 41 18 19 4 86 22 65 24  [1;32 24000 0.023294508209843 [0 
1 2 3 91 76 8 7 8 9 57 11 87 27 14 51 6 41 18 19 4 86 22 65 24  [1;32 25200 0.024587714227242 [0 
1 2 3 91 76 8 7 8 9 57 11 87 27 14 51 6 41 18 19 4 86 22 65 24  [1;32 26400 0.025829649977214 [0 
1 78 8 91 76 8 74 8 9 57 11 87 52 14 51 6 41 18 61 4 86 22 65 24  [1;32 30000 0.088253332476775 [0 
1 78 8 91 76 8 74 8 9 57 11 87 52 14 51 6 41 18 61 4 86 22 65 24  [1;32 31200 0.1083357698774 [0 
1 78 60 91 76 8 74 8 9 75 11 87 52 14 51 6 41 3 6 4 86 22 65 24  [1;32 33600 0.13175285866416 [0 
1 50 60 91 76 8 74 8 9 75 11 87 52 14 51 6 41 3 6 4 86 22 65 24  [1;32 42000 0.13670011590676 [0 
1 50 60 91 1 8 17 8 9 75 11 87 52 14 85 6 41 3 6 4 86 22 65 24  [1;32 44400 0.22739377423514 [0 
1 44 60 91 1 8 47 8 9 75 11 87 52 67 85 59 41 3 6 4 21 22 65 24  [1;32 49200 0.30090207399928 [0 
1 44 60 91 1 8 47 8 9 75 11 87 52 67 85 59 41 3 6 4 21 22 65 24  [1;32 50400 0.40977152267521 [0 
1 44 60 91 1 8 47 8 9 75 11 87 52 67 85 59 41 3 6 4 21 22 65 24  [1;32 51600 0.43347510497 [0 
1 44 60 91 1 8 47 8 9 75 11 87 52 67 85 59 41 3 6 4 21 22 65 24  [1;32 52800 0.43431145455043 [0 
1 44 60 91 1 8 47 8 9 75 11 87 52 67 85 59 41 3 6 4 21 22 65 24  [1;32 54000 0.43514961840675 [0 
77 44 60 91 1 38 47 8 9 75 11 87 35 67 85 59 41 3 6 4 21 68 65 24  [1;32 56400 0.49621590794835 [0 
77 44 60 91 1 38 47 8 9 75 11 87 35 67 85 59 41 3 6 4 21 68 65 24  [1;32 57600 0.49622025417699 [0 
77 44 60 91 1 38 47 8 9 75 11 87 42 67 85 59 41 3 6 4 21 68 65 24  [1;32 61200 0.49622109842438 [0 
39 44 60 91 84 38 47 8 9 75 11 39 42 67 85 59 41 3 15 4 20 68 65 24  [1;32 68400 0.56421087676991 [0 
39 44 60 91 84 38 47 8 9 75 11 67 42 67 85 59 41 3 15 4 20 68 12 24  [1;32 146400 0.78696719326914 [0 
39 44 60 21 84 38 47 8 9 75 11 67 42 67 85 59 41 3 15 4 20 68 12 24  [1;32 256800 0.80239613523748 [0 
39 44 60 21 84 38 47 8 9 75 11 67 42 67 85 59 41 3 15 4 20 68 12 24  [1;32 258000 0.85496992616445 [0 
8 44 60 21 84 38 32 8 9 75 11 67 42 67 85 59 41 3 15 4 20 68 12 24  [1;32 352800 0.89275179395269 [0 
8 44 33 21 84 38 32 8 9 75 11 67 42 67 85 59 41 3 15 4 20 68 12 24  [1;32 531600 0.89291481567343 [0 
8 44 33 21 84 38 32 8 9 78 11 27 42 67 85 59 41 3 15 4 20 68 12 24  [1;32 666000 0.89495805243647 [0 
8 44 33 21 84 96 32 8 9 78 11 27 42 67 85 59 41 3 15 4 20 68 12 81  [1;32 771600 0.89902358374811 [0 
8 44 33 21 84 96 32 8 9 78 11 27 42 67 85 59 41 3 15 4 20 89 12 81  [1;32 834000 0.90352520880549 [0 
8 44 33 13 84 96 32 8 9 78 11 27 42 67 85 59 41 3 15 4 20 89 12 81  [1;32 920400 0.90499099221933 [0 
8 44 33 13 84 96 32 8 9 78 11 27 42 67 85 59 88 3 15 4 20 89 12 81  [1;32 1042800 0.90717187218253 [0 
8 44 33 13 84 96 32 8 9 78 11 27 66 67 85 59 88 3 15 4 20 89 12 81  [1;32 1428000 0.90783893826717 [0 
seed 96
8 44 33 13 84 96 32 8 9 78 11 27 66 67 85 59 88 3 15 4 20 89 12 81 
100 99 
best 0.90783893826717
 [0 
