1 2 3 4 5 6 7 8 9 10 11 12 13 14 15 16 17 18 19 20 21 22 23 24 [1;32m1200 0.32942468515234[0m
1 2 3 4 5 6 7 8 9 10 11 12 13 14 15 16 17 18 19 20 21 22 23 24 [1;32m2400 0.3302598748901[0m
1 2 3 4 5 6 7 8 9 10 11 12 13 14 15 16 17 18 19 20 21 22 23 24 [1;32m3600 0.3302725688517[0m
1 2 3 4 6 6 7 8 9 10 11 12 13 14 15 16 17 18 19 20 21 22 23 24 [1;32m6000 0.33028458330513[0m
1 95 3 18 6 6 7 8 73 10 51 12 13 14 15 16 17 18 19 37 21 22 23 49 [1;32m21600 0.37659550168293[0m
1 95 3 18 6 6 7 8 73 10 51 12 13 14 15 3 32 18 19 37 61 22 23 1 [1;32m338400 0.42859041593781[0m
1 95 3 18 6 6 7 8 73 10 51 12 13 14 15 3 32 18 19 37 61 22 23 1 [1;32m339600 0.48732312183494[0m
1 95 3 18 6 6 7 8 73 10 51 12 13 14 15 3 32 18 19 37 61 22 23 1 [1;32m340800 0.49304309446874[0m
1 95 3 18 6 6 7 8 73 10 51 12 13 14 15 3 32 18 19 37 61 22 23 1 [1;32m342000 0.49380990971401[0m
1 95 3 18 6 6 7 8 73 10 51 12 13 14 15 3 32 18 19 37 61 22 23 1 [1;32m343200 0.4956218498628[0m
1 95 3 18 6 6 7 8 73 10 51 12 13 14 15 3 32 18 19 37 61 22 23 1 [1;32m344400 0.49718925521727[0m
1 89 11 18 96 6 7 72 7 10 51 12 13 14 15 39 32 18 19 37 61 22 23 1 [1;32m388800 0.51422264089425[0m
1 89 11 18 96 6 7 72 7 10 51 12 13 14 15 39 32 18 19 37 61 22 23 1 [1;32m390000 0.58446824370584[0m
83 89 11 18 96 6 7 72 7 10 51 12 13 14 15 39 32 18 19 37 61 22 23 1 [1;32m398400 0.58465166303224[0m
83 37 11 18 96 6 7 72 7 10 43 12 13 14 15 39 32 18 100 37 61 22 23 1 [1;32m400800 0.71233392804714[0m
83 37 11 18 96 6 7 72 7 73 43 12 13 14 15 36 32 18 100 37 87 21 23 1 [1;32m404400 0.79995543532561[0m
83 37 11 18 96 6 7 72 7 73 43 12 13 14 15 36 32 18 100 37 87 21 23 1 [1;32m405600 0.83836053630038[0m
83 37 11 33 96 6 7 72 7 73 43 12 13 14 15 37 32 15 100 37 87 21 23 1 [1;32m440400 0.84750932574878[0m
98 37 11 17 96 6 7 72 10 73 43 12 13 14 15 37 32 15 83 37 87 13 23 1 [1;32m454800 0.8481201194883[0m
98 37 11 17 96 6 7 72 10 73 43 12 13 14 39 14 32 15 83 37 87 13 23 1 [1;32m498000 0.86811907677259[0m
98 37 11 17 96 6 7 72 10 73 43 12 13 14 39 14 32 15 83 37 87 13 23 1 [1;32m499200 0.86969458885155[0m
98 37 11 17 96 6 7 72 10 73 43 12 75 14 39 21 32 51 83 37 87 47 23 23 [1;32m1099200 0.87346196890919[0m
98 37 11 17 96 6 7 72 10 73 43 12 75 14 39 21 32 51 20 37 87 47 23 61 [1;32m1254000 0.89658892079132[0m
seed 23
98 37 11 17 96 6 7 72 10 73 43 12 75 14 39 21 32 51 20 37 87 47 23 61 
100 99 
best 0.89658892079132
[0m
