1 2 3 4 5 6 7 8 9 10 11 12 13 14 15 16 17 18 19 20 21 22 23 24 [1;32m1200 0.015333226274839[0m
1 2 3 4 74 6 7 72 9 10 11 12 13 14 15 16 17 18 19 20 21 22 23 24 [1;32m32400 0.032396950644198[0m
1 2 3 4 74 6 7 72 9 10 11 12 13 14 15 16 17 18 19 20 21 22 23 24 [1;32m33600 0.04029300598514[0m
1 2 3 4 74 6 7 72 9 99 11 12 13 14 15 16 17 18 19 20 21 6 23 10 [1;32m54000 0.43932177997162[0m
1 2 3 4 93 6 7 72 9 99 11 12 13 14 15 30 17 18 60 20 21 6 23 60 [1;32m68400 0.60871507857361[0m
1 2 39 4 47 6 7 72 9 99 78 12 13 14 15 30 17 18 43 20 21 6 23 60 [1;32m73200 0.67809893288961[0m
1 2 39 4 47 6 7 72 9 99 78 12 13 14 15 30 17 18 43 20 21 6 23 60 [1;32m74400 0.74464056496149[0m
1 2 39 4 71 6 7 72 9 99 78 12 13 81 15 30 17 18 43 20 4 6 23 75 [1;32m81600 0.79786739593082[0m
1 2 39 4 71 6 7 72 9 99 78 12 13 81 15 30 17 18 43 20 4 6 23 75 [1;32m82800 0.87018112748695[0m
1 42 39 4 71 6 7 72 2 99 98 12 13 81 15 59 11 74 43 20 4 6 23 75 [1;32m136800 0.87307328486183[0m
1 27 39 4 71 26 7 72 2 15 98 49 13 81 15 59 11 74 43 20 4 6 23 75 [1;32m145200 0.87459504753732[0m
1 27 39 4 71 26 7 72 2 15 98 49 13 81 15 59 11 74 43 41 4 6 23 75 [1;32m205200 0.87744549871565[0m
1 27 39 4 71 26 29 72 2 15 98 49 64 81 88 59 11 74 43 41 4 6 23 75 [1;32m438000 0.88393128676533[0m
1 27 39 44 71 26 29 72 2 15 98 49 64 81 88 59 11 74 43 41 85 6 23 76 [1;32m453600 0.88998665347299[0m
1 27 39 44 59 89 29 72 2 15 98 49 64 81 88 59 11 74 43 41 85 6 23 76 [1;32m474000 0.89143096944219[0m
1 27 39 44 59 89 29 72 91 15 98 96 64 4 88 59 11 74 43 41 68 12 23 76 [1;32m906000 0.89194072056417[0m
1 27 39 95 59 89 29 72 91 15 98 96 64 4 88 59 11 74 43 41 68 12 23 76 [1;32m908400 0.89334729672706[0m
46 27 39 95 9 28 29 72 91 15 98 96 23 4 88 59 11 74 43 41 68 12 23 76 [1;32m1224000 0.89620860562326[0m
46 27 39 95 9 28 82 72 91 15 98 96 23 4 46 59 11 71 43 41 68 12 23 76 [1;32m1251600 0.91062293545366[0m
seed 28
46 27 39 95 9 28 82 72 91 15 98 96 23 4 46 59 11 71 43 41 68 12 23 76 
100 99 
best 0.91062293545366
[0m
