1 2 32 4 5 45 7 8 9 10 11 12 13 14 15 16 11 18 19 20 21 22 23 24  [1;32 40800 0.238848737996 [0 
17 2 32 4 5 45 7 8 9 10 11 12 5 14 15 16 92 6 19 20 21 22 23 24  [1;32 56400 0.43262287985768 [0 
17 2 32 4 5 48 7 8 9 10 11 12 5 14 15 16 92 25 19 20 21 22 23 24  [1;32 60000 0.43337214103439 [0 
17 2 32 24 9 48 7 8 9 10 11 12 5 10 15 82 92 25 19 88 21 22 23 58  [1;32 80400 0.43911342616803 [0 
17 2 32 59 9 48 46 88 9 10 11 12 5 10 15 82 92 25 19 88 21 74 23 79  [1;32 114000 0.44969715791565 [0 
17 2 32 59 9 48 46 88 9 10 11 12 5 10 15 82 92 25 19 88 21 74 33 79  [1;32 153600 0.50293683628357 [0 
17 2 32 59 9 23 46 88 9 10 11 48 5 10 15 82 92 25 19 88 21 74 33 79  [1;32 207600 0.65372145291146 [0 
17 2 32 59 9 23 46 88 56 26 45 48 5 10 15 82 92 25 19 8 21 74 33 79  [1;32 471600 0.68160292610948 [0 
17 92 32 59 9 23 46 3 56 26 45 48 5 10 15 82 92 25 84 8 21 74 33 79  [1;32 577200 0.69163322562491 [0 
17 53 32 59 9 23 46 3 11 26 45 48 5 10 15 3 92 57 84 8 21 74 33 79  [1;32 604800 0.84712291268152 [0 
seed 33
17 53 32 59 9 23 46 3 11 26 45 48 5 10 15 3 92 57 84 8 21 74 33 79 
100 99 
best 0.84712291268152
 [0 
