74 2 3 4 5 65 7 8 9 10 11 27 13 14 15 16 17 18 82 20 21 98 23 24  [1;32 12000 0.015094549210411 [0 
74 2 3 4 5 65 7 8 9 10 11 27 13 14 15 1 17 18 82 20 21 98 23 24  [1;32 14400 0.10290885763991 [0 
74 54 3 4 81 65 7 8 9 10 11 27 43 14 15 75 17 54 82 82 21 98 23 24  [1;32 19200 0.11720761355145 [0 
86 54 3 4 81 65 7 8 9 10 11 81 43 14 24 75 17 54 82 82 21 98 23 24  [1;32 55200 0.27261851814524 [0 
86 47 3 4 81 65 54 8 9 10 11 81 43 14 24 75 17 54 82 82 21 98 23 24  [1;32 80400 0.29316193916232 [0 
86 47 3 4 81 65 54 8 9 10 11 81 43 14 24 75 17 54 82 82 21 98 23 24  [1;32 81600 0.38146013025047 [0 
86 47 3 4 81 65 54 8 9 10 11 64 43 14 24 75 17 54 82 82 21 98 23 24  [1;32 84000 0.38147009060606 [0 
86 47 3 4 81 65 54 8 9 10 11 64 43 14 24 75 17 54 82 82 21 98 23 24  [1;32 85200 0.3814766406544 [0 
86 47 3 4 81 65 54 82 9 75 11 64 43 14 24 87 17 54 20 82 21 68 23 60  [1;32 216000 0.72609759792711 [0 
86 47 3 4 81 65 54 82 9 75 11 64 43 14 24 87 17 54 20 82 21 68 23 60  [1;32 217200 0.84399930466871 [0 
86 47 3 4 81 65 54 82 9 75 11 64 43 14 24 87 17 54 20 21 21 68 23 60  [1;32 460800 0.86321913486662 [0 
seed 89
86 47 3 4 81 65 54 82 9 75 11 64 43 14 24 87 17 54 20 21 21 68 23 60 
100 99 
best 0.86321913486662
 [0 
