1 2 3 4 5 6 7 8 9 10 11 12 13 14 15 16 17 18 19 20 21 22 23 24  [1;32 1200 0.1745803316189 [0 
1 2 3 4 5 6 7 8 9 10 11 12 13 14 15 16 17 18 19 20 21 58 23 24  [1;32 3600 0.26216683474885 [0 
1 2 3 25 5 6 7 8 93 10 11 12 13 67 15 16 17 18 19 20 21 56 23 24  [1;32 7200 0.31296236292918 [0 
1 2 3 75 58 6 7 8 93 10 63 12 13 67 84 16 17 18 19 20 21 56 58 24  [1;32 10800 0.54162980561832 [0 
1 2 3 75 58 6 7 8 93 10 63 12 13 67 84 16 17 18 19 20 21 56 58 24  [1;32 12000 0.55484899661488 [0 
1 2 3 75 58 6 7 8 93 10 63 12 13 67 84 16 17 18 19 20 21 56 58 24  [1;32 13200 0.5548870295791 [0 
1 2 3 75 58 6 7 8 93 10 63 12 13 67 84 16 17 18 19 52 21 56 77 24  [1;32 19200 0.70890622175073 [0 
1 2 3 75 58 53 64 8 93 10 63 12 13 67 61 16 17 18 19 52 21 56 77 24  [1;32 54000 0.76375218864807 [0 
1 2 3 75 58 53 64 8 93 10 63 12 13 67 33 16 17 18 19 52 21 56 77 24  [1;32 157200 0.78023479743563 [0 
1 2 3 75 58 53 64 8 93 10 63 12 13 67 33 16 17 18 19 52 21 56 77 48  [1;32 498000 0.84005987885513 [0 
1 2 17 66 58 53 64 8 93 52 63 12 13 67 69 16 17 18 19 52 21 56 77 48  [1;32 1140000 0.85591785178679 [0 
1 2 8 66 98 53 39 8 93 52 63 77 13 67 69 16 31 66 19 52 21 56 77 48  [1;32 1252800 0.86621833245972 [0 
seed 95
1 2 8 66 98 53 39 8 93 52 63 77 13 67 69 16 31 66 19 52 21 56 77 48 
100 99 
best 0.86621833245972
 [0 
