1 2 3 4 5 6 7 8 9 10 11 12 13 14 15 16 17 18 19 20 21 22 23 24 [1;32m1200 0.85483033532974[0m
1 98 3 4 5 6 7 85 9 10 34 12 13 14 15 16 79 18 19 20 21 22 23 24 [1;32m3600 0.86897863267324[0m
21 98 3 57 5 6 7 85 9 10 34 68 13 14 15 16 79 18 19 20 21 22 23 24 [1;32m25200 0.87264596137067[0m
21 98 3 57 5 6 70 35 9 10 34 68 13 14 61 16 79 18 86 20 21 22 46 24 [1;32m54000 0.87672614322905[0m
21 78 3 57 5 6 70 35 9 10 15 68 97 14 61 16 79 18 57 20 63 22 46 24 [1;32m328800 0.87677638957422[0m
21 93 3 57 5 6 70 35 9 10 15 68 97 14 61 16 79 18 57 20 63 22 46 24 [1;32m568800 0.87810739247625[0m
seed 19
21 93 3 57 5 6 70 35 9 10 15 68 97 14 61 16 79 18 57 20 63 22 46 24 
100 99 
best 0.87810739247625
[0m
