1 2 3 4 5 6 7 8 9 10 11 12 13 14 15 16 17 18 19 20 21 22 23 24 [1;32m1200 0.11786532819522[0m
1 2 3 4 5 6 7 8 31 10 11 12 13 61 15 16 17 18 19 20 21 22 89 24 [1;32m3600 0.14866856855591[0m
1 2 3 4 5 6 7 8 31 10 11 12 13 61 15 16 17 18 19 20 21 22 89 24 [1;32m4800 0.23728296375395[0m
1 2 3 4 5 6 7 8 31 10 11 12 95 61 15 16 17 44 19 20 21 22 89 24 [1;32m9600 0.27856710757852[0m
1 2 3 4 5 6 7 8 31 10 11 12 95 61 15 16 17 44 19 20 21 22 89 24 [1;32m10800 0.3187116507326[0m
1 2 3 88 5 6 7 8 31 10 11 12 95 61 15 16 17 44 19 20 21 22 89 24 [1;32m13200 0.31873986216479[0m
1 2 3 88 5 6 7 8 31 10 11 12 95 61 15 59 17 44 19 20 21 98 89 24 [1;32m87600 0.35660671740473[0m
1 2 3 88 5 6 7 8 31 10 11 12 95 61 15 59 17 44 19 20 21 98 89 24 [1;32m90000 0.37088952809012[0m
38 2 3 88 5 6 7 53 31 43 11 12 95 61 15 59 17 44 33 20 21 98 89 24 [1;32m93600 0.47727841511416[0m
38 2 3 47 87 6 7 53 31 82 11 12 95 61 15 59 17 44 33 20 21 98 89 24 [1;32m100800 0.73296989023538[0m
96 2 56 47 87 6 7 92 31 82 11 12 36 61 15 59 22 44 33 20 21 98 89 24 [1;32m445200 0.75672459583796[0m
96 2 56 47 87 6 7 92 31 37 11 12 28 61 15 59 76 44 33 20 21 98 89 74 [1;32m496800 0.75949508902596[0m
96 2 56 47 87 6 7 92 31 37 11 12 28 61 15 59 76 44 33 13 21 98 89 74 [1;32m610800 0.76380202845536[0m
70 55 56 47 87 6 7 92 31 37 11 12 28 61 15 59 76 44 33 13 21 98 89 74 [1;32m730800 0.80119073864264[0m
70 1 56 47 87 6 7 92 31 37 11 12 28 61 15 59 76 44 33 13 21 98 87 27 [1;32m822000 0.82211533004405[0m
seed 40
70 1 56 47 87 6 7 92 31 37 11 12 28 61 15 59 76 44 33 13 21 98 87 27 
100 99 
best 0.82211533004405
[0m
