40 2 3 4 5 39 7 8 9 10 11 12 13 14 15 16 17 47 19 20 21 22 23 24 [1;32m6000 0.00082500644356478[0m
40 2 26 4 5 39 7 8 9 10 11 41 13 14 15 16 17 47 19 20 21 22 23 70 [1;32m8400 0.0033035890015471[0m
40 2 26 4 5 39 7 28 9 10 11 41 34 14 30 16 17 47 19 20 21 22 23 70 [1;32m10800 0.025112275608168[0m
40 2 26 57 5 39 7 28 9 10 11 41 34 14 30 16 17 47 19 20 21 22 23 70 [1;32m18000 0.039326906209278[0m
40 2 26 57 5 39 7 28 9 10 11 41 34 14 80 16 17 47 27 20 9 22 23 69 [1;32m24000 0.12331719333866[0m
40 2 26 6 5 39 7 91 9 10 11 41 34 14 80 16 17 47 27 16 9 22 23 69 [1;32m43200 0.15515793454359[0m
40 21 26 6 5 39 7 91 9 10 11 41 34 19 80 16 38 47 27 16 9 22 100 69 [1;32m100800 0.165959585984[0m
40 21 26 69 5 39 7 91 68 3 11 41 34 53 80 16 63 47 27 16 9 22 100 69 [1;32m110400 0.20489844818778[0m
40 21 47 69 5 39 7 91 68 3 11 41 34 53 80 16 63 47 27 16 9 22 100 85 [1;32m116400 0.38475666338944[0m
40 21 47 69 5 39 7 91 68 3 11 41 34 53 80 16 63 47 27 16 9 15 100 85 [1;32m121200 0.46418389015229[0m
40 21 47 69 5 39 7 91 68 3 11 41 34 53 80 16 63 47 27 16 9 15 100 65 [1;32m325200 0.48414185656576[0m
40 21 47 69 5 39 7 91 68 3 11 41 15 53 67 92 63 91 27 16 9 15 100 65 [1;32m505200 0.53420908131892[0m
40 21 47 69 5 39 7 91 68 3 11 41 15 53 67 92 63 91 27 16 9 15 100 65 [1;32m506400 0.55676210039405[0m
40 21 47 69 5 39 7 91 68 3 11 41 15 53 67 92 63 91 27 16 9 15 100 65 [1;32m507600 0.55850507984844[0m
85 21 47 69 5 39 7 56 68 3 11 41 15 53 67 92 63 91 27 16 9 15 100 65 [1;32m512400 0.5679016383793[0m
85 21 47 69 5 39 65 98 68 3 11 41 15 53 67 92 63 91 27 66 9 15 100 40 [1;32m540000 0.57231223391555[0m
85 21 47 69 5 39 65 98 7 3 66 41 15 79 67 92 63 91 40 66 9 15 2 40 [1;32m595200 0.64459889415064[0m
85 21 47 69 5 39 65 98 7 3 66 41 15 79 67 92 63 91 40 66 9 15 2 40 [1;32m596400 0.83526581812419[0m
85 21 63 69 5 39 65 57 80 3 66 41 15 79 67 92 63 91 40 66 9 15 26 40 [1;32m649200 0.84694025674805[0m
85 21 63 69 5 39 65 5 80 3 66 41 15 79 67 92 63 91 40 66 9 15 26 40 [1;32m702000 0.86011255253972[0m
85 21 63 69 5 39 65 5 80 3 66 41 15 79 67 92 63 91 40 66 9 15 26 40 [1;32m703200 0.86696488093703[0m
85 21 63 69 5 39 65 5 80 3 53 41 29 79 67 92 63 91 40 76 9 15 26 40 [1;32m745200 0.88506634744284[0m
85 21 4 69 5 39 65 5 80 3 53 91 29 79 67 92 63 91 40 76 9 15 26 40 [1;32m1008000 0.89514907860544[0m
seed 15
85 21 4 69 5 39 65 5 80 3 53 91 29 79 67 92 63 91 40 76 9 15 26 40 
100 99 
best 0.89514907860544
[0m
