1 2 3 4 5 6 7 8 9 10 11 12 13 14 15 16 17 18 19 20 21 22 23 24 [1;32m1200 0.001650971390994[0m
1 2 3 4 5 6 7 8 9 10 61 12 13 14 15 16 89 18 19 20 21 22 23 24 [1;32m4800 0.0042340909212337[0m
1 53 3 4 5 6 7 8 9 10 61 12 13 14 15 16 89 18 19 72 21 4 23 24 [1;32m178800 0.0063249214659346[0m
1 53 3 4 5 58 7 8 9 10 61 12 13 14 15 16 89 18 19 72 21 4 23 24 [1;32m243600 0.0094794809416324[0m
1 53 87 4 5 58 7 8 9 10 61 23 13 42 15 92 2 18 19 72 21 4 23 24 [1;32m763200 0.018063640398382[0m
1 53 87 4 5 58 7 8 29 10 61 23 29 56 37 92 2 18 19 72 21 4 23 24 [1;32m775200 0.070526874982978[0m
1 53 87 4 5 58 51 8 29 10 97 34 29 56 37 92 2 18 19 72 21 4 23 94 [1;32m781200 0.42960394582756[0m
9 53 87 4 5 5 51 8 29 18 97 34 29 56 37 92 2 35 19 87 21 48 23 94 [1;32m835200 0.43829170002591[0m
9 53 87 4 5 5 51 8 29 18 97 34 29 56 37 76 2 35 19 87 21 48 23 94 [1;32m868800 0.44367734529741[0m
9 53 87 4 5 60 51 8 9 18 97 34 29 56 37 76 2 35 19 87 21 48 23 94 [1;32m926400 0.66286572802787[0m
9 53 87 4 5 60 51 8 9 18 85 34 29 56 37 76 2 35 19 87 21 48 23 94 [1;32m954000 0.73341908871774[0m
9 53 87 4 2 60 51 8 9 18 85 34 29 56 37 76 2 35 19 7 21 48 23 94 [1;32m979200 0.77795750398992[0m
9 53 87 4 2 60 51 8 2 18 85 34 29 56 37 76 2 35 19 7 21 48 23 94 [1;32m1024800 0.81884768837341[0m
9 53 87 4 2 60 51 8 2 18 85 34 29 56 37 76 2 47 19 7 21 48 23 94 [1;32m1214400 0.85762361732213[0m
seed 49
9 53 87 4 2 60 51 8 2 18 85 34 29 56 37 76 2 47 19 7 21 48 23 94 
100 99 
best 0.85762361732213
[0m
