1 2 3 4 5 6 7 8 9 10 11 12 13 14 15 16 17 18 19 20 21 22 23 24  [1;32 1200 0.00082511167866957 [0 
1 2 3 4 77 6 7 8 9 56 48 12 13 30 15 16 17 18 19 20 21 22 23 24  [1;32 7200 0.055233263286516 [0 
1 2 3 4 77 6 7 8 9 92 48 12 13 30 15 16 17 18 19 20 21 22 23 24  [1;32 295200 0.08756513651131 [0 
1 2 3 4 35 6 7 8 9 92 91 68 94 83 15 16 17 18 19 20 68 22 23 24  [1;32 301200 0.34573125608682 [0 
1 2 3 4 35 6 7 8 9 92 91 68 94 83 15 16 17 18 19 20 86 22 1 24  [1;32 800400 0.40768794899033 [0 
1 2 3 4 35 6 7 8 9 92 91 68 91 83 15 16 17 51 19 18 86 17 1 24  [1;32 829200 0.44061916625948 [0 
1 2 3 63 35 6 7 8 9 92 91 68 91 83 15 16 17 51 19 18 86 17 1 24  [1;32 1220400 0.4411340591488 [0 
seed 71
1 2 3 63 35 6 7 8 9 92 91 68 91 83 15 16 17 51 19 18 86 17 1 24 
100 99 
best 0.4411340591488
 [0 
