1 2 3 4 5 6 7 8 9 10 11 12 13 14 15 16 17 18 19 20 21 22 23 24 [1;32m1200 0.22238768054268[0m
1 2 3 4 5 6 7 8 9 70 36 12 13 14 15 16 17 99 19 20 69 22 23 24 [1;32m85200 0.51999041743598[0m
1 2 3 4 2 6 7 8 60 70 36 79 13 14 15 16 17 99 19 20 69 22 23 24 [1;32m692400 0.56113704136901[0m
1 2 3 4 2 6 7 8 60 70 36 79 13 14 15 16 17 99 19 20 69 22 23 24 [1;32m693600 0.56644787250192[0m
1 2 84 58 2 6 7 8 60 82 36 79 13 14 15 16 17 65 19 20 69 22 23 24 [1;32m792000 0.65112483272211[0m
1 2 84 58 2 6 7 8 60 82 36 79 13 14 15 16 17 65 19 20 69 22 23 24 [1;32m793200 0.66054354782987[0m
1 2 84 58 2 6 7 8 60 82 36 79 13 14 15 16 17 65 19 20 69 22 23 24 [1;32m794400 0.66054478452953[0m
60 2 84 58 2 6 7 8 60 50 87 79 22 98 15 16 17 65 19 20 69 22 2 24 [1;32m1423200 0.68125659611573[0m
seed 86
60 2 84 58 2 6 7 8 60 50 87 79 22 98 15 16 17 65 19 20 69 22 2 24 
100 99 
best 0.68125659611573
[0m
