1 2 3 4 5 6 7 8 9 10 11 12 13 14 15 16 17 18 19 20 21 22 23 24  [1;32 1200 0.0069112558013089 [0 
41 2 57 4 5 6 86 8 9 74 11 12 13 14 15 16 17 18 19 20 21 22 23 24  [1;32 8400 0.062251104372758 [0 
54 2 57 4 5 6 86 8 9 74 11 12 13 14 68 16 17 18 86 20 30 22 90 24  [1;32 24000 0.078646894874038 [0 
54 2 57 4 5 6 86 8 71 74 11 15 13 10 68 16 17 18 86 83 30 22 90 24  [1;32 30000 0.1537410447603 [0 
54 2 57 4 5 6 86 8 71 74 11 15 13 10 68 16 17 18 86 83 83 22 90 24  [1;32 32400 0.26246217901922 [0 
54 2 57 4 5 6 86 8 71 74 85 15 13 10 68 16 17 18 86 83 83 22 90 24  [1;32 49200 0.56605407338517 [0 
54 2 57 4 5 6 86 8 71 74 85 15 13 10 68 16 17 18 86 83 83 22 90 24  [1;32 50400 0.59541825386761 [0 
54 2 57 4 5 6 86 8 71 74 85 15 13 10 36 16 17 18 86 83 83 22 90 24  [1;32 200400 0.69671250387685 [0 
54 2 52 4 5 6 86 74 71 74 85 15 13 10 36 16 17 18 86 83 83 22 48 24  [1;32 374400 0.80919937409427 [0 
54 2 52 4 5 6 86 43 71 74 85 15 13 35 36 16 18 18 17 71 83 22 48 24  [1;32 1060800 0.89708714790562 [0 
seed 78
54 2 52 4 5 6 86 43 71 74 85 15 13 35 36 16 18 18 17 71 83 22 48 24 
100 99 
best 0.89708714790562
 [0 
