1 2 3 48 5 6 7 8 9 19 59 12 13 14 15 16 17 18 19 20 21 22 32 24  [1;32 2400 0.049853071755361 [0 
1 48 3 48 5 6 7 8 9 19 59 12 13 14 15 16 17 18 19 20 21 22 32 24  [1;32 22800 0.076251811783585 [0 
1 48 3 42 5 6 97 8 9 19 59 12 13 14 15 16 77 18 19 20 21 22 32 24  [1;32 30000 0.090271385968958 [0 
1 48 3 42 5 6 97 8 9 19 59 12 13 14 15 16 77 18 19 20 21 22 32 24  [1;32 31200 0.13625318959122 [0 
1 48 3 42 5 6 97 19 9 19 59 12 86 14 47 16 77 18 19 20 21 22 32 24  [1;32 37200 0.14516785384156 [0 
1 48 3 42 5 6 97 19 9 19 59 12 86 14 47 16 77 18 19 20 21 22 32 38  [1;32 45600 0.15468826920726 [0 
1 48 3 42 5 6 97 19 9 19 59 12 86 14 47 16 77 18 19 20 21 22 32 38  [1;32 46800 0.17484796394972 [0 
1 48 3 42 5 6 97 19 22 19 59 78 80 14 75 16 36 18 19 20 21 22 32 38  [1;32 87600 0.28489724508652 [0 
1 48 3 42 5 6 79 100 22 19 59 78 29 14 75 16 36 18 19 20 21 22 32 38  [1;32 121200 0.41928045489855 [0 
1 48 3 42 5 6 79 100 22 19 59 78 29 14 75 16 36 18 19 20 21 22 32 38  [1;32 122400 0.49292074416439 [0 
1 48 3 42 5 44 79 7 42 19 59 78 29 14 75 16 36 18 19 20 21 81 32 38  [1;32 124800 0.49538159341352 [0 
1 48 3 42 5 44 79 7 42 19 59 78 29 14 75 16 36 18 19 20 21 81 32 38  [1;32 126000 0.49543646697386 [0 
45 67 3 42 5 44 28 7 42 19 59 78 29 14 75 16 36 35 19 20 21 52 32 38  [1;32 478800 0.53897308171151 [0 
45 67 76 42 5 44 48 7 62 19 59 78 29 14 75 16 36 93 19 20 64 52 32 38  [1;32 493200 0.65549395666358 [0 
45 67 76 42 5 44 48 7 62 19 59 14 14 14 45 16 36 93 19 20 64 52 32 38  [1;32 502800 0.71951943676133 [0 
45 67 76 42 5 44 48 7 62 17 59 14 14 14 45 16 36 93 19 20 64 52 32 38  [1;32 586800 0.77919392167339 [0 
45 67 76 42 5 44 48 7 62 17 59 14 14 14 45 16 36 93 19 20 64 52 32 38  [1;32 588000 0.87708282440862 [0 
45 67 56 42 5 44 48 7 62 17 59 14 14 14 45 16 36 93 19 20 11 52 32 38  [1;32 865200 0.89319961066578 [0 
seed 58
45 67 56 42 5 44 48 7 62 17 59 14 14 14 45 16 36 93 19 20 11 52 32 38 
100 99 
best 0.89319961066578
 [0 
