1 2 3 4 5 6 7 8 9 10 11 12 13 14 15 16 17 18 19 20 21 22 23 24  [1;32 1200 0.00082539931038637 [0 
1 2 3 4 5 48 7 84 9 10 11 12 69 34 15 16 17 31 19 20 21 22 23 24  [1;32 7200 0.0052827800942511 [0 
1 2 3 94 5 48 7 84 9 10 11 79 69 3 15 50 17 31 19 20 21 22 23 24  [1;32 20400 0.05976687589899 [0 
1 2 3 94 5 48 7 84 9 10 11 79 69 3 15 50 17 31 19 20 21 22 23 24  [1;32 21600 0.34717619565602 [0 
1 2 3 94 5 48 7 84 9 10 11 79 69 3 15 50 17 31 19 20 21 22 23 24  [1;32 22800 0.39883503337001 [0 
1 2 3 94 5 48 7 84 9 10 11 79 69 3 15 50 17 31 19 20 21 22 23 24  [1;32 24000 0.40176161984571 [0 
1 2 3 94 5 48 7 84 9 10 11 79 69 3 15 50 17 31 19 20 21 22 23 82  [1;32 27600 0.49703308392081 [0 
1 2 3 94 5 48 7 84 9 10 70 79 69 3 15 50 17 31 19 20 21 22 23 82  [1;32 146400 0.53375478390997 [0 
1 2 3 94 5 48 7 84 9 10 70 79 69 3 15 50 17 31 19 20 21 22 23 82  [1;32 147600 0.55930572902862 [0 
1 2 3 94 5 48 7 84 9 48 70 79 69 3 15 50 15 31 19 82 21 22 23 82  [1;32 156000 0.56219627715081 [0 
53 2 3 67 5 48 7 84 9 2 70 79 69 3 15 50 15 31 19 82 21 22 23 1  [1;32 170400 0.60357489308349 [0 
53 2 3 67 5 48 7 84 9 2 70 79 69 3 15 50 15 31 19 82 21 22 23 1  [1;32 171600 0.62744644039384 [0 
53 2 3 67 5 48 7 84 9 2 70 79 69 3 15 50 15 31 19 82 21 22 23 1  [1;32 172800 0.62818071930233 [0 
53 2 3 67 5 48 7 84 9 2 70 79 65 3 15 50 58 31 19 82 21 22 23 1  [1;32 200400 0.83012832259382 [0 
53 40 3 67 5 12 7 84 9 43 70 79 65 3 15 50 58 21 74 82 21 22 23 76  [1;32 631200 0.84897310994734 [0 
seed 87
53 40 3 67 5 12 7 84 9 43 70 79 65 3 15 50 58 21 74 82 21 22 23 76 
100 99 
best 0.84897310994734
 [0 
