1 2 45 4 5 6 7 62 9 10 45 12 13 14 15 16 17 5 19 53 21 22 23 24  [1;32 189600 0.018009300352918 [0 
1 2 55 4 5 5 7 62 9 10 45 12 13 14 15 16 17 24 19 53 21 22 23 24  [1;32 193200 0.018464082037313 [0 
1 2 55 4 86 5 7 62 9 10 45 12 13 14 15 16 17 24 19 53 21 22 23 24  [1;32 237600 0.018503335093576 [0 
1 2 41 4 86 5 7 62 9 10 45 12 13 14 15 16 17 24 19 53 21 22 23 24  [1;32 543600 0.019020114446967 [0 
1 2 41 4 31 64 7 62 9 10 45 35 13 14 100 16 17 24 19 53 21 22 23 67  [1;32 663600 0.035377196343845 [0 
seed 42
1 2 41 4 31 64 7 62 9 10 45 35 13 14 100 16 17 24 19 53 21 22 23 67 
100 99 
best 0.035377196343845
 [0 
