1 2 3 4 5 6 7 8 9 10 11 12 13 14 15 16 17 18 19 20 21 22 23 24 [1;32m1200 0.011559623007001[0m
58 2 3 52 5 6 7 8 9 10 63 12 13 14 15 16 17 18 19 20 21 53 23 24 [1;32m7200 0.25834740360395[0m
58 25 3 52 5 6 7 8 9 10 63 12 73 14 15 73 17 18 19 20 21 53 23 24 [1;32m15600 0.46930828349416[0m
58 25 3 52 5 6 7 8 9 10 63 12 73 14 15 73 17 18 19 20 21 53 23 24 [1;32m16800 0.55956146891331[0m
50 25 3 52 5 6 7 8 9 10 15 12 73 14 15 73 17 18 19 20 21 53 77 24 [1;32m21600 0.59765743874866[0m
50 25 3 52 5 6 7 8 9 10 15 12 73 14 15 73 17 18 19 20 21 53 77 24 [1;32m22800 0.61122606505334[0m
50 25 3 52 5 6 7 8 9 10 15 12 73 14 15 73 17 18 19 20 21 53 77 24 [1;32m24000 0.6395453120516[0m
50 25 3 52 5 6 7 8 9 10 15 12 73 14 15 73 17 18 19 20 21 53 77 24 [1;32m25200 0.66682294811669[0m
50 25 3 52 5 18 7 8 9 10 15 12 73 38 15 62 17 43 19 20 21 53 77 24 [1;32m40800 0.72773344414934[0m
50 25 3 52 20 18 7 8 52 10 15 12 73 38 15 62 17 43 19 20 21 53 77 24 [1;32m60000 0.79398191169169[0m
50 25 71 52 20 18 7 8 52 10 15 12 73 38 15 62 17 43 19 20 21 53 77 24 [1;32m63600 0.88032926507868[0m
50 25 71 52 20 18 7 8 52 10 15 14 73 38 15 62 17 43 19 20 21 53 77 24 [1;32m400800 0.88223115441418[0m
23 25 71 52 20 18 7 8 52 10 15 14 73 38 25 62 17 43 19 20 21 53 77 24 [1;32m501600 0.88247152970843[0m
8 25 71 84 20 18 7 8 52 10 11 14 73 38 25 62 17 43 19 20 21 53 77 24 [1;32m505200 0.8917570583021[0m
8 25 71 84 20 18 7 8 52 10 11 14 73 38 25 62 17 43 19 25 21 53 77 24 [1;32m657600 0.89292068728587[0m
8 25 4 84 20 18 7 8 52 10 11 14 73 38 25 62 17 43 19 67 21 53 80 24 [1;32m1340400 0.8942519178675[0m
seed 73
8 25 4 84 20 18 7 8 52 10 11 14 73 38 25 62 17 43 19 67 21 53 80 24 
100 99 
best 0.8942519178675
[0m
