1 2 3 4 5 6 7 8 9 10 11 12 13 14 15 16 17 18 19 20 21 22 23 24 [1;32m1200 0.0016505109890559[0m
1 2 3 4 5 6 7 8 9 10 11 12 13 75 15 16 17 52 19 20 80 36 23 24 [1;32m30000 0.29980652929099[0m
25 2 3 4 5 6 7 8 9 10 11 12 13 75 14 16 17 52 19 20 80 36 23 24 [1;32m38400 0.32831409606085[0m
25 2 3 4 5 6 7 8 9 10 11 12 13 75 14 16 17 52 19 20 80 36 23 24 [1;32m39600 0.33486116626214[0m
25 2 3 4 5 6 7 8 9 10 11 12 13 75 14 16 17 52 19 20 80 36 23 24 [1;32m40800 0.3495670365251[0m
25 2 3 4 5 6 7 8 9 10 11 12 13 75 14 16 17 52 19 20 80 36 23 24 [1;32m42000 0.36511807860417[0m
25 2 3 4 5 6 7 8 9 10 11 12 13 75 14 16 17 52 19 20 80 36 39 24 [1;32m45600 0.36908955904276[0m
25 2 3 4 5 6 7 8 9 10 11 12 13 75 14 16 17 52 19 20 80 36 39 24 [1;32m46800 0.37155890950432[0m
25 2 3 80 79 6 7 8 89 10 11 24 13 75 14 16 17 52 19 10 32 36 39 24 [1;32m51600 0.49456319941061[0m
25 2 3 80 15 6 7 8 89 10 11 24 13 75 14 16 17 52 19 10 32 36 52 24 [1;32m55200 0.49901789840657[0m
25 16 3 80 15 6 7 8 89 10 11 24 13 32 12 16 17 52 37 10 53 36 52 24 [1;32m194400 0.60822693590212[0m
25 16 3 80 15 6 7 8 89 10 11 24 13 32 12 16 17 52 37 10 53 36 52 24 [1;32m195600 0.8154816338709[0m
25 16 3 80 15 6 7 8 89 60 11 24 13 32 12 16 17 52 37 10 53 36 52 24 [1;32m200400 0.87657852743098[0m
25 16 3 80 15 6 7 8 89 60 11 24 13 32 12 16 41 52 37 10 53 36 52 37 [1;32m751200 0.87969324714403[0m
seed 30
25 16 3 80 15 6 7 8 89 60 11 24 13 32 12 16 41 52 37 10 53 36 52 37 
100 99 
best 0.87969324714403
[0m
