1 2 3 61 5 6 61 8 9 18 11 12 13 14 15 16 17 18 19 63 21 22 23 9  [1;32 3600 0.0031460330916507 [0 
1 2 3 61 5 4 100 8 9 18 11 12 13 14 28 16 17 18 19 63 21 22 23 9  [1;32 45600 0.12287996173853 [0 
1 50 3 61 5 4 100 8 9 18 11 12 6 14 28 16 17 18 72 63 21 8 23 9  [1;32 61200 0.17342919300893 [0 
1 50 3 61 5 4 100 8 9 18 11 12 6 14 28 16 17 18 72 63 21 68 23 31  [1;32 266400 0.24886369221177 [0 
1 63 90 7 5 4 100 8 9 18 11 12 6 14 28 16 17 18 72 63 21 68 23 31  [1;32 471600 0.33900942312315 [0 
1 63 90 7 5 4 100 8 9 18 11 12 6 14 28 16 17 1 72 63 21 68 23 31  [1;32 508800 0.75133381357333 [0 
1 63 90 7 5 26 100 8 9 18 11 12 6 14 99 17 17 1 72 63 21 68 23 31  [1;32 541200 0.86577182755553 [0 
1 63 90 7 5 26 100 8 9 57 11 12 6 14 99 17 13 1 72 21 21 68 23 31  [1;32 544800 0.86605632729351 [0 
1 63 90 7 5 26 100 28 9 57 11 12 6 14 99 17 13 1 72 21 21 68 23 31  [1;32 750000 0.86963009508928 [0 
seed 52
1 63 90 7 5 26 100 28 9 57 11 12 6 14 99 17 13 1 72 21 21 68 23 31 
100 99 
best 0.86963009508928
 [0 
