1 2 3 4 5 6 7 8 9 10 84 12 13 14 15 43 17 18 19 20 21 22 23 24  [1;32 8400 0.033022944554156 [0 
1 2 88 4 5 6 7 8 9 10 84 12 13 14 15 43 17 18 19 67 21 22 23 24  [1;32 18000 0.035269505660646 [0 
1 2 88 4 5 6 7 8 9 10 84 12 13 14 15 43 17 18 19 67 21 22 23 24  [1;32 19200 0.048492640907406 [0 
1 2 88 4 5 6 7 8 9 10 84 12 13 14 15 43 17 18 19 67 21 22 23 24  [1;32 20400 0.063611791227642 [0 
1 2 88 4 5 6 7 8 9 40 84 12 13 14 15 43 17 18 19 67 21 22 23 24  [1;32 48000 0.14908869657234 [0 
1 2 88 4 5 10 7 8 9 40 84 51 87 14 15 43 17 84 19 54 21 22 23 24  [1;32 165600 0.2667238582825 [0 
1 2 88 4 5 10 7 8 9 40 84 51 87 98 15 43 17 79 12 54 21 22 23 24  [1;32 192000 0.29543520078044 [0 
1 2 88 4 50 4 7 8 9 40 84 51 87 98 15 43 17 79 12 54 21 22 23 24  [1;32 206400 0.31685711384518 [0 
1 2 88 4 50 4 7 79 9 40 84 51 87 98 15 43 17 79 12 54 21 22 23 24  [1;32 216000 0.45116948472491 [0 
1 31 88 4 5 4 7 79 9 8 84 51 87 98 15 43 17 61 12 54 21 22 23 24  [1;32 235200 0.56665867364136 [0 
1 31 88 4 5 4 7 79 9 8 84 51 87 98 15 43 17 61 12 54 21 22 19 24  [1;32 246000 0.73670928208552 [0 
1 31 88 4 5 4 7 26 9 8 84 51 63 98 15 43 5 61 12 54 21 22 19 24  [1;32 632400 0.75846095857459 [0 
1 31 88 4 5 4 7 26 9 8 84 51 63 98 15 43 5 61 39 54 21 22 19 24  [1;32 862800 0.87797019588335 [0 
seed 39
1 31 88 4 5 4 7 26 9 8 84 51 63 98 15 43 5 61 39 54 21 22 19 24 
100 99 
best 0.87797019588335
 [0 
