82 2 3 4 5 6 7 31 9 10 11 41 13 14 30 16 17 43 19 20 9 22 23 24  [1;32 4800 0.014894111114614 [0 
82 2 3 4 5 6 7 31 9 10 11 41 48 14 30 16 17 43 19 20 32 22 23 24  [1;32 8400 0.29436135956469 [0 
82 2 3 4 5 6 7 31 9 10 11 41 48 14 80 16 17 47 19 20 32 22 23 24  [1;32 14400 0.49455450477846 [0 
82 2 3 4 5 6 7 31 9 10 11 41 48 14 80 16 17 47 19 20 32 22 23 24  [1;32 15600 0.49537513186134 [0 
82 2 3 4 5 6 7 31 9 10 11 41 48 14 80 16 17 47 19 20 32 22 23 24  [1;32 16800 0.49537609571364 [0 
82 2 3 4 5 6 7 31 9 10 11 41 48 14 80 16 17 47 19 32 32 22 23 24  [1;32 19200 0.49538613909506 [0 
82 2 3 4 5 6 7 31 9 10 11 41 48 14 80 16 17 47 19 32 32 22 23 24  [1;32 20400 0.49539535245211 [0 
82 2 3 4 5 6 7 31 9 10 11 41 48 14 80 16 17 47 19 32 32 22 23 24  [1;32 21600 0.49541467774268 [0 
82 2 3 4 5 6 7 31 9 10 11 46 48 14 4 16 17 47 36 32 17 34 23 24  [1;32 36000 0.84792775449676 [0 
82 2 3 4 5 6 7 31 9 10 11 46 48 14 50 16 17 47 36 32 17 34 23 24  [1;32 39600 0.87722555717022 [0 
82 2 3 71 5 6 7 31 9 10 80 46 48 14 50 16 17 47 36 32 12 34 23 24  [1;32 354000 0.89380262777587 [0 
82 2 3 71 5 6 7 31 9 10 80 46 48 14 50 16 17 47 36 32 12 44 23 24  [1;32 374400 0.89600143292491 [0 
42 2 3 71 5 6 7 31 9 10 80 46 48 14 50 16 17 47 36 32 12 44 23 24  [1;32 481200 0.8992001143815 [0 
42 2 3 71 5 6 7 31 9 16 80 46 48 14 50 16 17 47 36 32 12 44 23 24  [1;32 500400 0.90419120325122 [0 
42 2 3 71 5 6 7 31 9 94 14 81 43 14 50 16 17 47 36 32 12 44 37 24  [1;32 598800 0.90523330947585 [0 
42 2 3 71 61 6 43 31 9 94 14 81 43 14 50 16 17 47 36 32 12 44 37 57  [1;32 608400 0.90554936932929 [0 
42 2 3 71 61 6 43 31 9 94 14 81 43 14 50 16 17 67 86 32 12 44 37 57  [1;32 702000 0.90576538696839 [0 
42 2 3 71 51 6 43 90 9 94 14 81 43 14 50 16 42 67 87 32 12 44 37 49  [1;32 832800 0.90608032117172 [0 
42 2 3 71 51 6 43 90 9 94 14 81 43 14 50 16 70 67 87 32 12 44 37 49  [1;32 1351200 0.90638248695434 [0 
seed 74
42 2 3 71 51 6 43 90 9 94 14 81 43 14 50 16 70 67 87 32 12 44 37 49 
100 99 
best 0.90638248695434
 [0 
