1 2 3 4 5 6 7 8 9 10 11 12 13 14 15 16 17 18 19 20 21 22 23 24 [1;32m1200 0.21614088566051[0m
15 2 81 4 5 6 7 8 9 10 11 12 13 14 15 16 14 18 19 20 21 60 23 24 [1;32m98400 0.44142587166204[0m
15 2 81 9 5 6 7 8 9 10 11 12 13 14 15 16 14 18 19 20 21 60 23 24 [1;32m102000 0.45352410303643[0m
15 2 81 9 5 6 7 8 9 10 11 12 13 14 15 16 14 18 19 20 21 64 23 24 [1;32m109200 0.45361071650678[0m
15 2 81 9 17 6 7 8 50 10 11 12 12 14 15 47 14 18 19 20 21 64 23 24 [1;32m116400 0.692925529866[0m
15 2 81 9 17 6 7 8 50 10 11 12 12 14 15 47 14 18 19 20 21 64 23 24 [1;32m117600 0.70195829679978[0m
15 2 81 9 17 6 7 8 50 10 11 12 12 14 15 47 14 18 19 20 21 64 23 24 [1;32m118800 0.73725085502191[0m
15 2 81 9 17 6 7 8 50 10 11 12 11 14 15 47 14 18 19 58 21 64 23 24 [1;32m121200 0.77643084601234[0m
15 2 81 9 17 6 7 8 50 10 11 12 11 14 15 47 14 18 19 58 21 64 23 24 [1;32m122400 0.86648389351635[0m
15 2 81 9 17 6 7 8 50 10 11 12 11 14 15 47 14 18 19 58 21 64 23 24 [1;32m123600 0.87361465802168[0m
83 2 81 9 17 6 7 8 50 10 11 12 11 14 15 47 14 18 19 58 21 64 23 24 [1;32m129600 0.90906696315883[0m
83 2 81 35 17 6 7 36 50 10 11 12 11 56 15 52 14 18 19 58 21 86 67 24 [1;32m136800 0.91136353705111[0m
seed 99
83 2 81 35 17 6 7 36 50 10 11 12 11 56 15 52 14 18 19 58 21 86 67 24 
100 99 
best 0.91136353705111
[0m
