35 2 62 4 5 6 7 8 9 10 11 12 13 14 15 16 17 18 19 20 21 48 60 24  [1;32 130800 0.0008919352712145 [0 
35 2 62 4 5 36 7 8 9 10 11 12 13 14 15 16 90 18 19 20 21 48 38 24  [1;32 228000 0.0015443546377869 [0 
35 2 62 4 92 36 7 8 9 72 11 12 20 14 89 16 90 18 19 20 21 48 38 24  [1;32 296400 0.010806665400425 [0 
35 2 62 4 92 36 7 8 22 72 11 12 20 14 89 16 90 18 19 20 84 48 38 24  [1;32 344400 0.010884555228455 [0 
35 2 62 4 92 36 7 8 22 72 11 12 20 14 89 79 73 18 19 20 87 48 38 24  [1;32 351600 0.012369655057152 [0 
35 2 62 4 92 6 75 8 22 72 11 12 20 33 89 79 73 18 19 20 87 41 54 24  [1;32 372000 0.021139777810281 [0 
35 2 62 4 92 6 75 8 22 34 11 12 20 33 89 79 73 18 19 20 87 41 54 24  [1;32 376800 0.026246598933233 [0 
35 93 62 4 92 6 75 8 22 34 11 29 20 33 89 73 73 88 19 20 38 41 54 24  [1;32 400800 0.02695655132164 [0 
35 93 62 4 92 6 75 8 74 34 11 29 20 19 89 73 73 88 19 20 100 61 54 24  [1;32 412800 0.035656987442865 [0 
35 93 62 72 92 6 75 95 17 34 11 29 20 19 89 55 73 88 19 20 100 61 54 24  [1;32 510000 0.039234619326461 [0 
seed 33
35 93 62 72 92 6 75 95 17 34 11 29 20 19 89 55 73 88 19 20 100 61 54 24 
100 99 
best 0.039234619326461
 [0 
