1 2 3 4 5 6 7 8 9 10 11 12 13 14 15 16 17 18 19 20 21 22 23 24  [1;32 1200 0.0020664587552512 [0 
1 2 3 42 5 56 7 8 9 10 90 12 13 14 15 16 17 18 19 20 21 22 23 24  [1;32 7200 0.11370376781395 [0 
1 2 3 42 5 56 7 8 9 18 90 12 13 14 15 31 17 48 19 20 21 27 23 24  [1;32 10800 0.21155542617911 [0 
1 2 3 42 5 56 7 8 9 18 90 12 13 14 15 31 17 48 19 20 6 7 23 24  [1;32 18000 0.24937265273447 [0 
1 2 3 42 5 56 7 8 9 18 90 12 13 14 15 31 17 48 19 20 6 7 23 24  [1;32 19200 0.33026684352428 [0 
1 2 3 42 91 56 7 8 9 18 90 12 13 14 15 31 17 48 19 20 6 7 23 24  [1;32 37200 0.33029518258846 [0 
1 2 3 42 33 56 7 8 9 18 90 12 13 14 15 31 17 48 19 20 6 7 5 24  [1;32 39600 0.33031056323677 [0 
1 2 3 16 33 56 60 8 9 18 90 12 13 14 15 31 17 48 19 20 6 7 5 24  [1;32 76800 0.36954135850989 [0 
1 2 3 16 33 56 60 8 9 18 90 12 13 14 15 31 17 48 19 20 6 7 5 24  [1;32 78000 0.48450963087498 [0 
1 2 3 16 33 56 60 8 9 18 90 12 13 14 15 31 17 48 19 20 6 7 5 24  [1;32 79200 0.48699412914382 [0 
1 2 3 16 33 56 60 8 9 18 90 12 13 14 15 31 17 4 19 59 6 7 49 24  [1;32 122400 0.622702476789 [0 
60 2 3 16 87 56 60 8 33 18 90 12 70 32 15 31 17 4 19 59 6 7 49 24  [1;32 126000 0.65143400442949 [0 
60 2 3 16 87 56 60 8 33 18 90 12 9 32 15 31 17 4 19 59 6 7 49 24  [1;32 138000 0.67008734508139 [0 
60 2 3 16 87 56 60 8 33 18 90 12 9 32 15 31 17 4 19 59 6 7 49 24  [1;32 139200 0.75337670980188 [0 
60 2 3 16 87 92 60 8 81 18 90 12 9 32 15 82 17 4 19 8 6 6 49 24  [1;32 154800 0.77711044215455 [0 
60 2 3 81 87 92 60 8 81 18 90 12 9 32 15 82 97 4 19 8 6 6 49 24  [1;32 175200 0.7982555225362 [0 
60 2 3 12 87 92 60 8 81 18 90 12 9 32 15 82 97 4 19 8 6 6 49 24  [1;32 213600 0.82050249771739 [0 
60 2 3 12 87 92 60 8 81 18 90 33 17 63 15 82 97 4 19 8 6 6 49 38  [1;32 302400 0.84779737632399 [0 
seed 29
60 2 3 12 87 92 60 8 81 18 90 33 17 63 15 82 97 4 19 8 6 6 49 38 
100 99 
best 0.84779737632399
 [0 
