1 2 3 4 5 6 7 8 9 10 11 12 13 14 15 16 17 18 19 20 21 22 23 24 [1;32m1200 0.001994386323123[0m
1 2 3 4 5 6 7 8 94 10 11 12 13 14 15 16 17 18 19 20 21 22 23 24 [1;32m13200 0.0026822457574377[0m
42 2 3 4 5 76 7 8 94 10 11 36 13 14 99 16 98 18 19 20 21 22 23 31 [1;32m48000 0.0056412669010412[0m
42 2 3 4 5 76 70 76 94 10 11 36 13 14 99 91 23 18 77 20 21 22 72 31 [1;32m88800 0.0056967585455825[0m
42 11 25 4 5 50 70 76 94 10 11 36 13 14 99 91 23 18 77 20 21 22 72 31 [1;32m117600 0.07638736582494[0m
42 59 25 4 5 50 86 76 94 10 11 36 13 14 99 91 23 13 77 20 21 22 98 31 [1;32m174000 0.35043423662648[0m
8 59 25 4 5 50 86 76 94 10 11 69 13 14 99 91 23 13 77 5 21 22 100 31 [1;32m178800 0.36245174573579[0m
8 59 46 47 36 50 72 76 94 10 11 73 75 14 99 91 23 13 77 5 21 22 100 31 [1;32m883200 0.48759357590726[0m
8 59 46 47 36 50 72 76 94 10 11 73 75 14 99 91 23 13 77 5 21 22 100 31 [1;32m884400 0.84454271582774[0m
8 59 46 47 36 50 72 76 94 60 11 73 85 14 99 7 29 13 64 5 21 22 100 31 [1;32m891600 0.86159412329617[0m
8 7 46 47 36 50 72 76 94 60 11 73 73 50 99 7 29 13 64 5 21 22 100 31 [1;32m1064400 0.86193484345537[0m
8 7 46 47 36 50 40 76 94 60 11 73 34 50 99 39 29 13 64 31 21 22 25 31 [1;32m1077600 0.86399092351607[0m
8 7 46 47 36 50 40 76 94 60 58 73 34 50 99 39 29 92 64 31 21 22 25 41 [1;32m1165200 0.86540193718819[0m
8 7 46 46 36 50 40 76 79 60 58 73 34 50 99 39 29 92 69 31 21 22 25 41 [1;32m1173600 0.88955502519219[0m
8 7 46 46 36 29 40 76 79 60 58 73 34 50 99 39 29 92 69 31 21 96 25 86 [1;32m1176000 0.90009084948377[0m
seed 68
8 7 46 46 36 29 40 76 79 60 58 73 34 50 99 39 29 92 69 31 21 96 25 86 
100 99 
best 0.90009084948377
[0m
