1 2 3 4 5 6 7 8 9 10 11 12 13 14 15 16 17 18 19 20 21 22 23 24 [1;32m1200 0.008661977405141[0m
1 2 3 4 5 6 7 8 9 10 11 98 21 14 15 90 17 68 19 20 21 22 23 24 [1;32m64800 0.0099805944196996[0m
1 2 3 4 5 6 7 8 9 10 11 83 21 14 15 90 17 68 19 68 21 22 23 24 [1;32m69600 0.013942398786519[0m
1 2 33 4 5 6 7 8 9 10 11 83 21 14 15 90 17 68 19 68 21 22 23 24 [1;32m124800 0.34277747339037[0m
1 2 71 4 5 6 7 8 9 80 11 83 21 73 15 59 30 68 19 68 21 22 23 24 [1;32m871200 0.43274853719942[0m
seed 38
1 2 71 4 5 6 7 8 9 80 11 83 21 73 15 59 30 68 19 68 21 22 23 24 
100 99 
best 0.43274853719942
[0m
