1 5 3 27 47 6 7 8 9 10 11 12 13 14 15 16 17 18 19 42 21 22 23 75  [1;32 56400 0.0014768912830356 [0 
43 5 3 27 47 6 7 8 9 10 11 90 13 14 15 16 17 18 19 42 21 22 23 75  [1;32 85200 0.10918204774419 [0 
43 5 3 27 47 6 17 8 28 49 11 90 13 14 15 16 17 18 19 42 21 22 23 16  [1;32 106800 0.22126438078303 [0 
43 5 3 27 47 6 17 8 28 49 11 90 13 14 15 16 17 18 19 42 21 22 23 16  [1;32 108000 0.2418246757126 [0 
43 5 3 27 47 6 25 8 28 81 11 90 13 14 15 16 17 18 19 42 21 95 23 16  [1;32 118800 0.24772700217984 [0 
43 5 3 27 47 6 25 8 28 81 11 90 13 14 15 16 17 18 19 42 21 95 23 16  [1;32 120000 0.24867133785546 [0 
43 5 78 27 55 6 25 72 28 81 11 90 13 14 15 26 17 18 19 42 21 76 23 89  [1;32 124800 0.36799462787844 [0 
43 5 40 27 25 6 25 72 28 95 11 90 13 55 15 26 17 18 19 42 80 76 23 89  [1;32 136800 0.49175337316762 [0 
43 5 40 27 25 6 25 72 28 95 11 90 13 55 15 26 17 18 19 42 80 76 23 89  [1;32 138000 0.77268611945871 [0 
43 5 40 27 25 6 25 90 28 95 11 90 13 55 15 26 17 18 19 42 80 76 23 89  [1;32 361200 0.78540703208189 [0 
43 5 40 27 25 6 25 90 28 95 11 90 13 55 78 26 17 18 19 42 80 76 23 89  [1;32 378000 0.800368838776 [0 
43 5 40 27 25 6 25 90 28 64 11 90 13 55 78 26 17 93 19 42 80 76 23 67  [1;32 446400 0.83470314941183 [0 
43 5 46 58 25 6 25 13 28 64 11 90 13 55 78 26 17 93 19 42 80 76 23 67  [1;32 476400 0.83885465495384 [0 
43 5 46 58 25 6 25 13 28 64 11 90 13 55 78 26 18 93 19 42 80 76 23 67  [1;32 1236000 0.84559846306531 [0 
43 5 46 26 25 6 25 13 28 64 11 71 13 55 78 26 18 93 75 42 81 76 23 67  [1;32 1365600 0.84995949379703 [0 
seed 96
43 5 46 26 25 6 25 13 28 64 11 71 13 55 78 26 18 93 75 42 81 76 23 67 
100 99 
best 0.84995949379703
 [0 
