1 2 3 4 62 6 22 76 9 10 11 12 13 14 15 62 17 18 19 20 92 22 23 24 [1;32m3600 0.02815046308726[0m
1 2 3 4 62 6 22 76 9 10 11 12 13 14 15 62 17 18 19 20 92 22 23 24 [1;32m4800 0.03625348403205[0m
1 2 3 4 62 6 22 76 9 10 11 12 13 14 15 62 17 18 19 20 92 22 23 24 [1;32m6000 0.069066889881214[0m
1 2 69 4 80 6 22 15 9 10 11 12 13 74 15 26 17 18 19 20 92 88 23 24 [1;32m21600 0.078397276676566[0m
74 2 69 4 80 6 22 15 9 99 11 12 13 74 15 82 17 71 19 46 92 88 47 24 [1;32m28800 0.24080872903919[0m
74 2 69 4 80 49 22 15 9 24 11 12 87 74 15 82 17 71 48 46 92 1 47 24 [1;32m100800 0.25747013798068[0m
74 2 69 4 80 49 22 15 9 24 11 12 87 74 15 82 17 71 48 46 92 1 47 24 [1;32m102000 0.26268352788794[0m
74 2 69 4 80 49 22 15 9 24 11 12 87 74 15 81 17 71 48 46 25 87 47 24 [1;32m108000 0.33977470388577[0m
74 2 69 4 80 49 22 15 9 24 11 12 87 74 15 81 17 71 48 84 25 86 47 24 [1;32m118800 0.35114793151078[0m
74 30 69 4 80 6 22 15 9 24 11 12 87 74 15 81 64 71 48 43 25 86 47 24 [1;32m132000 0.37499093527842[0m
74 30 69 79 80 6 22 15 9 24 96 12 87 74 34 81 64 71 48 43 25 86 47 70 [1;32m142800 0.38985223062175[0m
74 30 69 79 80 6 22 15 20 66 96 12 80 74 34 81 64 71 48 43 25 86 47 70 [1;32m177600 0.43090145557283[0m
74 64 69 79 80 6 22 15 20 66 96 12 80 74 34 81 64 71 48 43 25 86 47 70 [1;32m388800 0.46328231144492[0m
74 64 69 79 80 6 22 15 20 66 96 12 80 74 34 81 64 71 48 43 25 86 47 70 [1;32m390000 0.46598978978037[0m
74 64 69 79 80 6 22 15 20 66 77 12 80 74 34 68 64 71 48 43 25 86 47 70 [1;32m520800 0.5157406370627[0m
74 64 69 24 80 6 22 15 20 66 77 12 55 74 34 68 64 71 48 43 25 86 47 70 [1;32m804000 0.53723797458081[0m
74 64 69 24 80 6 22 15 20 53 99 12 55 74 34 68 64 71 48 43 25 86 47 70 [1;32m820800 0.58770687129725[0m
74 64 69 24 80 6 22 15 20 53 99 12 55 74 34 68 64 71 48 43 25 86 47 70 [1;32m822000 0.58984836651122[0m
74 64 69 24 80 6 34 15 20 53 99 12 55 74 34 68 64 71 48 43 25 86 47 70 [1;32m981600 0.59445452085817[0m
74 64 69 24 80 6 34 64 20 53 99 12 55 98 34 44 64 71 48 43 25 86 47 70 [1;32m994800 0.59528339191882[0m
74 64 69 24 39 6 34 64 20 83 51 12 37 98 34 44 64 71 48 43 25 86 62 70 [1;32m1113600 0.74879812204129[0m
74 64 69 24 39 6 34 64 20 83 51 12 37 98 34 44 64 71 48 43 25 86 42 70 [1;32m1161600 0.75083071226107[0m
74 64 69 24 39 6 34 64 20 83 51 12 37 62 34 44 64 71 48 43 25 86 42 70 [1;32m1255200 0.76228849252134[0m
74 64 69 24 39 6 34 64 20 83 51 12 37 62 34 44 64 71 48 43 25 86 42 70 [1;32m1256400 0.76981734755203[0m
74 64 69 24 39 6 34 64 20 83 51 12 37 62 34 44 64 71 48 43 25 86 42 70 [1;32m1257600 0.84046236243132[0m
seed 71
74 64 69 24 39 6 34 64 20 83 51 12 37 62 34 44 64 71 48 43 25 86 42 70 
100 99 
best 0.84046236243132
[0m
