1 57 3 4 5 6 7 8 9 10 11 12 13 14 15 51 17 18 19 20 21 26 54 24 [1;32m27600 0.25047955545077[0m
1 57 3 4 5 6 7 41 43 10 11 12 13 14 15 51 17 18 19 20 36 26 54 24 [1;32m187200 0.43467144503685[0m
1 57 3 4 5 6 7 41 43 10 11 33 13 14 15 54 17 18 19 20 36 26 54 24 [1;32m586800 0.77855420650331[0m
1 57 3 4 5 6 7 41 43 10 11 33 13 14 15 54 17 18 19 20 36 26 54 24 [1;32m588000 0.83474991138055[0m
1 57 3 4 5 6 7 41 43 12 11 33 13 14 94 54 66 18 19 20 36 26 72 24 [1;32m590400 0.86594439481715[0m
1 57 3 4 5 6 7 41 43 58 11 33 13 63 94 54 66 18 19 20 36 26 72 24 [1;32m624000 0.86726373482077[0m
seed 93
1 57 3 4 5 6 7 41 43 58 11 33 13 63 94 54 66 18 19 20 36 26 72 24 
100 99 
best 0.86726373482077
[0m
