1 2 3 4 5 6 7 8 9 10 11 12 13 14 15 16 17 18 19 20 21 22 23 24  [1;32 1200 0.004978926779155 [0 
1 2 3 4 5 6 7 8 9 10 76 41 13 67 59 16 17 18 19 20 25 22 23 24  [1;32 4800 0.0067353050829662 [0 
1 2 68 4 5 6 7 8 9 10 76 41 13 27 59 16 17 18 19 20 25 22 23 24  [1;32 9600 0.0069347464101499 [0 
1 2 68 44 5 6 7 8 9 10 76 41 13 27 59 16 17 18 19 20 25 22 23 24  [1;32 18000 0.0070428831637127 [0 
1 2 68 44 5 6 7 8 9 10 76 41 13 27 59 16 17 41 19 20 25 22 23 24  [1;32 34800 0.007071674974429 [0 
1 2 68 44 5 19 7 8 9 60 76 41 13 27 59 16 17 41 19 38 25 22 23 24  [1;32 64800 0.0071487809236851 [0 
1 2 68 44 5 19 7 8 9 60 76 41 13 27 59 16 17 41 19 38 25 22 23 48  [1;32 105600 0.0096068098004439 [0 
1 7 68 44 5 19 7 8 9 60 76 41 13 27 59 16 17 41 19 38 25 22 23 48  [1;32 117600 0.036542601950841 [0 
1 7 68 44 5 19 7 8 9 60 76 41 13 27 59 16 17 41 19 38 25 22 23 48  [1;32 118800 0.039120485674756 [0 
91 7 63 44 5 19 7 8 9 60 76 41 13 27 59 16 17 41 19 38 25 22 23 48  [1;32 121200 0.11171476674873 [0 
91 7 63 47 5 19 7 8 9 60 76 41 13 90 59 16 77 41 19 38 25 81 23 46  [1;32 123600 0.37069820355273 [0 
91 7 63 41 5 19 7 8 9 60 76 41 13 90 59 16 77 41 19 38 25 81 23 46  [1;32 135600 0.44812370035593 [0 
91 7 63 41 5 19 7 8 5 60 76 41 13 90 59 16 77 41 19 38 25 81 23 20  [1;32 157200 0.56600904658946 [0 
91 7 63 41 5 19 7 8 5 60 76 41 13 90 59 16 77 41 19 38 25 81 23 20  [1;32 158400 0.57763494267876 [0 
91 7 63 41 5 19 7 8 5 60 76 41 13 90 59 16 77 41 19 38 25 81 23 20  [1;32 159600 0.58795829783992 [0 
91 7 63 41 5 19 7 8 5 60 76 41 13 90 59 16 77 41 19 38 25 81 23 20  [1;32 160800 0.59150573518677 [0 
91 7 63 41 5 19 7 8 5 60 76 41 13 90 59 16 77 41 19 38 25 81 23 20  [1;32 162000 0.64417566548234 [0 
22 91 63 41 5 19 7 8 5 22 76 41 13 90 59 16 77 41 19 38 25 81 23 47  [1;32 171600 0.67780946145601 [0 
22 91 63 62 5 19 7 8 5 22 76 41 13 90 59 45 51 41 21 48 25 81 23 47  [1;32 182400 0.77048066712114 [0 
78 76 63 62 67 19 7 8 5 22 76 41 13 90 59 45 5 98 21 55 25 81 23 47  [1;32 189600 0.84239724658862 [0 
78 76 63 62 2 19 7 8 5 22 76 41 13 90 8 45 5 98 34 55 25 11 23 5  [1;32 757200 0.86535193555777 [0 
78 76 80 99 2 19 7 8 58 3 76 41 13 47 40 45 5 98 34 55 25 11 23 5  [1;32 1093200 0.87297083917287 [0 
seed 34
78 76 80 99 2 19 7 8 58 3 76 41 13 47 40 45 5 98 34 55 25 11 23 5 
100 99 
best 0.87297083917287
 [0 
