1 2 3 4 5 6 7 8 9 10 11 12 13 14 15 16 17 18 19 20 21 22 23 24  [1;32 1200 0.02331617317776 [0 
1 3 3 4 5 6 39 8 9 10 54 12 60 14 15 16 17 18 19 28 21 22 79 24  [1;32 4800 0.025156693404963 [0 
1 3 3 4 58 6 39 4 9 10 54 12 60 78 15 16 17 18 99 29 21 22 79 24  [1;32 15600 0.075992194212067 [0 
1 3 3 4 80 6 39 4 9 10 54 65 60 78 15 85 17 18 99 29 21 22 79 24  [1;32 30000 0.25946993488671 [0 
1 3 3 4 80 6 39 4 9 10 54 65 60 78 15 85 17 18 99 29 21 22 79 24  [1;32 31200 0.54079710200807 [0 
1 3 3 4 80 6 39 4 9 10 54 65 60 78 15 85 17 18 99 29 21 22 79 24  [1;32 32400 0.6078714190698 [0 
1 3 3 4 80 6 6 4 9 10 54 65 60 78 15 85 17 18 99 29 21 22 79 24  [1;32 79200 0.77035874455565 [0 
1 3 3 4 80 6 6 4 9 10 80 65 60 78 15 85 17 18 99 29 21 22 79 24  [1;32 133200 0.79892538003743 [0 
1 3 43 4 80 6 6 4 9 10 80 65 60 78 15 85 17 18 99 29 21 22 79 24  [1;32 297600 0.81597471129246 [0 
1 3 43 4 80 6 6 20 9 10 80 45 97 78 15 57 17 18 99 29 21 22 79 24  [1;32 633600 0.86270005530979 [0 
seed 20
1 3 43 4 80 6 6 20 9 10 80 45 97 78 15 57 17 18 99 29 21 22 79 24 
100 99 
best 0.86270005530979
 [0 
