1 2 3 4 5 6 67 8 9 10 11 12 13 14 15 16 17 18 19 20 21 22 23 24 [1;32m34800 0.017682732489042[0m
1 97 3 4 5 6 67 8 9 10 11 12 13 14 15 16 17 18 19 20 21 77 23 24 [1;32m42000 0.024211447585926[0m
1 69 3 4 5 6 67 8 9 10 14 12 13 14 15 16 17 18 19 20 21 77 23 24 [1;32m48000 0.027829416880508[0m
1 69 3 4 56 6 67 8 9 10 14 12 13 14 15 16 17 18 19 20 21 77 23 24 [1;32m52800 0.13060913747778[0m
12 69 3 84 56 6 67 8 9 67 14 12 13 14 15 16 17 18 19 33 21 77 23 24 [1;32m58800 0.14251438351117[0m
12 69 3 84 56 6 67 8 9 67 14 12 13 14 15 16 17 18 19 33 21 77 9 24 [1;32m74400 0.1484969869198[0m
35 69 3 16 56 6 67 8 9 67 96 12 13 14 15 16 17 18 19 33 21 77 9 24 [1;32m122400 0.23128918701985[0m
14 69 3 16 56 6 67 8 9 67 96 71 13 14 15 16 17 17 19 33 21 77 9 24 [1;32m201600 0.32127487861192[0m
14 69 3 16 56 6 67 8 9 67 96 71 13 14 15 16 17 41 19 33 21 77 9 24 [1;32m204000 0.33727621145878[0m
14 69 3 16 56 6 67 8 9 67 96 71 13 14 15 16 17 41 19 33 39 47 25 44 [1;32m207600 0.35282749176156[0m
14 69 86 16 56 6 67 8 9 67 96 71 13 14 15 16 17 41 19 33 39 47 25 93 [1;32m217200 0.41195529698713[0m
14 69 86 16 56 6 67 8 9 39 96 71 13 14 15 16 17 41 19 33 39 47 25 93 [1;32m351600 0.41834806947287[0m
14 69 86 16 56 74 67 8 7 39 96 71 13 14 15 16 17 70 29 97 39 97 25 93 [1;32m890400 0.4593953255182[0m
14 69 86 89 56 74 67 8 76 39 96 71 13 14 15 16 17 46 29 97 39 66 13 93 [1;32m990000 0.45973969640548[0m
seed 36
14 69 86 89 56 74 67 8 76 39 96 71 13 14 15 16 17 46 29 97 39 66 13 93 
100 99 
best 0.45973969640548
[0m
