1 2 3 4 5 6 7 8 9 10 11 12 13 14 15 16 17 18 19 20 21 22 23 24 [1;32m1200 0.49538080788269[0m
1 2 3 4 5 6 7 8 9 10 11 12 13 14 15 16 17 18 19 20 21 22 23 24 [1;32m2400 0.49539354852098[0m
1 2 3 4 5 6 7 8 9 10 11 12 13 14 15 16 17 18 19 20 21 22 23 24 [1;32m3600 0.49540710805099[0m
1 2 90 4 5 6 7 8 9 10 11 12 88 14 15 16 17 18 19 20 21 7 23 24 [1;32m6000 0.49541044420457[0m
1 2 90 4 5 6 7 8 9 10 11 12 88 14 15 16 17 18 19 2 21 7 23 24 [1;32m9600 0.49543595908618[0m
1 2 90 23 5 6 7 59 34 10 11 12 88 14 15 16 17 96 19 2 21 7 23 12 [1;32m339600 0.58941094493654[0m
92 2 90 23 5 59 7 59 34 10 11 20 88 14 15 94 17 96 19 2 21 7 23 12 [1;32m486000 0.63016855260891[0m
92 2 90 23 5 59 7 59 34 10 49 20 88 14 9 94 17 96 46 29 21 7 23 12 [1;32m488400 0.65786604068956[0m
92 61 90 23 5 59 7 69 34 10 49 20 88 14 9 94 17 96 46 29 21 7 23 12 [1;32m493200 0.72815599761132[0m
seed 87
92 61 90 23 5 59 7 69 34 10 49 20 88 14 9 94 17 96 46 29 21 7 23 12 
100 99 
best 0.72815599761132
[0m
