1 2 3 4 5 6 7 8 9 10 11 12 13 14 15 16 17 18 19 20 21 22 23 24 [1;32m1200 0.0028278446305864[0m
1 2 3 4 5 6 7 8 9 10 11 12 13 14 8 16 17 18 19 20 21 22 23 24 [1;32m46800 0.016494488093909[0m
1 2 3 4 5 6 7 47 9 10 11 12 13 14 8 16 37 18 5 20 6 22 13 24 [1;32m60000 0.032822517697023[0m
1 2 3 4 5 6 7 47 9 10 11 12 13 14 8 16 37 18 5 20 6 22 13 24 [1;32m61200 0.062763978766145[0m
1 2 3 4 5 6 7 47 9 78 11 12 13 69 8 35 37 18 5 20 6 22 13 24 [1;32m63600 0.23741833423533[0m
1 2 3 4 5 6 7 47 9 78 11 12 13 69 8 35 37 18 5 20 6 22 13 24 [1;32m64800 0.31590184265189[0m
1 50 3 4 5 6 7 47 9 78 11 12 13 51 8 84 37 18 5 20 6 22 13 24 [1;32m69600 0.35903967514842[0m
1 50 3 4 5 6 7 47 9 78 11 12 13 51 8 84 37 18 5 20 6 22 13 24 [1;32m70800 0.38978390161565[0m
1 50 3 4 5 6 7 47 9 78 58 12 13 9 8 84 23 18 5 20 6 22 75 24 [1;32m74400 0.50036295443437[0m
1 50 3 4 5 6 7 47 9 78 58 12 13 9 8 84 23 18 5 20 6 22 75 24 [1;32m75600 0.54748361570701[0m
1 50 3 4 5 6 7 47 9 78 58 12 13 9 8 84 23 18 5 20 6 22 75 24 [1;32m76800 0.56770124679175[0m
1 50 3 4 5 6 7 47 9 78 58 12 13 9 8 84 23 18 5 20 6 22 75 24 [1;32m78000 0.61481685308751[0m
1 50 3 4 5 6 7 47 9 78 58 12 13 9 8 84 23 18 5 20 6 22 75 24 [1;32m79200 0.61733106217363[0m
1 50 3 4 5 6 7 47 9 78 58 12 13 9 8 84 23 18 5 20 6 22 75 24 [1;32m80400 0.61991028965734[0m
1 50 3 4 5 39 7 47 9 78 87 86 13 9 8 53 23 18 5 20 6 22 84 24 [1;32m114000 0.71012375000839[0m
1 50 3 4 5 13 7 47 9 78 87 86 13 9 8 53 23 19 63 20 6 22 84 24 [1;32m265200 0.72638551868192[0m
1 50 3 4 5 13 7 47 71 78 87 86 13 9 8 53 23 19 96 20 6 22 84 24 [1;32m650400 0.73202198479219[0m
53 50 3 4 5 13 33 78 71 78 87 86 13 9 8 53 23 75 96 20 6 22 84 24 [1;32m782400 0.76597457765962[0m
53 50 3 4 5 13 33 78 71 78 87 86 13 9 8 53 23 75 96 20 6 22 84 24 [1;32m783600 0.78530318467719[0m
seed 27
53 50 3 4 5 13 33 78 71 78 87 86 13 9 8 53 23 75 96 20 6 22 84 24 
100 99 
best 0.78530318467719
[0m
