1 2 3 4 5 6 7 8 9 10 11 12 13 14 15 16 17 18 19 20 21 22 23 24 [1;32m1200 0.2198587069921[0m
1 2 3 4 5 53 25 8 9 10 11 12 13 14 15 16 17 18 19 46 21 22 23 24 [1;32m69600 0.49020946943958[0m
1 2 3 4 5 53 25 8 9 10 11 12 13 14 15 16 17 18 19 46 21 22 23 24 [1;32m70800 0.4981106014961[0m
1 2 3 4 5 93 25 8 9 10 11 12 13 14 15 16 100 71 19 46 21 22 23 24 [1;32m79200 0.52169181692101[0m
1 2 3 4 5 93 25 8 9 10 11 12 13 14 15 16 100 76 19 46 21 22 23 24 [1;32m124800 0.52618602113722[0m
1 2 3 4 5 93 25 8 9 10 79 18 13 14 15 16 100 76 19 46 21 22 23 24 [1;32m279600 0.52847822931249[0m
1 2 52 4 5 93 25 8 9 10 79 18 13 14 15 16 100 76 23 46 21 22 23 24 [1;32m349200 0.55880433049253[0m
19 2 52 4 5 93 25 8 9 10 79 18 13 14 15 16 100 76 23 46 21 22 23 24 [1;32m351600 0.5915284763312[0m
19 2 52 64 5 93 25 8 9 10 55 74 13 14 15 16 100 83 23 46 21 22 23 24 [1;32m354000 0.62325297188714[0m
19 2 52 64 5 28 25 8 9 10 55 85 13 14 56 93 100 83 23 46 21 22 23 24 [1;32m356400 0.67196927095918[0m
19 2 52 64 5 65 25 8 9 10 55 85 13 39 56 93 100 83 23 46 21 22 8 24 [1;32m536400 0.70977366432861[0m
19 2 52 74 5 40 25 8 9 10 34 85 13 39 56 93 100 6 23 46 21 22 8 24 [1;32m576000 0.71734953498623[0m
19 2 52 74 5 22 25 8 9 10 34 85 13 97 96 93 100 6 23 4 21 22 8 64 [1;32m702000 0.73305146935236[0m
19 2 52 74 5 22 25 8 9 10 34 85 13 97 72 93 100 6 23 4 21 98 87 64 [1;32m1036800 0.82904840820413[0m
19 2 52 74 5 22 25 8 9 10 34 85 13 97 72 93 100 6 23 4 21 98 87 64 [1;32m1038000 0.87519180906314[0m
19 2 52 74 5 22 25 8 9 10 34 85 13 97 72 93 100 6 23 4 21 98 87 64 [1;32m1039200 0.8773003782694[0m
seed 85
19 2 52 74 5 22 25 8 9 10 34 85 13 97 72 93 100 6 23 4 21 98 87 64 
100 99 
best 0.8773003782694
[0m
