1 2 3 4 5 6 7 8 9 10 36 12 13 14 15 16 17 18 19 20 21 22 23 83 [1;32m2400 0.0043679552144101[0m
1 2 3 4 5 6 7 8 9 10 36 12 13 14 15 16 1 18 19 20 21 22 23 83 [1;32m10800 0.0048806352036178[0m
1 4 3 4 5 6 7 8 9 10 5 12 13 91 15 16 1 18 19 95 48 4 23 83 [1;32m19200 0.02046968351156[0m
1 4 3 4 25 6 7 8 9 10 5 12 13 91 15 16 1 18 19 95 48 4 23 83 [1;32m22800 0.023140735952942[0m
1 4 3 4 25 6 1 8 62 42 48 12 13 91 15 31 1 87 19 95 48 4 23 83 [1;32m26400 0.025439095448956[0m
1 4 3 4 25 6 1 8 62 42 48 12 13 91 15 31 1 87 19 95 48 4 23 83 [1;32m27600 0.026274527414225[0m
68 58 3 4 25 6 1 8 62 42 48 12 13 91 15 38 1 87 19 67 48 4 23 83 [1;32m116400 0.030167410590183[0m
68 58 3 70 25 10 1 8 62 49 48 12 3 91 15 38 1 87 19 67 48 4 23 83 [1;32m124800 0.030455659682254[0m
68 96 3 70 25 10 1 8 62 49 48 12 3 91 15 38 15 87 19 67 56 4 45 54 [1;32m129600 0.030876263639649[0m
68 96 32 70 25 10 1 8 62 49 48 12 3 91 15 38 15 87 19 67 56 4 45 54 [1;32m201600 0.032627883222073[0m
68 96 32 70 25 10 9 8 62 49 48 12 3 91 15 38 15 87 19 67 56 4 45 54 [1;32m268800 0.035998538528313[0m
68 96 32 57 25 10 9 8 62 49 52 53 3 91 15 38 15 87 19 67 56 4 45 54 [1;32m667200 0.037018468961356[0m
98 96 87 57 25 16 9 8 62 38 52 53 3 47 15 38 15 87 19 67 56 4 45 85 [1;32m694800 0.048351281275879[0m
98 96 87 57 87 16 19 8 62 38 52 53 3 47 15 38 15 87 19 67 96 4 45 85 [1;32m700800 0.09194387527647[0m
98 96 87 57 87 16 19 8 62 38 52 53 3 47 15 38 15 87 19 67 96 4 2 85 [1;32m710400 0.13259131048648[0m
98 96 87 57 31 16 19 8 62 38 52 53 82 47 15 38 15 87 52 67 96 4 2 85 [1;32m712800 0.17619834386841[0m
98 96 87 57 31 34 19 8 62 38 52 53 82 89 2 38 15 87 52 67 54 71 2 85 [1;32m724800 0.32837929142227[0m
98 96 87 57 31 34 19 8 62 38 52 53 82 89 2 38 15 87 52 67 54 71 2 85 [1;32m726000 0.32905994698174[0m
98 96 87 57 31 47 19 8 62 38 52 53 82 89 2 38 15 87 52 67 54 71 2 85 [1;32m728400 0.32942045045341[0m
98 96 87 57 31 47 19 8 62 38 52 53 82 89 2 38 15 87 52 67 54 71 2 85 [1;32m729600 0.33026870082088[0m
98 96 87 57 31 47 19 8 89 54 47 53 82 89 2 38 15 87 52 14 54 71 2 85 [1;32m754800 0.34761191945859[0m
98 96 87 57 34 47 19 8 89 54 47 53 82 89 2 38 15 87 52 14 54 71 2 85 [1;32m780000 0.42936565477363[0m
98 96 87 57 34 47 19 8 89 54 47 53 82 89 2 38 15 87 52 14 54 71 2 85 [1;32m781200 0.43346536309261[0m
98 96 87 57 34 47 82 41 89 54 47 53 82 89 2 38 13 87 52 14 54 79 51 85 [1;32m823200 0.44127409407834[0m
98 96 87 57 71 47 82 41 41 54 47 53 2 89 2 38 13 87 52 14 54 79 51 85 [1;32m850800 0.45866738150593[0m
98 96 87 57 71 47 82 41 41 54 47 53 57 89 2 38 13 87 79 14 54 91 51 85 [1;32m861600 0.55842904745154[0m
98 96 87 57 71 47 29 41 41 54 47 53 57 89 2 38 13 87 79 14 54 91 51 85 [1;32m933600 0.60883650648376[0m
98 70 87 57 71 47 43 22 41 54 47 17 35 89 2 34 13 87 79 14 54 91 51 85 [1;32m992400 0.71134471878082[0m
98 70 87 57 71 47 43 22 41 54 47 17 35 89 84 34 13 87 1 14 54 91 51 85 [1;32m1074000 0.76833854796696[0m
98 70 87 57 17 47 43 22 41 54 47 94 35 89 84 34 13 87 1 14 54 91 51 85 [1;32m1182000 0.80898259147469[0m
98 70 87 57 17 47 43 22 41 54 47 94 35 89 84 34 13 29 1 14 54 91 51 85 [1;32m1339200 0.83874321701841[0m
25 70 87 57 17 47 43 22 41 54 47 94 35 89 84 34 13 29 1 14 54 91 51 85 [1;32m1425600 0.86521255516302[0m
25 70 31 57 17 47 43 22 41 64 47 94 35 89 84 34 13 29 1 14 54 91 51 85 [1;32m1436400 0.87572220755189[0m
seed 47
25 70 31 57 17 47 43 22 41 64 47 94 35 89 84 34 13 29 1 14 54 91 51 85 
100 99 
best 0.87572220755189
[0m
