1 2 3 4 5 6 7 8 9 10 11 12 13 14 15 16 17 18 19 20 21 22 23 24 [1;32m1200 0.00082539931038637[0m
10 2 3 4 5 7 7 8 9 82 11 98 13 14 15 16 1 18 19 20 21 22 23 95 [1;32m12000 0.27797952619824[0m
10 2 3 4 5 7 7 8 9 82 11 98 13 14 15 16 27 18 19 20 21 22 23 95 [1;32m14400 0.75933579834909[0m
10 2 3 4 5 7 7 8 9 82 11 98 13 14 15 16 27 18 19 20 21 22 23 95 [1;32m15600 0.86981504813602[0m
10 2 3 4 5 7 7 8 9 82 19 98 13 14 15 16 63 18 19 20 21 22 23 95 [1;32m25200 0.87491663635324[0m
10 2 3 4 5 7 79 8 9 82 19 98 13 14 15 16 63 18 19 20 21 22 23 95 [1;32m100800 0.87726112552221[0m
10 2 3 4 5 7 79 8 9 11 19 98 13 14 27 16 63 18 19 20 21 22 23 95 [1;32m636000 0.89732423601818[0m
52 2 3 4 5 7 79 72 9 11 19 98 13 14 27 3 63 18 19 20 21 22 23 33 [1;32m639600 0.90733489244338[0m
seed 22
52 2 3 4 5 7 79 72 9 11 19 98 13 14 27 3 63 18 19 20 21 22 23 33 
100 99 
best 0.90733489244338
[0m
