1 2 3 4 5 6 24 8 72 10 11 12 13 74 15 71 17 66 19 20 21 22 23 94  [1;32 57600 0.0025312766442488 [0 
1 2 3 4 23 51 24 8 72 69 11 12 77 74 15 71 17 66 19 71 21 22 64 94  [1;32 82800 0.01795158230813 [0 
1 88 3 4 23 51 24 8 72 69 11 14 77 74 14 87 17 66 19 71 17 76 64 94  [1;32 114000 0.047767046094238 [0 
1 88 3 4 23 51 24 8 72 69 9 14 77 74 79 87 17 66 19 71 17 76 64 94  [1;32 205200 0.059585887762563 [0 
1 88 52 4 23 51 95 8 71 69 9 14 77 74 79 87 17 66 87 71 94 76 64 94  [1;32 770400 0.061565311269053 [0 
1 88 52 87 23 51 95 8 71 69 9 14 77 74 79 18 17 65 72 71 94 76 64 94  [1;32 780000 0.16076138118818 [0 
seed 1
1 88 52 87 23 51 95 8 71 69 9 14 77 74 79 18 17 65 72 71 94 76 64 94 
100 99 
best 0.16076138118818
 [0 
