1 2 3 4 5 6 7 8 9 10 11 12 90 14 15 16 17 18 51 20 21 99 23 24  [1;32 30000 0.13076071207575 [0 
1 2 3 96 97 6 7 8 9 10 85 12 90 14 15 16 17 18 37 29 21 99 23 24  [1;32 39600 0.36763969888965 [0 
1 2 69 96 97 6 7 8 9 10 85 12 90 14 15 16 17 18 37 29 35 99 23 24  [1;32 93600 0.47122174827573 [0 
1 2 69 96 97 6 7 8 9 10 85 12 90 14 15 16 17 18 37 29 35 99 23 24  [1;32 94800 0.47709577939739 [0 
1 2 61 96 97 6 7 8 44 10 85 12 90 14 15 16 17 18 37 29 35 99 23 24  [1;32 319200 0.47997568154989 [0 
1 2 61 96 97 6 7 8 44 10 85 12 90 14 15 16 17 18 37 29 35 99 23 24  [1;32 320400 0.48378725638225 [0 
1 2 6 96 97 6 7 8 44 10 85 12 90 14 15 16 56 18 37 29 35 99 98 24  [1;32 326400 0.48378758389403 [0 
1 2 6 96 97 6 7 8 44 10 85 71 90 14 34 16 15 22 37 29 35 99 98 24  [1;32 328800 0.48391325400533 [0 
1 2 6 96 97 6 7 8 26 10 30 71 90 14 16 16 15 22 8 29 35 99 98 24  [1;32 560400 0.49144406495925 [0 
47 2 6 96 61 6 7 8 26 10 30 71 90 14 16 2 51 22 8 60 35 99 98 24  [1;32 562800 0.49374204347649 [0 
47 2 6 96 61 6 7 8 26 10 30 71 90 14 16 2 51 22 8 60 35 99 98 24  [1;32 564000 0.49539447131639 [0 
47 2 6 96 61 17 7 8 26 10 30 71 90 14 16 2 51 85 8 2 34 99 98 24  [1;32 566400 0.49539878909791 [0 
47 2 6 96 61 17 7 8 26 10 30 71 90 14 16 2 51 85 8 2 34 99 98 24  [1;32 567600 0.49541524864027 [0 
47 2 6 96 61 17 7 8 26 10 30 71 90 14 16 2 51 85 97 2 34 99 56 24  [1;32 780000 0.49543167199803 [0 
seed 5
47 2 6 96 61 17 7 8 26 10 30 71 90 14 16 2 51 85 97 2 34 99 56 24 
100 99 
best 0.49543167199803
 [0 
