1 2 3 4 5 6 7 8 9 10 11 12 13 14 15 16 17 18 19 20 21 22 23 24 [1;32m1200 0.00082539931038637[0m
5 2 3 4 5 6 69 8 9 10 34 12 13 72 15 48 17 18 19 27 21 22 23 24 [1;32m52800 0.12186695550984[0m
5 2 3 4 5 37 69 8 9 10 34 12 43 72 15 48 17 34 76 27 21 22 23 61 [1;32m73200 0.30805721843796[0m
5 2 3 4 5 37 69 8 9 10 34 12 43 72 15 48 17 34 60 27 21 22 23 61 [1;32m79200 0.40532678824806[0m
5 2 7 4 5 37 69 8 9 35 100 12 43 72 23 48 17 34 60 27 21 36 23 56 [1;32m85200 0.40548609813458[0m
5 2 82 4 5 37 69 8 9 35 100 12 43 72 23 48 17 34 60 27 21 36 23 56 [1;32m171600 0.44563363239225[0m
5 2 82 4 5 37 69 8 9 35 100 12 43 72 23 48 17 37 95 27 81 23 95 56 [1;32m402000 0.66363940349174[0m
5 2 82 4 5 37 69 8 9 35 100 36 43 72 73 48 17 37 95 31 81 23 16 78 [1;32m504000 0.67471496885102[0m
seed 95
5 2 82 4 5 37 69 8 9 35 100 36 43 72 73 48 17 37 95 31 81 23 16 78 
100 99 
best 0.67471496885102
[0m
