37 2 3 4 5 6 7 8 63 46 11 12 13 14 15 16 17 18 19 20 21 10 23 24  [1;32 34800 0.0015479072644274 [0 
37 2 3 4 5 6 7 8 63 46 11 12 13 14 15 16 17 63 19 20 21 10 23 31  [1;32 303600 0.0022989759905464 [0 
37 2 3 12 5 33 7 8 63 46 25 100 13 14 15 16 17 63 19 20 65 10 23 31  [1;32 312000 0.0032615192487807 [0 
37 2 3 12 5 33 7 8 63 46 25 100 13 14 15 16 17 63 19 20 65 10 23 31  [1;32 313200 0.0052180994993115 [0 
37 2 3 12 5 33 7 8 63 46 25 100 13 16 15 16 17 63 19 77 65 12 95 71  [1;32 315600 0.0075680320617084 [0 
37 19 3 38 5 33 7 35 6 46 25 100 13 16 15 16 17 63 19 77 65 12 95 71  [1;32 352800 0.012595321642156 [0 
37 19 3 38 5 33 24 35 6 46 25 100 6 91 15 16 69 63 19 77 65 32 95 71  [1;32 411600 0.016498986008011 [0 
37 19 3 38 5 33 24 35 6 46 25 100 6 91 15 16 69 63 19 77 65 32 95 71  [1;32 412800 0.019649841234673 [0 
37 19 3 38 5 33 7 69 6 46 93 100 6 91 15 16 69 63 19 77 65 32 95 37  [1;32 416400 0.023097503869348 [0 
37 19 3 38 5 33 7 69 6 46 93 100 6 91 15 16 69 63 19 77 65 32 95 37  [1;32 417600 0.02401443707153 [0 
37 19 3 38 5 33 7 69 6 46 93 100 6 91 15 16 69 63 19 77 65 32 95 37  [1;32 418800 0.027660163333453 [0 
37 19 3 38 5 33 7 69 6 46 2 100 6 91 15 16 69 63 19 77 65 32 95 37  [1;32 472800 0.031490445875523 [0 
10 19 4 38 10 33 7 69 6 46 2 100 6 91 15 87 69 63 19 77 65 32 13 75  [1;32 699600 0.097999040349948 [0 
10 34 4 38 10 33 7 69 16 46 2 15 6 91 15 87 69 63 19 77 65 32 13 75  [1;32 704400 0.10890801858337 [0 
11 34 4 38 10 33 7 69 16 46 2 27 6 91 15 87 100 63 23 77 8 32 13 75  [1;32 709200 0.19815086306626 [0 
11 34 81 38 10 33 7 69 16 46 2 74 6 91 15 87 100 63 23 77 8 32 13 75  [1;32 734400 0.35255848242622 [0 
11 34 81 38 10 33 7 69 16 46 2 74 6 91 14 87 82 63 23 77 8 32 54 75  [1;32 782400 0.49706299008128 [0 
11 34 81 38 10 33 7 69 16 46 2 74 6 91 4 87 82 53 23 77 8 32 54 75  [1;32 816000 0.49791796573667 [0 
11 34 81 38 10 33 99 69 16 46 2 74 6 91 4 87 82 53 23 77 8 32 54 75  [1;32 1143600 0.49870872240649 [0 
11 34 81 16 10 33 94 69 16 46 2 74 6 91 87 87 82 19 23 63 8 32 54 75  [1;32 1353600 0.56914496027424 [0 
seed 46
11 34 81 16 10 33 94 69 16 46 2 74 6 91 87 87 82 19 23 63 8 32 54 75 
100 99 
best 0.56914496027424
 [0 
