1 2 3 4 5 6 7 8 9 10 11 12 13 14 15 16 17 18 19 20 21 22 23 24  [1;32 1200 0.23756376736082 [0 
63 56 69 4 5 41 7 8 9 10 11 12 13 14 15 16 17 18 19 20 21 22 41 24  [1;32 19200 0.46183548143857 [0 
63 56 69 4 5 41 7 8 9 10 11 12 13 14 15 16 17 18 19 20 21 22 41 24  [1;32 20400 0.49539417283378 [0 
63 56 69 4 5 41 7 8 9 10 11 12 13 14 15 16 17 18 19 20 21 22 41 24  [1;32 21600 0.49540902557944 [0 
63 56 69 4 5 41 7 8 9 10 11 12 13 14 15 16 17 18 19 20 21 22 41 24  [1;32 22800 0.49542048138942 [0 
63 81 69 4 80 41 23 8 9 10 11 12 13 14 15 16 17 18 19 20 21 22 41 24  [1;32 64800 0.49701686966795 [0 
63 81 69 4 80 41 23 8 9 10 11 12 13 14 15 16 17 18 19 20 10 22 41 24  [1;32 123600 0.53980447592391 [0 
63 81 69 4 80 41 23 8 9 10 11 12 13 14 15 16 17 18 19 20 10 22 41 24  [1;32 124800 0.5614484082043 [0 
63 81 69 4 80 41 23 8 9 10 11 12 13 14 15 16 17 18 19 20 10 22 41 24  [1;32 126000 0.56145600293043 [0 
63 81 69 4 80 41 23 8 9 10 11 12 13 14 15 16 17 18 19 20 10 22 41 24  [1;32 127200 0.56146898054065 [0 
63 81 83 4 31 41 23 8 9 10 11 12 13 14 15 16 17 18 19 20 90 22 4 24  [1;32 129600 0.56287445604708 [0 
63 81 46 4 31 41 23 8 9 10 11 12 67 14 15 16 17 18 19 20 93 22 4 24  [1;32 166800 0.71782802749624 [0 
63 81 46 4 31 41 31 8 9 10 11 12 67 14 15 16 17 18 19 28 93 22 4 24  [1;32 169200 0.81134830655718 [0 
82 81 46 4 31 41 31 8 65 48 11 12 67 14 15 16 17 18 19 28 93 61 4 24  [1;32 264000 0.81189190727123 [0 
51 81 46 4 31 41 31 8 65 48 11 12 67 14 15 16 17 18 19 28 93 61 4 24  [1;32 319200 0.8398004509571 [0 
51 81 46 51 31 41 31 8 65 48 11 12 67 14 15 16 17 18 19 28 93 61 4 24  [1;32 956400 0.84522222106871 [0 
51 81 46 30 31 19 31 8 31 48 11 12 67 14 89 16 17 18 19 28 93 61 4 24  [1;32 1122000 0.8458176817932 [0 
seed 76
51 81 46 30 31 19 31 8 31 48 11 12 67 14 89 16 17 18 19 28 93 61 4 24 
100 99 
best 0.8458176817932
 [0 
