1 2 3 4 5 6 7 8 9 10 11 12 13 14 15 16 17 18 19 20 21 22 23 24  [1;32 1200 0.0040743631106414 [0 
82 2 3 4 5 6 7 8 9 10 11 74 27 14 15 16 17 18 19 20 21 22 23 24  [1;32 49200 0.30994334871107 [0 
82 2 3 4 72 6 7 8 9 10 11 74 27 14 15 16 17 100 19 20 21 22 23 24  [1;32 60000 0.39845800615739 [0 
82 61 3 4 15 6 7 8 9 10 11 74 27 14 15 16 17 100 19 61 19 22 23 24  [1;32 63600 0.44492242250718 [0 
82 3 3 4 66 6 7 8 9 10 11 74 27 14 15 16 17 100 75 61 19 22 23 24  [1;32 69600 0.46638743051651 [0 
82 3 3 4 66 6 7 8 9 19 11 74 27 14 15 16 17 100 75 61 19 22 23 24  [1;32 85200 0.497898702338 [0 
82 36 56 4 66 6 7 8 9 19 11 74 27 14 15 14 17 50 75 58 19 22 23 24  [1;32 87600 0.50831512215562 [0 
82 36 56 4 66 6 7 8 9 52 11 74 27 14 15 44 17 50 75 58 19 22 23 24  [1;32 99600 0.56158706776218 [0 
82 36 56 4 66 6 7 8 9 52 11 74 32 14 15 44 17 50 75 58 19 22 23 24  [1;32 148800 0.60982025596045 [0 
82 36 56 4 66 6 7 8 9 52 11 74 4 14 15 44 17 50 75 58 19 22 23 24  [1;32 198000 0.65278475955704 [0 
82 36 56 4 66 6 7 8 9 52 11 74 4 14 15 44 17 50 75 58 19 22 23 24  [1;32 199200 0.65753853893166 [0 
82 36 56 4 66 6 7 8 9 52 11 74 4 14 15 44 17 50 75 58 19 22 23 24  [1;32 200400 0.65786024890897 [0 
82 36 56 4 66 49 7 8 9 52 11 66 4 14 15 44 24 50 75 58 19 22 26 24  [1;32 540000 0.65919386467792 [0 
82 36 56 4 66 49 7 8 9 52 11 66 4 14 15 44 24 50 75 58 19 22 26 24  [1;32 541200 0.65966056042888 [0 
82 36 56 4 66 49 7 8 9 52 11 66 4 14 15 44 24 50 75 58 19 22 26 24  [1;32 542400 0.65976716861728 [0 
82 36 56 4 66 49 7 8 9 52 11 66 4 14 15 44 24 50 75 58 19 22 26 24  [1;32 543600 0.65983185499168 [0 
82 36 56 4 66 49 7 8 9 52 11 66 4 14 15 44 24 50 75 61 19 10 26 24  [1;32 706800 0.66055599223826 [0 
67 36 56 4 66 49 7 8 9 52 11 66 53 2 15 44 24 50 12 43 19 10 50 24  [1;32 907200 0.7343703116757 [0 
67 36 56 4 66 49 7 8 9 52 11 66 53 2 15 44 24 50 12 43 19 10 50 24  [1;32 908400 0.79977277256773 [0 
67 36 56 4 76 49 7 73 9 52 11 66 53 2 98 44 24 50 12 43 19 10 50 24  [1;32 912000 0.83654042187294 [0 
67 36 56 4 76 49 7 73 9 52 11 19 53 2 98 44 24 50 12 43 19 10 50 24  [1;32 940800 0.85119067356912 [0 
37 36 56 4 40 49 7 73 9 52 11 8 53 56 98 44 24 50 12 43 19 10 50 26  [1;32 1204800 0.86904284481382 [0 
37 36 56 4 40 49 7 73 7 52 11 8 53 56 98 44 24 50 12 43 19 10 50 26  [1;32 1359600 0.87132143987627 [0 
seed 10
37 36 56 4 40 49 7 73 7 52 11 8 53 56 98 44 24 50 12 43 19 10 50 26 
100 99 
best 0.87132143987627
 [0 
