1 2 3 4 5 6 7 8 9 10 11 12 13 14 15 16 17 18 19 20 21 22 23 24  [1;32 1200 0.00082539931038637 [0 
1 72 23 4 94 6 14 8 9 10 11 12 13 14 15 16 17 18 19 20 26 22 23 24  [1;32 24000 0.053499885283177 [0 
1 72 23 4 94 6 14 8 9 10 11 12 26 14 15 16 17 18 60 20 26 22 23 12  [1;32 37200 0.17961571554959 [0 
1 95 23 4 94 6 14 8 9 10 11 12 26 14 15 16 17 18 60 20 26 22 23 12  [1;32 150000 0.2907584008117 [0 
1 95 23 4 94 6 14 8 37 17 11 12 26 14 15 16 17 18 60 20 26 22 23 12  [1;32 174000 0.40669160884838 [0 
1 95 48 4 94 6 14 8 9 17 11 12 26 14 3 94 17 18 60 20 26 22 23 12  [1;32 1266000 0.44263412941297 [0 
seed 41
1 95 48 4 94 6 14 8 9 17 11 12 26 14 3 94 17 18 60 20 26 22 23 12 
100 99 
best 0.44263412941297
 [0 
