63 2 3 72 5 61 7 8 9 59 11 12 13 14 15 16 17 18 19 20 21 22 23 24 [1;32m56400 0.032496712295053[0m
63 2 3 72 17 61 73 8 38 59 88 12 13 14 15 16 17 18 19 20 21 22 8 24 [1;32m78000 0.42256364664346[0m
63 2 3 72 17 61 13 8 38 59 88 12 13 14 15 16 17 18 19 42 21 22 8 89 [1;32m154800 0.44945081078535[0m
3 2 3 72 17 61 13 8 38 59 88 12 13 14 15 16 17 38 19 42 21 22 8 89 [1;32m934800 0.55387922673126[0m
3 2 3 14 17 61 13 8 38 88 88 52 13 14 15 16 17 38 56 14 21 64 8 89 [1;32m943200 0.59737640071707[0m
3 2 3 14 17 61 13 86 38 88 88 52 13 14 15 87 17 38 56 14 21 64 8 89 [1;32m945600 0.63556141068239[0m
3 2 3 14 17 61 13 86 38 44 88 52 13 14 15 87 17 38 56 14 21 50 8 89 [1;32m948000 0.66016788881286[0m
3 2 3 14 17 61 86 39 19 1 88 52 13 14 15 87 95 38 56 14 21 50 8 83 [1;32m958800 0.83037751073089[0m
seed 16
3 2 3 14 17 61 86 39 19 1 88 52 13 14 15 87 95 38 56 14 21 50 8 83 
100 99 
best 0.83037751073089
[0m
