1 2 3 4 5 6 7 8 9 10 11 12 13 14 15 16 17 18 19 20 21 22 23 24 [1;32m1200 0.20422257220702[0m
1 56 3 4 5 6 7 87 9 10 11 12 51 14 15 16 81 18 19 20 21 22 23 24 [1;32m54000 0.44565550525799[0m
1 56 18 4 5 16 58 87 9 10 11 12 51 14 91 92 81 18 19 20 21 22 23 24 [1;32m58800 0.44965527032522[0m
1 56 18 4 5 16 9 87 9 10 11 60 51 14 91 92 81 18 19 20 21 22 23 24 [1;32m63600 0.49591480021722[0m
21 56 18 4 81 16 38 87 9 10 11 60 51 89 91 55 13 18 19 20 21 22 23 24 [1;32m105600 0.51138114831483[0m
99 56 18 4 81 16 38 66 9 10 11 60 51 89 33 55 13 18 47 20 21 3 23 83 [1;32m163200 0.54387591038041[0m
99 56 18 4 81 16 38 66 9 10 11 60 51 89 33 55 13 18 47 20 21 3 23 83 [1;32m164400 0.60133735277622[0m
99 56 75 4 81 16 38 66 9 73 91 60 2 89 33 16 13 18 47 20 21 3 23 10 [1;32m166800 0.69915250401707[0m
99 56 75 4 81 16 38 66 9 73 91 60 2 89 33 16 13 18 47 20 21 3 23 10 [1;32m168000 0.74378883669132[0m
99 56 75 4 81 16 38 66 9 73 91 60 2 89 33 16 13 18 47 20 21 3 23 10 [1;32m169200 0.76225048555555[0m
99 56 75 4 81 16 38 66 9 73 91 60 2 89 33 16 13 18 47 20 21 3 23 10 [1;32m170400 0.78550322066156[0m
83 56 75 4 81 36 99 66 9 73 91 60 2 89 33 16 13 18 47 90 21 3 23 60 [1;32m181200 0.79476239403056[0m
83 56 75 4 81 36 99 66 9 73 91 60 2 89 33 16 13 18 47 90 21 3 23 60 [1;32m182400 0.83999872708987[0m
83 56 75 4 81 93 89 66 9 73 91 60 2 89 33 16 13 18 86 90 21 4 23 60 [1;32m201600 0.86442712818509[0m
83 56 75 4 81 93 89 66 33 73 91 60 62 89 33 16 13 18 86 90 21 4 23 60 [1;32m421200 0.87264634560892[0m
83 56 80 4 81 93 89 66 33 73 91 51 62 89 18 16 13 18 86 90 21 4 23 60 [1;32m1330800 0.87335090285571[0m
seed 85
83 56 80 4 81 93 89 66 33 73 91 51 62 89 18 16 13 18 86 90 21 4 23 60 
100 99 
best 0.87335090285571
[0m
