1 2 3 4 5 6 7 8 9 10 11 12 13 14 15 16 17 18 19 20 21 22 23 24  [1;32 1200 0.073353946320717 [0 
18 2 3 4 5 6 41 18 63 88 11 12 13 14 15 16 17 18 19 20 21 22 23 24  [1;32 88800 0.077840217344033 [0 
18 2 3 4 5 10 41 18 63 88 11 12 87 14 15 16 17 18 19 20 21 22 23 24  [1;32 96000 0.55527409186367 [0 
18 2 3 4 5 10 41 18 63 88 11 12 87 14 15 16 17 18 19 20 21 22 23 24  [1;32 97200 0.61019974976835 [0 
18 2 3 98 5 10 41 18 63 88 11 12 87 14 15 16 17 18 19 20 21 22 23 24  [1;32 110400 0.77354570413329 [0 
18 2 3 98 5 10 41 18 63 88 11 12 87 14 15 16 17 18 19 20 21 22 23 24  [1;32 111600 0.80092315243727 [0 
18 2 3 98 5 10 41 18 63 88 11 12 87 14 15 16 17 18 19 20 21 22 23 24  [1;32 112800 0.84744606049742 [0 
18 95 11 98 5 10 41 18 63 88 11 12 87 14 15 16 17 18 19 20 21 22 23 24  [1;32 304800 0.85174871661713 [0 
18 95 11 98 5 10 41 18 63 88 11 12 87 14 15 16 17 18 19 20 68 22 23 24  [1;32 308400 0.86074781770191 [0 
18 95 11 98 5 10 41 18 63 88 11 12 87 14 15 16 17 18 19 20 68 22 23 24  [1;32 309600 0.88389179621255 [0 
18 95 11 98 5 10 41 18 63 88 11 12 87 14 15 16 17 19 19 20 91 22 23 84  [1;32 478800 0.89622845822743 [0 
18 43 11 98 5 10 41 18 63 88 11 12 87 14 15 16 17 19 19 20 91 22 23 84  [1;32 948000 0.89690396848793 [0 
18 43 11 98 5 10 41 18 63 88 11 12 87 14 15 16 72 19 19 20 91 22 23 84  [1;32 1087200 0.90883800962416 [0 
seed 37
18 43 11 98 5 10 41 18 63 88 11 12 87 14 15 16 72 19 19 20 91 22 23 84 
100 99 
best 0.90883800962416
 [0 
