1 2 3 4 5 5 7 95 9 10 31 12 13 14 15 16 86 18 88 20 21 22 23 24  [1;32 182400 0.00064937550888836 [0 
1 30 3 58 5 5 7 95 9 10 85 12 13 14 15 33 86 18 88 20 21 22 23 24  [1;32 348000 0.0006744278705108 [0 
1 30 3 58 5 5 7 95 9 10 85 35 13 14 15 33 86 96 88 20 21 22 23 29  [1;32 376800 0.00082708571110901 [0 
1 30 3 58 5 5 7 95 9 10 85 35 13 14 78 33 86 96 88 20 21 22 23 29  [1;32 404400 0.0012155055699932 [0 
1 30 3 58 5 5 7 43 9 10 85 35 13 14 91 30 86 96 88 20 21 22 23 59  [1;32 571200 0.0012688905108276 [0 
1 30 3 58 5 70 7 43 38 10 85 35 13 34 91 30 86 69 88 20 21 22 42 59  [1;32 720000 0.0013564617125718 [0 
1 88 3 58 5 70 7 43 38 10 85 35 13 34 91 30 86 69 88 20 21 62 42 59  [1;32 908400 0.41909615678908 [0 
seed 39
1 88 3 58 5 70 7 43 38 10 85 35 13 34 91 30 86 69 88 20 21 62 42 59 
100 99 
best 0.41909615678908
 [0 
