1 2 3 4 5 8 7 8 9 10 11 87 13 14 15 6 41 18 19 20 21 22 65 24 [1;32m3600 0.0059200667702302[0m
1 2 3 4 76 8 7 8 9 57 11 87 27 14 15 6 41 18 19 20 21 22 65 24 [1;32m7200 0.010361140633658[0m
1 2 3 4 76 8 7 8 9 57 11 87 27 14 15 6 41 18 19 20 21 22 65 24 [1;32m8400 0.010405572571081[0m
1 2 3 91 76 8 7 8 9 57 11 87 27 14 51 6 41 18 19 4 86 22 65 24 [1;32m24000 0.023294508209843[0m
1 2 3 91 76 8 7 8 9 57 11 87 27 14 51 6 41 18 19 4 86 22 65 24 [1;32m25200 0.024587714227242[0m
1 2 3 91 76 8 7 8 9 57 11 87 27 14 51 6 41 18 19 4 86 22 65 24 [1;32m26400 0.025829649977214[0m
1 78 8 91 76 8 74 8 9 57 11 87 52 14 51 6 41 18 61 4 86 22 65 24 [1;32m30000 0.088253332476775[0m
1 78 8 91 76 8 74 8 9 57 11 87 52 14 51 6 41 18 61 4 86 22 65 24 [1;32m31200 0.1083357698774[0m
1 78 60 91 76 8 74 8 9 75 11 87 52 14 51 6 41 3 6 4 86 22 65 24 [1;32m33600 0.13175285866416[0m
1 50 60 91 76 8 74 8 9 75 11 87 52 14 51 6 41 3 6 4 86 22 65 24 [1;32m42000 0.13670011590676[0m
1 50 60 91 1 8 17 8 9 75 11 87 52 14 85 6 41 3 6 4 86 22 65 24 [1;32m44400 0.22739377423514[0m
1 44 60 91 1 8 47 8 9 75 11 87 52 67 85 59 41 3 6 4 21 22 65 24 [1;32m49200 0.30090207399928[0m
1 44 60 91 1 8 47 8 9 75 11 87 52 67 85 59 41 3 6 4 21 22 65 24 [1;32m50400 0.40977152267521[0m
1 44 60 91 1 8 47 8 9 75 11 87 52 67 85 59 41 3 6 4 21 22 65 24 [1;32m51600 0.43347510497[0m
1 44 60 91 1 8 47 8 9 75 11 87 52 67 85 59 41 3 6 4 21 22 65 24 [1;32m52800 0.43431145455043[0m
1 44 60 91 1 8 47 8 9 75 11 87 52 67 85 59 41 3 6 4 21 22 65 24 [1;32m54000 0.43514961840675[0m
77 44 60 91 1 38 47 8 9 75 11 87 35 67 85 59 41 3 6 4 21 68 65 24 [1;32m56400 0.49621590794835[0m
77 44 60 91 1 38 47 8 9 75 11 87 35 67 85 59 41 3 6 4 21 68 65 24 [1;32m57600 0.49622025417699[0m
77 44 60 91 1 38 47 8 9 75 11 87 42 67 85 59 41 3 6 4 21 68 65 24 [1;32m61200 0.49622109842438[0m
39 44 60 91 84 38 47 8 9 75 11 39 42 67 85 59 41 3 15 4 20 68 65 24 [1;32m68400 0.56421087676991[0m
39 44 60 91 84 38 47 8 9 75 11 67 42 67 85 59 41 3 15 4 20 68 12 24 [1;32m146400 0.78696719326914[0m
39 44 60 21 84 38 47 8 9 75 11 67 42 67 85 59 41 3 15 4 20 68 12 24 [1;32m256800 0.80239613523748[0m
39 44 60 21 84 38 47 8 9 75 11 67 42 67 85 59 41 3 15 4 20 68 12 24 [1;32m258000 0.85496992616445[0m
8 44 60 21 84 38 32 8 9 75 11 67 42 67 85 59 41 3 15 4 20 68 12 24 [1;32m352800 0.89275179395269[0m
8 44 33 21 84 38 32 8 9 75 11 67 42 67 85 59 41 3 15 4 20 68 12 24 [1;32m531600 0.89291481567343[0m
8 44 33 21 84 38 32 8 9 78 11 27 42 67 85 59 41 3 15 4 20 68 12 24 [1;32m666000 0.89495805243647[0m
8 44 33 21 84 96 32 8 9 78 11 27 42 67 85 59 41 3 15 4 20 68 12 81 [1;32m771600 0.89902358374811[0m
8 44 33 21 84 96 32 8 9 78 11 27 42 67 85 59 41 3 15 4 20 89 12 81 [1;32m834000 0.90352520880549[0m
8 44 33 13 84 96 32 8 9 78 11 27 42 67 85 59 41 3 15 4 20 89 12 81 [1;32m920400 0.90499099221933[0m
8 44 33 13 84 96 32 8 9 78 11 27 42 67 85 59 88 3 15 4 20 89 12 81 [1;32m1042800 0.90717187218253[0m
8 44 33 13 84 96 32 8 9 78 11 27 66 67 85 59 88 3 15 4 20 89 12 81 [1;32m1428000 0.90783893826717[0m
seed 96
8 44 33 13 84 96 32 8 9 78 11 27 66 67 85 59 88 3 15 4 20 89 12 81 
100 99 
best 0.90783893826717
[0m
