1 2 3 4 5 6 7 8 9 10 11 12 13 14 15 16 17 18 19 20 21 22 23 24  [1;32 1200 0.20448512338247 [0 
1 2 52 4 5 6 7 8 9 10 77 13 13 14 15 16 17 18 19 20 21 22 23 24  [1;32 31200 0.42168491454813 [0 
41 2 52 4 5 6 7 8 63 10 77 13 13 75 15 16 17 8 19 20 21 22 23 24  [1;32 36000 0.42888989039797 [0 
41 2 52 4 5 84 7 8 63 20 77 84 13 75 15 16 47 8 19 55 32 22 23 24  [1;32 178800 0.44359191630185 [0 
41 2 52 4 5 84 75 8 95 20 77 84 13 75 4 16 47 8 19 22 32 22 23 24  [1;32 184800 0.44370864740174 [0 
41 2 52 4 5 84 75 8 91 20 77 84 13 75 4 16 47 8 19 22 32 22 23 24  [1;32 230400 0.4549451870265 [0 
41 2 52 4 5 84 67 8 91 20 77 84 13 75 4 16 47 8 19 87 32 22 11 75  [1;32 296400 0.71529795034361 [0 
seed 100
41 2 52 4 5 84 67 8 91 20 77 84 13 75 4 16 47 8 19 87 32 22 11 75 
100 99 
best 0.71529795034361
 [0 
