1 2 3 4 5 6 7 8 9 10 11 12 13 14 15 16 17 18 19 20 21 22 23 24  [1;32 1200 0.0033011941084442 [0 
1 2 3 4 5 6 7 8 74 10 11 50 48 14 15 16 17 18 19 60 55 22 23 64  [1;32 26400 0.025832027255031 [0 
1 2 3 4 5 6 7 8 74 10 11 50 48 14 15 16 17 18 19 60 55 22 23 64  [1;32 27600 0.029877001659982 [0 
1 2 3 4 5 6 7 11 74 67 11 50 48 14 15 16 17 55 19 60 55 22 23 64  [1;32 30000 0.030186120029469 [0 
1 2 43 4 37 6 7 11 74 67 11 50 48 95 15 16 17 55 19 60 55 22 23 64  [1;32 37200 0.030488339802711 [0 
1 2 43 4 37 6 7 11 74 67 11 50 48 95 15 16 17 55 19 60 55 22 23 82  [1;32 43200 0.031654813398025 [0 
1 2 43 4 86 6 7 11 74 67 11 50 48 95 15 16 75 55 19 60 55 22 23 70  [1;32 50400 0.23128697288821 [0 
1 2 7 21 86 6 7 11 74 67 11 50 48 95 63 16 30 55 19 60 88 22 67 70  [1;32 54000 0.5041042698231 [0 
43 2 7 21 86 6 7 11 74 67 11 50 48 95 63 16 21 55 19 60 88 22 67 70  [1;32 70800 0.53762258309955 [0 
43 36 7 21 86 14 7 11 74 67 11 50 48 95 63 16 44 55 19 60 88 22 67 70  [1;32 265200 0.71278935872973 [0 
43 36 7 21 86 14 7 11 74 67 11 50 48 95 63 16 44 55 19 60 88 22 67 70  [1;32 266400 0.87577018548535 [0 
43 36 7 21 86 14 7 11 74 67 11 50 48 95 63 16 44 55 19 60 88 22 67 70  [1;32 267600 0.87943664192522 [0 
43 36 4 21 86 14 77 11 74 51 11 54 48 95 63 16 44 55 98 60 88 22 67 70  [1;32 295200 0.88763494309273 [0 
43 36 4 21 86 14 77 11 74 51 11 54 48 95 63 16 44 55 98 60 88 22 67 70  [1;32 296400 0.90139163981644 [0 
seed 45
43 36 4 21 86 14 77 11 74 51 11 54 48 95 63 16 44 55 98 60 88 22 67 70 
100 99 
best 0.90139163981644
 [0 
