1 2 3 4 5 6 7 8 9 10 11 12 13 14 15 16 17 18 19 20 21 22 23 24 [1;32m1200 0.2198587069921[0m
1 37 3 14 5 6 7 8 9 10 11 12 13 14 15 16 17 18 19 20 23 22 23 24 [1;32m64800 0.44480697112461[0m
1 37 3 14 13 6 89 38 9 10 11 12 54 14 15 16 17 18 19 65 23 22 23 24 [1;32m81600 0.45190114810939[0m
1 37 3 14 13 6 89 38 9 10 11 12 54 14 15 16 17 18 19 65 40 22 23 24 [1;32m169200 0.45761530601623[0m
1 37 3 14 13 6 89 38 9 10 11 79 54 14 15 16 17 18 19 65 40 22 23 24 [1;32m364800 0.46173477082362[0m
1 37 3 14 13 6 89 38 9 8 11 79 54 14 15 16 17 18 7 31 40 22 66 24 [1;32m399600 0.61300852204794[0m
1 37 3 14 13 6 89 38 24 84 5 79 54 14 15 16 17 18 7 31 33 22 66 24 [1;32m464400 0.68777638511402[0m
1 30 3 14 13 6 89 38 24 84 5 79 54 14 15 52 17 18 7 31 33 22 66 24 [1;32m808800 0.74598937539875[0m
seed 76
1 30 3 14 13 6 89 38 24 84 5 79 54 14 15 52 17 18 7 31 33 22 66 24 
100 99 
best 0.74598937539875
[0m
