1 2 3 4 5 6 7 8 9 10 11 12 13 14 15 16 17 18 19 20 21 22 23 24  [1;32 1200 0.023133844390385 [0 
1 2 3 4 5 6 7 8 9 10 11 12 13 14 15 16 17 18 19 20 21 22 23 24  [1;32 2400 0.023678549863149 [0 
97 2 3 4 5 28 7 8 9 10 11 12 13 14 15 16 17 21 19 20 26 22 23 24  [1;32 4800 0.025673984687888 [0 
97 2 3 4 5 28 7 8 9 10 11 12 60 14 15 16 17 21 19 20 26 3 23 24  [1;32 8400 0.027192600324786 [0 
97 2 3 4 5 28 7 8 9 10 11 12 60 14 15 16 17 21 19 20 26 3 23 24  [1;32 9600 0.029871215235449 [0 
97 2 3 4 5 28 7 8 9 10 11 12 60 88 85 16 17 21 19 20 26 3 23 24  [1;32 27600 0.031657670649788 [0 
97 48 3 4 5 28 7 46 9 10 11 12 60 88 91 16 17 21 19 20 26 66 23 24  [1;32 32400 0.032699115403754 [0 
97 48 3 4 5 28 7 46 9 10 11 12 60 88 91 16 17 21 19 20 26 66 23 24  [1;32 33600 0.037144650963862 [0 
97 48 3 8 8 28 66 46 9 10 11 12 60 88 91 10 17 21 19 20 26 66 12 24  [1;32 42000 0.039773040092706 [0 
97 48 3 8 8 28 66 46 9 10 11 12 60 88 91 1 17 21 19 20 26 66 12 31  [1;32 51600 0.28794736693983 [0 
97 48 3 8 9 28 66 46 9 10 11 12 60 88 91 1 85 21 19 7 26 66 12 31  [1;32 54000 0.31051538873638 [0 
97 48 3 8 9 28 66 46 9 10 11 12 60 88 91 1 85 21 19 7 26 66 12 31  [1;32 55200 0.33316984057646 [0 
97 48 3 8 9 21 66 46 9 10 11 36 60 88 91 79 85 92 19 7 26 66 12 67  [1;32 61200 0.37792583149627 [0 
97 48 3 8 9 21 66 46 9 10 11 36 60 88 91 79 85 92 19 7 26 66 12 67  [1;32 62400 0.38899179631422 [0 
97 48 3 8 9 21 66 46 9 10 11 36 60 88 55 4 85 92 19 7 26 66 12 53  [1;32 78000 0.41147208447118 [0 
97 48 3 8 9 21 66 46 9 10 58 36 60 9 55 4 23 92 19 7 26 66 75 53  [1;32 82800 0.49119744251037 [0 
97 31 3 8 41 21 66 46 9 10 79 36 60 9 55 4 23 92 19 7 76 66 75 53  [1;32 106800 0.49456924074407 [0 
97 31 3 8 41 21 66 46 9 10 79 36 60 9 55 4 23 92 19 7 76 66 75 53  [1;32 108000 0.49537979266067 [0 
97 31 3 8 41 21 66 46 9 10 79 36 60 9 55 4 23 92 19 7 76 66 75 53  [1;32 109200 0.49540382141206 [0 
97 31 3 8 41 21 66 46 9 10 79 36 60 9 55 4 23 92 19 7 76 66 75 53  [1;32 110400 0.49541114877854 [0 
97 31 3 8 41 21 66 46 9 10 79 36 60 9 55 4 23 92 19 7 76 66 75 53  [1;32 111600 0.49541375755437 [0 
97 31 3 8 41 21 66 46 9 10 79 36 60 9 55 4 23 92 19 7 76 66 75 53  [1;32 112800 0.49542557137022 [0 
20 31 3 8 41 99 66 46 9 10 79 36 60 9 55 94 37 92 19 8 76 66 10 53  [1;32 212400 0.58024491117232 [0 
20 31 3 8 41 99 66 46 9 1 79 36 60 9 55 12 37 92 19 8 26 66 10 53  [1;32 223200 0.63591967564353 [0 
20 31 3 8 41 99 5 46 9 1 79 36 60 9 55 12 37 92 19 8 26 66 54 53  [1;32 312000 0.76927823656746 [0 
20 31 3 8 41 99 5 46 9 1 96 36 60 9 55 12 37 92 19 8 26 66 54 53  [1;32 369600 0.78852898119519 [0 
20 31 3 8 10 99 5 46 9 1 96 36 60 9 55 12 37 92 19 8 26 66 54 53  [1;32 536400 0.86675195318098 [0 
seed 27
20 31 3 8 10 99 5 46 9 1 96 36 60 9 55 12 37 92 19 8 26 66 54 53 
100 99 
best 0.86675195318098
 [0 
