1 2 3 4 5 6 7 8 9 10 11 12 13 14 15 16 17 18 19 20 21 22 23 24 [1;32m1200 0.0016510649687225[0m
1 2 3 4 5 6 7 8 69 10 11 12 13 14 15 16 17 18 19 20 21 22 23 24 [1;32m4800 0.0016532089547766[0m
1 2 3 4 5 6 7 8 69 10 11 12 74 14 15 16 17 18 19 20 21 22 23 24 [1;32m15600 0.0033008168765462[0m
1 2 3 4 36 6 39 8 69 10 11 12 74 14 12 16 17 18 19 20 21 22 23 24 [1;32m21600 0.4313958566273[0m
1 2 3 9 36 6 39 16 69 10 11 12 74 14 12 16 17 18 19 20 21 22 23 24 [1;32m28800 0.52736956542098[0m
1 2 3 9 36 6 39 16 69 10 11 12 74 14 12 16 17 18 19 20 21 22 23 24 [1;32m30000 0.58146286818694[0m
1 2 66 9 36 6 39 38 69 10 11 12 74 14 12 16 17 18 37 20 21 22 23 24 [1;32m110400 0.8520787678196[0m
seed 13
1 2 66 9 36 6 39 38 69 10 11 12 74 14 12 16 17 18 37 20 21 22 23 24 
100 99 
best 0.8520787678196
[0m
