1 2 3 4 5 6 7 8 9 10 11 31 13 14 15 16 28 18 19 20 21 22 23 24 [1;32m28800 0.10445108434645[0m
94 2 98 4 83 6 7 8 9 10 11 31 93 14 15 33 28 18 19 60 21 22 23 24 [1;32m38400 0.13650055000684[0m
94 2 98 4 83 6 7 8 9 37 11 31 40 14 15 33 28 18 19 60 92 22 23 94 [1;32m44400 0.25516361471327[0m
94 2 98 4 83 6 7 8 36 37 11 31 27 14 15 33 28 18 19 60 92 5 23 94 [1;32m63600 0.25889629241981[0m
94 2 98 4 83 6 7 8 36 37 11 31 27 14 15 33 28 18 19 60 92 5 23 94 [1;32m64800 0.27898571170435[0m
94 2 98 4 83 6 7 8 36 37 11 31 27 14 15 33 28 17 99 60 92 5 23 94 [1;32m72000 0.49539723923378[0m
94 2 98 7 83 6 7 8 36 40 33 37 50 14 15 33 28 17 99 6 92 5 23 94 [1;32m426000 0.4954131810891[0m
94 2 98 7 83 6 33 58 36 22 33 37 50 14 15 33 28 17 34 6 92 5 12 94 [1;32m471600 0.49541342472476[0m
94 2 98 7 83 14 33 74 36 22 33 37 50 14 15 33 28 17 34 6 92 5 12 94 [1;32m474000 0.49541934355279[0m
94 90 98 7 83 14 20 74 60 54 60 37 50 14 15 33 28 17 34 6 92 5 12 40 [1;32m476400 0.4954425461889[0m
94 90 98 7 83 14 20 74 65 54 60 37 50 14 15 33 28 17 34 72 2 5 60 85 [1;32m490800 0.59860887424118[0m
94 90 98 53 79 14 24 74 65 54 60 37 50 14 15 63 28 17 34 72 77 5 60 85 [1;32m493200 0.60057948424215[0m
94 90 98 53 79 14 24 74 65 1 60 37 85 14 3 63 28 17 34 72 77 5 60 85 [1;32m580800 0.60906134300312[0m
94 90 98 53 79 14 24 74 65 1 60 37 85 14 3 63 28 17 34 72 77 5 60 85 [1;32m582000 0.74682441264252[0m
94 90 98 53 95 14 80 74 65 1 60 37 85 14 9 63 28 17 34 16 77 5 60 87 [1;32m735600 0.86750555480844[0m
seed 14
94 90 98 53 95 14 80 74 65 1 60 37 85 14 9 63 28 17 34 16 77 5 60 87 
100 99 
best 0.86750555480844
[0m
