1 2 3 4 5 6 7 8 9 10 11 12 13 14 15 16 17 18 19 20 21 22 23 24  [1;32 1200 0.19882328069236 [0 
68 2 3 4 5 85 7 8 9 10 84 12 13 14 15 93 17 18 19 20 21 22 51 24  [1;32 33600 0.3304336215248 [0 
68 2 42 4 5 85 32 8 9 10 84 12 13 14 15 93 17 18 19 20 4 22 51 24  [1;32 54000 0.43899288629291 [0 
68 2 61 4 5 85 32 19 9 10 84 12 13 14 15 93 17 18 42 20 4 22 83 24  [1;32 56400 0.50763037015044 [0 
68 2 61 4 5 85 32 19 9 10 84 12 13 14 15 93 17 18 42 20 4 22 83 24  [1;32 57600 0.51583295533163 [0 
68 2 61 4 5 85 32 67 9 10 84 12 13 14 15 93 17 18 42 20 4 22 83 24  [1;32 60000 0.59376229502058 [0 
43 2 61 97 5 85 32 67 71 10 84 12 13 14 54 93 17 18 42 20 4 22 83 60  [1;32 104400 0.60044785376418 [0 
43 2 61 97 5 34 32 67 71 10 84 12 13 14 54 93 17 6 42 20 4 22 83 92  [1;32 152400 0.61372603182453 [0 
43 2 61 79 5 34 32 17 71 10 84 12 13 14 54 93 17 90 42 20 4 60 5 92  [1;32 178800 0.75424658263114 [0 
43 2 61 77 5 34 32 24 71 87 84 12 13 14 54 93 17 90 42 20 4 60 5 92  [1;32 315600 0.84545439279545 [0 
43 2 61 77 5 34 32 24 71 87 84 12 13 14 54 93 17 90 42 20 4 60 5 92  [1;32 316800 0.88864487990737 [0 
seed 94
43 2 61 77 5 34 32 24 71 87 84 12 13 14 54 93 17 90 42 20 4 60 5 92 
100 99 
best 0.88864487990737
 [0 
