1 2 3 4 5 90 7 8 9 10 11 25 13 14 15 16 36 18 90 37 48 22 23 24 [1;32m7200 0.0018278585055239[0m
1 2 3 40 5 90 68 15 9 10 11 25 13 61 50 16 36 18 90 37 22 22 23 24 [1;32m16800 0.0072981277733282[0m
1 58 37 40 5 90 68 4 9 10 11 25 13 61 50 16 36 18 90 37 9 22 23 24 [1;32m19200 0.0086098883718074[0m
1 58 37 40 5 90 68 4 9 10 11 25 13 61 50 16 36 18 90 37 9 22 23 24 [1;32m20400 0.010173705786557[0m
1 9 37 40 95 90 68 4 9 10 11 11 13 61 50 16 36 18 90 37 50 22 23 11 [1;32m26400 0.011209747367259[0m
92 9 37 40 95 90 68 4 98 10 11 11 13 61 25 16 36 92 90 37 50 22 23 11 [1;32m28800 0.034408296083975[0m
27 9 37 75 95 90 68 4 42 10 11 11 13 61 25 16 36 92 90 16 50 65 23 11 [1;32m45600 0.052103394191916[0m
27 9 7 75 95 90 68 4 42 10 11 11 13 95 25 16 36 92 90 16 50 65 16 11 [1;32m58800 0.43078853214305[0m
27 9 7 75 95 90 68 4 42 10 11 11 13 95 25 16 36 92 90 16 50 65 16 11 [1;32m60000 0.55642590382548[0m
27 29 27 82 95 90 68 4 42 10 11 23 13 95 25 16 36 92 90 16 50 65 16 11 [1;32m88800 0.80417422476852[0m
27 29 27 82 95 90 68 4 42 10 11 23 13 95 25 16 36 92 90 16 50 65 16 11 [1;32m90000 0.88585878538646[0m
27 29 27 82 95 48 68 48 42 15 11 23 13 95 36 16 36 92 90 10 50 65 16 11 [1;32m117600 0.89032210666034[0m
99 29 27 82 95 48 68 48 42 15 11 23 13 95 36 16 36 92 90 10 50 65 16 11 [1;32m1122000 0.89050679413188[0m
3 29 27 5 65 48 68 48 42 15 11 23 13 95 36 16 36 58 90 10 50 32 16 11 [1;32m1155600 0.89207722243625[0m
seed 63
3 29 27 5 65 48 68 48 42 15 11 23 13 95 36 16 36 58 90 10 50 32 16 11 
100 99 
best 0.89207722243625
[0m
