1 73 1 4 5 6 7 8 9 10 11 12 13 14 15 19 59 18 11 20 21 22 84 24 [1;32m18000 0.0071124868883455[0m
1 73 1 4 54 54 7 8 9 10 11 12 13 65 15 19 59 18 11 20 21 22 84 24 [1;32m30000 0.0075033950083098[0m
1 73 1 4 54 54 7 39 9 10 11 12 13 65 8 19 71 18 11 20 21 22 84 24 [1;32m56400 0.0075462896480024[0m
100 73 1 4 54 54 83 39 9 10 11 12 13 65 62 19 66 18 96 20 21 22 84 24 [1;32m466800 0.0075637765586411[0m
73 37 1 4 27 54 83 39 9 34 11 12 13 65 62 19 66 18 96 20 21 22 84 24 [1;32m637200 0.0091726092546919[0m
73 37 1 4 27 75 83 39 9 34 11 12 13 65 62 19 86 18 96 20 21 22 84 82 [1;32m792000 0.0097240892958454[0m
69 37 1 14 27 75 91 39 9 34 11 12 13 65 62 19 86 18 96 20 21 22 84 82 [1;32m838800 0.018201802322986[0m
69 37 61 14 27 75 91 39 9 34 11 12 13 65 62 19 89 18 26 20 21 22 84 82 [1;32m883200 0.029081169889689[0m
69 37 41 14 3 75 91 39 9 34 37 12 13 65 62 60 89 18 26 80 21 22 84 82 [1;32m1010400 0.050465894881372[0m
seed 26
69 37 41 14 3 75 91 39 9 34 37 12 13 65 62 60 89 18 26 80 21 22 84 82 
100 99 
best 0.050465894881372
[0m
