1 2 92 97 49 6 17 8 9 10 11 97 13 14 15 16 17 18 19 20 21 22 59 24 [1;32m50400 0.0030710908565522[0m
1 2 92 97 49 6 17 8 9 10 11 97 13 14 15 34 17 18 68 20 21 72 29 24 [1;32m674400 0.1406136920608[0m
1 2 92 97 49 6 17 8 9 10 11 97 13 14 15 34 17 18 68 20 21 72 29 24 [1;32m675600 0.17034667329721[0m
1 2 92 97 49 6 17 8 9 10 11 97 13 14 15 34 17 18 68 20 21 72 29 24 [1;32m676800 0.20213804202149[0m
1 2 92 97 49 6 17 8 9 10 11 39 13 14 15 34 73 18 68 20 21 72 29 24 [1;32m682800 0.20425785968495[0m
1 2 92 97 49 6 17 8 9 10 11 39 13 14 15 34 100 18 68 20 21 72 29 24 [1;32m690000 0.21763244349493[0m
1 2 55 97 49 77 17 8 9 10 11 65 13 14 15 34 100 7 68 20 21 72 70 24 [1;32m757200 0.22058059890623[0m
1 2 55 39 49 77 17 42 9 29 11 65 13 65 15 33 100 7 68 20 21 72 70 24 [1;32m776400 0.26054527417336[0m
1 2 1 39 49 77 17 42 86 29 11 65 13 32 15 33 19 7 68 20 21 64 70 1 [1;32m783600 0.8434999225372[0m
27 2 1 93 49 77 17 42 57 29 10 65 13 32 15 33 19 7 68 20 21 64 5 1 [1;32m884400 0.87773741715642[0m
73 85 1 93 49 77 17 42 57 29 10 84 13 32 15 33 87 7 68 20 21 64 5 1 [1;32m1002000 0.8845125426785[0m
seed 65
73 85 1 93 49 77 17 42 57 29 10 84 13 32 15 33 87 7 68 20 21 64 5 1 
100 99 
best 0.8845125426785
[0m
