1 2 3 4 5 59 7 8 57 10 11 57 13 14 15 16 17 18 97 20 21 71 23 24  [1;32 140400 0.25801095836408 [0 
1 2 3 4 5 59 7 8 57 10 11 57 13 14 15 16 17 18 20 20 21 71 23 24  [1;32 207600 0.43272061478046 [0 
1 2 3 4 5 59 7 8 3 10 11 57 13 14 15 16 17 18 20 20 21 71 23 24  [1;32 240000 0.43913442264701 [0 
1 2 3 4 5 59 7 8 3 10 11 57 13 14 46 16 17 18 20 20 21 71 23 24  [1;32 242400 0.64962241086648 [0 
1 2 3 4 86 59 7 8 3 10 11 57 13 14 46 16 17 18 20 20 21 71 23 24  [1;32 246000 0.73395080042623 [0 
1 2 81 4 86 59 7 8 3 10 11 57 13 42 46 16 83 17 20 20 10 71 23 24  [1;32 254400 0.79873349713397 [0 
1 2 81 4 86 59 7 8 3 10 11 57 13 42 46 16 83 17 20 20 10 71 23 24  [1;32 255600 0.81711785358994 [0 
1 2 81 4 86 59 7 8 3 10 11 57 13 42 46 16 83 17 20 20 10 71 23 24  [1;32 256800 0.84314798682489 [0 
1 2 81 4 86 59 7 8 14 10 11 57 13 42 98 16 83 17 20 20 10 27 73 24  [1;32 909600 0.87386142510437 [0 
seed 36
1 2 81 4 86 59 7 8 14 10 11 57 13 42 98 16 83 17 20 20 10 27 73 24 
100 99 
best 0.87386142510437
 [0 
