1 2 3 4 5 6 7 8 9 10 11 12 13 14 15 16 17 18 19 20 21 22 23 24  [1;32 1200 0.66400097103789 [0 
1 2 3 4 5 6 7 8 9 96 11 12 13 14 15 16 17 18 19 20 21 22 23 24  [1;32 39600 0.82630297988539 [0 
1 93 68 4 5 6 7 8 9 96 11 19 13 14 15 16 17 18 46 20 21 22 23 24  [1;32 135600 0.85763084702469 [0 
1 93 68 4 5 6 7 8 9 96 11 33 13 14 15 16 17 18 46 20 21 22 23 24  [1;32 289200 0.87779256557219 [0 
1 93 68 4 5 6 7 8 9 96 82 33 13 14 15 16 17 18 46 20 21 22 23 24  [1;32 930000 0.88226959994876 [0 
seed 56
1 93 68 4 5 6 7 8 9 96 82 33 13 14 15 16 17 18 46 20 21 22 23 24 
100 99 
best 0.88226959994876
 [0 
