28 2 32 4 8 6 7 8 9 10 11 65 13 14 15 16 17 18 19 20 21 22 46 24  [1;32 20400 0.065162755778321 [0 
28 2 32 4 8 6 7 8 9 10 11 65 13 14 15 16 17 18 19 20 21 22 46 24  [1;32 21600 0.14877641278145 [0 
28 2 32 64 8 6 7 8 9 10 12 6 13 14 15 16 17 18 19 20 21 22 59 24  [1;32 30000 0.17203078612646 [0 
28 2 32 64 8 52 7 4 9 10 58 6 13 14 15 83 17 18 19 40 21 22 59 24  [1;32 32400 0.21196528909096 [0 
28 2 32 64 8 76 7 4 9 10 99 6 13 14 15 83 17 18 19 40 21 10 40 24  [1;32 46800 0.25847320368455 [0 
28 2 32 64 8 76 7 4 9 10 99 6 13 14 15 83 17 18 19 40 21 10 40 24  [1;32 48000 0.28227108216195 [0 
28 2 32 64 8 76 7 4 9 10 99 6 13 14 15 83 17 18 19 40 21 10 40 24  [1;32 49200 0.28410141773006 [0 
82 2 32 64 8 76 7 4 9 10 99 74 27 14 15 83 17 18 19 40 21 10 40 24  [1;32 56400 0.49374446383266 [0 
82 2 32 64 8 76 7 4 9 10 99 74 27 14 15 83 17 18 19 40 21 10 40 24  [1;32 57600 0.49539693101586 [0 
82 2 32 64 8 76 7 4 9 10 99 74 27 14 15 83 17 18 19 40 21 10 40 24  [1;32 58800 0.49541142860769 [0 
82 2 32 64 8 76 7 18 9 10 99 36 27 31 15 83 17 18 19 40 21 10 40 24  [1;32 88800 0.49543100011654 [0 
82 46 32 64 8 76 7 72 9 10 99 59 27 31 15 83 67 18 19 40 21 10 40 24  [1;32 387600 0.49543126129917 [0 
82 46 32 64 8 76 7 72 9 10 99 59 27 31 15 83 67 18 19 40 21 77 56 24  [1;32 783600 0.49543631050147 [0 
seed 10
82 46 32 64 8 76 7 72 9 10 99 59 27 31 15 83 67 18 19 40 21 77 56 24 
100 99 
best 0.49543631050147
 [0 
