70 2 3 4 5 6 7 8 9 10 11 12 13 14 15 16 17 18 19 20 21 22 76 24 [1;32m8400 0.0018519638481163[0m
70 2 3 4 5 6 7 8 9 10 11 12 95 14 15 16 17 18 19 20 21 22 76 24 [1;32m30000 0.0021575793188136[0m
70 2 2 48 5 6 7 8 10 10 11 12 95 14 15 16 17 18 19 20 21 22 22 2 [1;32m85200 0.068002133754662[0m
70 2 2 5 5 6 7 8 10 10 11 12 95 14 15 16 17 18 19 66 21 22 22 2 [1;32m133200 0.072452631620132[0m
70 2 9 5 5 6 7 8 10 10 11 12 95 14 15 16 83 18 19 66 21 22 22 2 [1;32m148800 0.16766138382551[0m
70 2 16 5 5 6 66 8 10 10 11 12 95 14 15 31 83 18 19 66 21 22 22 2 [1;32m283200 0.20843040427094[0m
63 19 16 5 5 6 66 12 10 10 11 12 95 14 15 31 83 18 19 66 21 22 66 78 [1;32m500400 0.21546663978314[0m
63 30 16 5 5 6 66 12 10 10 11 12 95 14 15 31 83 18 19 66 21 22 66 78 [1;32m505200 0.21992263051795[0m
63 30 16 5 5 6 66 12 10 10 11 12 95 14 15 31 83 18 19 66 21 22 66 78 [1;32m506400 0.22252377639685[0m
seed 65
63 30 16 5 5 6 66 12 10 10 11 12 95 14 15 31 83 18 19 66 21 22 66 78 
100 99 
best 0.22252377639685
[0m
