1 2 3 4 5 6 7 8 9 10 11 12 13 14 15 16 17 18 19 20 21 22 23 24 [1;32m1200 0.39466155646679[0m
1 2 3 4 5 6 7 8 9 10 11 12 13 14 15 16 17 18 19 20 21 22 23 24 [1;32m2400 0.39631172044435[0m
1 2 3 4 5 6 7 8 9 10 11 12 13 14 15 16 17 18 19 20 21 22 23 24 [1;32m3600 0.3963424372728[0m
1 2 3 4 5 6 7 8 9 10 11 12 13 14 15 16 17 18 19 20 21 22 23 24 [1;32m4800 0.39634286491427[0m
1 72 3 79 5 6 7 8 9 10 40 12 13 14 12 16 17 18 21 24 21 22 23 24 [1;32m16800 0.58231961394843[0m
1 72 3 79 5 6 7 8 9 90 40 12 57 14 12 16 17 18 21 24 21 22 23 24 [1;32m19200 0.59964091299406[0m
1 72 3 79 5 6 7 8 9 90 40 12 57 80 12 16 17 18 21 57 21 22 23 24 [1;32m32400 0.82493388459672[0m
1 72 81 79 5 6 7 8 100 90 40 12 57 80 12 16 17 18 21 90 21 22 23 24 [1;32m92400 0.83901118069705[0m
1 72 81 79 63 6 7 8 100 90 40 12 57 80 2 16 17 18 21 90 21 22 23 24 [1;32m96000 0.85835553639277[0m
1 72 81 79 63 6 7 8 100 90 40 12 57 80 2 16 17 18 21 90 21 22 23 24 [1;32m97200 0.86047853359885[0m
1 89 81 79 63 6 7 8 100 90 40 24 57 80 27 16 17 18 21 90 21 22 23 24 [1;32m380400 0.87523551787013[0m
seed 42
1 89 81 79 63 6 7 8 100 90 40 24 57 80 27 16 17 18 21 90 21 22 23 24 
100 99 
best 0.87523551787013
[0m
