1 2 3 4 5 6 35 8 9 10 11 34 13 14 15 16 17 18 58 2 21 22 23 24  [1;32 25200 0.31448015868972 [0 
1 2 3 4 5 6 35 8 68 10 11 34 13 14 65 16 17 18 58 2 21 22 23 24  [1;32 30000 0.47090923371211 [0 
1 2 3 4 32 6 35 8 68 10 11 34 13 15 42 16 17 18 58 2 21 22 23 24  [1;32 248400 0.79436237349399 [0 
1 2 3 4 32 6 35 8 68 10 11 34 13 15 42 16 17 18 58 2 21 22 23 24  [1;32 249600 0.81937201407611 [0 
1 2 3 4 32 6 35 8 68 10 11 33 13 25 42 16 17 18 58 2 21 22 23 24  [1;32 253200 0.83054778579087 [0 
1 2 3 4 32 6 35 8 68 10 11 33 13 25 42 16 17 18 58 2 21 22 23 24  [1;32 254400 0.83123075627468 [0 
1 2 3 4 85 6 35 8 68 10 11 33 13 25 42 16 17 18 58 2 21 22 23 24  [1;32 260400 0.85694571910524 [0 
1 2 3 4 85 6 35 61 68 10 11 33 13 25 42 16 17 18 58 2 1 22 57 24  [1;32 421200 0.87122418887403 [0 
1 2 3 4 85 13 35 61 68 10 11 33 13 25 42 16 17 18 58 2 1 22 57 24  [1;32 428400 0.87354444692526 [0 
1 2 3 4 85 13 35 61 68 10 11 33 13 25 42 16 17 18 58 2 1 22 57 24  [1;32 429600 0.87372410933552 [0 
1 2 3 4 85 13 35 61 68 10 11 33 13 25 42 16 17 18 58 2 1 22 57 24  [1;32 430800 0.87560562034806 [0 
1 2 3 99 85 73 96 61 68 10 11 33 13 25 42 16 17 18 58 2 100 75 57 24  [1;32 864000 0.87817951225869 [0 
1 2 3 99 85 73 96 61 68 10 11 33 13 25 42 16 17 18 58 2 100 10 57 24  [1;32 1206000 0.89915189640207 [0 
seed 44
1 2 3 99 85 73 96 61 68 10 11 33 13 25 42 16 17 18 58 2 100 10 57 24 
100 99 
best 0.89915189640207
 [0 
