1 2 3 4 5 6 7 8 9 10 11 12 13 14 15 16 17 18 19 20 21 22 23 24  [1;32 1200 0.073608185721444 [0 
1 2 3 4 5 6 7 8 9 93 84 24 13 14 15 16 17 18 19 73 21 22 61 24  [1;32 14400 0.14873588583735 [0 
1 2 3 4 5 6 7 8 9 93 84 24 13 14 15 16 17 18 19 73 21 22 61 24  [1;32 15600 0.20725705383847 [0 
1 2 3 4 5 6 7 8 9 93 84 24 13 14 15 16 17 18 19 73 21 22 61 24  [1;32 16800 0.20979680920361 [0 
1 2 3 4 5 6 7 8 9 83 84 24 13 14 15 16 17 18 19 73 21 22 48 24  [1;32 28800 0.30517524297096 [0 
1 2 3 4 5 6 7 8 9 83 84 24 13 14 15 16 17 18 19 73 21 22 48 24  [1;32 30000 0.46663704819409 [0 
67 2 95 4 5 49 7 8 9 70 84 24 13 14 15 16 78 18 19 73 21 22 48 24  [1;32 32400 0.4722737650951 [0 
67 2 95 4 5 49 7 8 9 70 84 24 13 14 15 16 78 18 19 73 21 22 48 24  [1;32 33600 0.47887455991708 [0 
67 2 95 4 5 49 7 8 9 70 84 24 13 14 15 16 78 18 19 73 21 22 48 24  [1;32 34800 0.48055141929484 [0 
67 2 95 4 5 49 7 8 9 70 84 24 13 14 15 16 78 18 19 73 21 22 48 24  [1;32 36000 0.4805601020674 [0 
67 2 95 4 5 49 7 8 9 70 84 24 13 14 13 16 78 13 19 16 21 22 48 24  [1;32 39600 0.53434001619347 [0 
67 2 57 4 5 49 7 52 9 70 84 24 13 14 13 81 35 13 19 16 43 22 48 24  [1;32 55200 0.53503202428584 [0 
67 2 57 23 5 49 7 37 99 70 84 24 13 14 13 81 35 13 19 16 24 22 48 24  [1;32 92400 0.55831256150277 [0 
67 2 57 23 5 46 7 37 99 70 84 24 13 14 13 81 35 13 19 16 24 22 48 24  [1;32 139200 0.56761112692018 [0 
67 2 57 23 5 46 57 37 99 70 84 24 13 14 13 81 35 13 48 16 24 22 48 24  [1;32 145200 0.57898519819676 [0 
67 2 57 23 5 46 31 37 99 70 84 24 13 65 13 9 35 13 55 16 24 22 48 24  [1;32 147600 0.58712209312142 [0 
67 2 57 23 5 46 31 37 99 70 84 24 13 65 13 9 35 13 55 16 66 22 48 24  [1;32 163200 0.81783397241718 [0 
67 2 57 21 5 46 31 37 99 70 84 24 13 12 13 9 35 13 55 16 66 22 48 24  [1;32 1202400 0.8188590203183 [0 
67 2 57 21 5 46 31 37 99 70 84 24 13 12 13 9 35 13 55 16 66 22 48 24  [1;32 1203600 0.8199634234458 [0 
67 2 57 21 5 46 31 37 99 70 84 24 13 12 13 9 35 13 55 16 66 22 48 24  [1;32 1204800 0.8303408719822 [0 
67 2 57 21 5 46 65 37 99 70 84 24 13 12 13 9 35 13 55 16 86 22 48 24  [1;32 1310400 0.845937451382 [0 
67 2 57 21 5 46 65 37 57 70 84 24 13 12 13 9 35 13 55 16 86 22 48 24  [1;32 1411200 0.85373423956572 [0 
seed 38
67 2 57 21 5 46 65 37 57 70 84 24 13 12 13 9 35 13 55 16 86 22 48 24 
100 99 
best 0.85373423956572
 [0 
