1 89 3 4 5 6 7 8 9 10 11 12 13 14 15 16 17 50 19 20 21 22 23 68  [1;32 51600 0.8320498064297 [0 
1 89 3 4 5 6 7 8 9 22 11 12 13 33 15 16 48 50 19 20 21 22 23 68  [1;32 114000 0.84584814694909 [0 
1 89 3 4 5 6 7 8 9 22 11 12 13 33 15 16 48 50 19 20 21 22 23 68  [1;32 115200 0.85115072656678 [0 
1 89 3 4 5 6 7 8 9 22 11 12 13 33 15 16 48 26 19 20 21 22 23 68  [1;32 120000 0.8974349702522 [0 
1 89 3 4 5 6 7 8 9 14 11 12 13 33 15 16 48 26 19 20 21 22 23 68  [1;32 196800 0.89930672246919 [0 
1 89 25 4 5 39 7 8 9 14 11 12 13 33 15 16 48 26 19 20 21 22 23 68  [1;32 219600 0.90237171669791 [0 
1 89 25 4 5 39 7 8 9 14 11 12 13 33 15 16 48 26 19 20 21 22 21 68  [1;32 543600 0.90302576320553 [0 
1 89 25 4 5 39 7 8 9 20 11 12 13 33 15 16 48 26 19 20 21 22 66 68  [1;32 1126800 0.90365916248571 [0 
1 89 25 4 5 39 7 8 9 57 11 12 13 33 15 16 94 26 19 20 13 22 66 68  [1;32 1150800 0.90408831598343 [0 
seed 56
1 89 25 4 5 39 7 8 9 57 11 12 13 33 15 16 94 26 19 20 13 22 66 68 
100 99 
best 0.90408831598343
 [0 
