1 2 3 4 5 6 7 8 9 10 11 12 13 14 15 16 17 18 19 20 21 22 23 24  [1;32 1200 0.16265883565949 [0 
1 2 3 4 5 6 94 8 9 85 11 12 13 14 15 16 17 21 84 20 21 22 23 24  [1;32 9600 0.36992813849848 [0 
1 2 3 4 5 6 94 8 9 85 11 12 13 14 15 16 17 21 84 20 21 22 23 24  [1;32 10800 0.37153608160305 [0 
1 60 3 4 83 6 94 8 9 85 11 12 13 14 15 16 17 2 84 20 21 22 23 24  [1;32 13200 0.49461350087598 [0 
1 60 3 4 83 6 94 8 9 85 11 12 13 14 15 16 17 2 84 20 21 22 23 24  [1;32 14400 0.49537672667769 [0 
1 60 3 4 83 6 94 8 9 85 16 12 13 14 15 16 17 2 84 20 21 22 93 24  [1;32 44400 0.49539857233363 [0 
1 60 3 4 83 6 94 8 9 85 16 12 13 14 15 16 17 2 84 20 21 22 93 24  [1;32 45600 0.49540230068058 [0 
1 60 3 4 88 6 94 85 34 85 16 12 13 14 15 32 17 2 84 20 39 22 93 24  [1;32 68400 0.59457926713726 [0 
1 60 3 4 88 6 94 85 34 85 16 12 13 25 15 32 50 2 84 20 39 22 93 24  [1;32 72000 0.73087096679818 [0 
1 60 3 4 88 6 94 85 34 85 16 12 13 25 15 32 60 2 84 20 39 22 51 24  [1;32 252000 0.74107594096663 [0 
1 97 3 28 88 6 94 85 34 85 7 12 13 25 75 83 60 2 84 20 39 22 51 24  [1;32 255600 0.79561182220423 [0 
1 97 3 28 88 6 94 85 34 85 7 12 13 25 75 83 60 2 84 20 39 22 51 58  [1;32 488400 0.80927219846514 [0 
1 97 3 28 88 6 94 85 34 85 7 12 13 25 75 83 60 2 84 20 39 22 51 58  [1;32 489600 0.86336865953904 [0 
1 97 3 90 88 6 94 85 34 85 7 12 13 16 75 83 60 2 84 20 74 22 51 58  [1;32 561600 0.88304605879462 [0 
1 97 3 50 88 6 94 85 34 85 43 12 13 16 75 83 60 31 84 20 54 22 51 33  [1;32 657600 0.88926699165458 [0 
1 97 3 50 88 6 94 85 61 85 43 12 13 16 17 83 60 43 84 35 54 22 51 33  [1;32 728400 0.89057636717862 [0 
1 97 3 50 88 6 94 85 61 85 43 12 13 16 17 83 46 43 84 35 54 22 51 33  [1;32 736800 0.89906029199319 [0 
1 74 3 50 88 6 94 85 61 40 55 12 13 16 17 83 46 60 73 35 54 22 51 33  [1;32 1006800 0.9003878211988 [0 
1 44 3 50 88 6 94 78 61 80 55 12 13 16 17 83 46 60 73 35 54 22 51 33  [1;32 1270800 0.90089604308685 [0 
1 44 3 50 88 6 94 78 61 59 55 12 13 16 17 83 46 60 73 35 54 22 51 33  [1;32 1294800 0.90216444599394 [0 
seed 17
1 44 3 50 88 6 94 78 61 59 55 12 13 16 17 83 46 60 73 35 54 22 51 33 
100 99 
best 0.90216444599394
 [0 
