1 2 3 4 5 6 7 8 9 10 11 12 13 14 15 16 17 18 19 20 21 22 23 24  [1;32 1200 0.8632129903621 [0 
1 19 96 4 5 6 7 8 9 10 27 12 13 53 15 97 17 18 19 20 21 22 23 24  [1;32 3600 0.87517537983232 [0 
1 19 96 4 5 6 7 8 31 10 64 12 13 53 15 97 17 18 19 20 21 22 23 24  [1;32 554400 0.87596989808118 [0 
1 19 96 4 54 6 7 8 31 10 74 93 13 53 15 97 17 18 19 20 38 22 23 24  [1;32 854400 0.876256277181 [0 
1 19 96 4 54 6 7 8 31 10 25 93 13 53 15 97 17 18 19 20 38 22 23 24  [1;32 1021200 0.88927322580647 [0 
66 19 96 4 54 6 7 8 58 10 25 93 13 53 15 97 17 18 19 20 38 22 23 24  [1;32 1327200 0.89338418761994 [0 
seed 22
66 19 96 4 54 6 7 8 58 10 25 93 13 53 15 97 17 18 19 20 38 22 23 24 
100 99 
best 0.89338418761994
 [0 
