1 2 3 4 5 6 7 8 9 10 11 12 13 14 15 93 17 18 19 20 21 22 23 24  [1;32 12000 0.0059911173124825 [0 
1 2 3 4 5 6 7 8 9 10 11 83 13 14 15 93 17 18 19 20 21 22 23 24  [1;32 18000 0.031781986091647 [0 
1 2 3 9 5 6 7 8 74 10 11 83 13 14 15 93 17 18 19 20 21 22 28 24  [1;32 43200 0.042509742272022 [0 
1 2 3 9 5 6 7 8 74 10 11 83 13 14 15 93 17 53 19 20 21 22 47 24  [1;32 104400 0.19970676495264 [0 
1 2 3 9 5 6 7 8 74 10 11 83 13 14 15 93 17 53 42 20 21 22 47 24  [1;32 152400 0.38727729566422 [0 
1 63 3 35 40 6 7 8 74 10 11 83 13 14 15 93 41 53 42 20 21 22 47 24  [1;32 156000 0.40459780114795 [0 
1 63 3 35 40 6 7 8 74 10 11 83 13 14 15 93 41 53 42 20 21 22 47 24  [1;32 157200 0.46994516896595 [0 
1 63 3 35 40 6 7 8 74 10 11 83 13 14 15 93 41 53 42 20 21 22 47 24  [1;32 158400 0.47011191724962 [0 
1 63 3 35 40 6 7 8 74 10 11 83 13 14 15 93 41 53 42 20 21 22 47 24  [1;32 159600 0.47378835015693 [0 
1 63 95 35 40 6 7 8 74 10 11 83 13 14 15 93 41 53 24 20 21 22 47 24  [1;32 168000 0.49538228919083 [0 
1 63 95 35 40 6 7 8 74 10 11 83 13 14 15 93 41 53 24 20 21 22 47 24  [1;32 169200 0.49539455869798 [0 
1 63 95 35 40 6 7 8 74 10 11 83 13 14 15 93 41 53 24 20 21 22 47 24  [1;32 170400 0.4953961035625 [0 
1 63 95 35 40 6 7 8 74 10 11 83 13 14 15 93 41 53 24 20 21 22 47 24  [1;32 171600 0.49540720919093 [0 
1 63 95 35 40 6 7 8 74 10 11 83 13 14 15 93 41 53 24 20 21 22 47 24  [1;32 172800 0.49541537676877 [0 
1 63 95 35 40 6 7 99 74 25 11 83 13 14 15 93 41 53 29 20 21 22 52 24  [1;32 177600 0.64254727152598 [0 
1 63 95 35 26 6 7 99 74 25 11 83 13 14 15 93 41 53 29 20 21 22 52 24  [1;32 194400 0.8157646275407 [0 
1 63 95 35 26 6 7 99 74 25 11 83 13 14 15 93 41 53 29 20 21 22 52 24  [1;32 195600 0.83752772047147 [0 
1 63 95 35 26 6 7 99 74 25 11 83 13 14 15 93 41 53 29 20 21 22 52 24  [1;32 196800 0.8387755783911 [0 
1 63 95 99 26 6 7 99 74 25 11 83 13 14 15 93 41 53 29 20 21 22 52 24  [1;32 248400 0.84190939763022 [0 
1 63 95 99 26 6 7 99 74 25 11 83 13 14 15 93 41 53 29 20 21 22 34 24  [1;32 277200 0.88251353990698 [0 
1 63 95 99 26 6 55 99 74 25 11 20 31 14 20 93 41 53 29 20 21 22 34 10  [1;32 979200 0.89165993292553 [0 
seed 59
1 63 95 99 26 6 55 99 74 25 11 20 31 14 20 93 41 53 29 20 21 22 34 10 
100 99 
best 0.89165993292553
 [0 
