1 2 3 4 5 6 7 8 9 10 11 12 13 14 15 16 17 18 19 20 21 22 23 24 [1;32m1200 0.21986441236957[0m
1 2 3 4 81 6 7 82 62 10 11 12 33 27 15 16 17 18 19 20 21 22 23 24 [1;32m22800 0.44204235964205[0m
1 2 3 4 81 6 7 48 62 10 11 12 33 27 15 16 17 18 19 20 21 22 23 89 [1;32m134400 0.44341364395965[0m
1 2 3 4 81 6 7 48 62 29 7 12 33 85 15 16 93 18 89 20 21 22 23 89 [1;32m212400 0.44557534559348[0m
1 2 37 4 24 6 7 84 62 29 7 12 3 85 15 16 93 18 89 20 21 4 23 89 [1;32m230400 0.44958302865465[0m
1 2 48 4 24 6 7 84 62 91 7 12 3 85 15 16 93 18 89 20 21 4 23 89 [1;32m236400 0.44978295554673[0m
44 2 48 4 24 66 7 84 62 9 7 12 3 85 15 16 93 18 89 20 21 63 23 89 [1;32m313200 0.45201287492608[0m
44 2 48 4 24 66 7 84 21 9 7 12 3 85 15 16 93 18 89 20 21 63 23 89 [1;32m391200 0.64762386718977[0m
25 2 48 4 24 66 7 84 21 9 7 55 88 85 15 16 93 18 89 75 21 63 23 89 [1;32m895200 0.81796727644649[0m
seed 62
25 2 48 4 24 66 7 84 21 9 7 55 88 85 15 16 93 18 89 75 21 63 23 89 
100 99 
best 0.81796727644649
[0m
