1 2 3 71 5 6 83 8 84 10 11 12 13 14 15 57 17 18 19 20 21 22 23 65  [1;32 14400 0.22159981130804 [0 
1 2 3 71 5 6 83 8 84 10 11 12 13 14 15 57 17 30 19 20 21 22 23 65  [1;32 39600 0.53567659635928 [0 
1 2 3 71 5 85 83 8 84 10 11 12 13 14 40 57 17 30 19 20 21 22 23 65  [1;32 45600 0.59457848711644 [0 
96 56 3 71 5 85 83 8 84 34 11 12 13 14 40 57 45 30 19 20 21 22 23 65  [1;32 48000 0.6358134928294 [0 
96 56 3 72 5 85 83 8 80 34 11 12 13 14 40 57 45 30 42 20 4 22 23 65  [1;32 201600 0.65565709937927 [0 
96 56 3 72 5 85 83 8 80 34 11 12 13 14 40 57 45 30 42 20 4 22 23 65  [1;32 202800 0.68902365339014 [0 
96 56 3 72 5 85 83 8 80 34 11 12 13 14 40 57 45 30 42 20 4 22 23 65  [1;32 534000 0.75365352387235 [0 
96 56 3 72 5 85 83 8 80 34 11 39 13 15 40 41 69 30 42 20 79 18 23 65  [1;32 589200 0.83350336161724 [0 
96 56 3 72 5 85 83 8 80 34 11 39 13 15 40 41 69 30 42 20 79 18 23 65  [1;32 590400 0.84184461925042 [0 
96 56 3 72 5 85 83 8 80 34 11 39 13 15 40 41 69 30 42 20 79 18 23 65  [1;32 591600 0.8807385936024 [0 
96 56 3 72 5 37 83 65 80 34 11 39 13 39 40 41 69 30 91 20 79 18 23 65  [1;32 1098000 0.88379424154716 [0 
seed 35
96 56 3 72 5 37 83 65 80 34 11 39 13 39 40 41 69 30 91 20 79 18 23 65 
100 99 
best 0.88379424154716
 [0 
