1 2 3 4 5 6 7 8 9 10 11 12 13 14 15 16 17 18 19 20 21 22 23 24  [1;32 1200 0.2198587069921 [0 
1 2 3 4 5 6 7 8 9 10 11 12 13 14 29 16 17 92 19 20 21 22 23 95  [1;32 626400 0.5499149753199 [0 
1 2 3 4 5 6 7 8 9 10 11 12 13 14 29 16 38 92 19 67 21 75 23 95  [1;32 636000 0.56129429253494 [0 
1 2 3 4 5 6 7 8 62 10 11 12 13 14 29 16 81 92 19 67 21 75 23 95  [1;32 638400 0.60574607442984 [0 
1 55 3 4 5 6 26 8 62 10 11 12 13 14 5 16 81 92 19 67 21 75 23 95  [1;32 1226400 0.63800268117491 [0 
1 55 7 4 5 6 26 8 62 10 11 5 82 14 5 16 81 92 19 20 21 75 87 95  [1;32 1248000 0.64429593873452 [0 
1 16 4 4 5 6 26 8 62 10 11 20 82 14 5 16 81 92 56 84 21 75 87 95  [1;32 1251600 0.68354038292169 [0 
1 16 4 4 5 6 26 8 62 10 11 20 82 14 5 16 81 92 56 84 21 75 87 95  [1;32 1252800 0.70022362227291 [0 
1 23 4 4 5 6 16 8 62 10 11 20 82 14 5 16 90 92 56 84 21 75 87 95  [1;32 1255200 0.78098508517198 [0 
seed 38
1 23 4 4 5 6 16 8 62 10 11 20 82 14 5 16 90 92 56 84 21 75 87 95 
100 99 
best 0.78098508517198
 [0 
