1 2 3 4 5 6 7 8 9 10 11 12 13 14 15 16 17 18 19 20 21 22 23 24 [1;32m1200 0.16600146169572[0m
32 2 38 4 5 6 7 8 9 10 11 12 14 14 15 16 17 18 19 20 21 22 23 24 [1;32m9600 0.43926072372416[0m
32 2 38 4 5 6 7 8 9 10 11 4 14 14 9 16 17 96 19 20 98 22 23 50 [1;32m14400 0.58145228296989[0m
32 2 38 4 5 6 7 8 9 10 11 4 14 14 9 16 17 96 19 20 98 22 23 96 [1;32m56400 0.82895287699293[0m
32 2 38 4 5 6 7 8 9 10 11 4 14 14 9 16 17 96 19 20 98 22 23 96 [1;32m57600 0.85711595467529[0m
32 2 38 4 5 6 7 8 3 98 11 4 14 14 9 16 17 96 19 96 91 40 23 96 [1;32m267600 0.87684639885185[0m
32 2 38 4 48 6 7 8 3 98 11 4 95 14 9 16 17 96 28 96 91 40 23 4 [1;32m1107600 0.89861580250255[0m
seed 9
32 2 38 4 48 6 7 8 3 98 11 4 95 14 9 16 17 96 28 96 91 40 23 4 
100 99 
best 0.89861580250255
[0m
