1 2 3 4 5 6 7 8 9 10 11 12 13 14 15 16 17 18 19 20 21 22 23 24  [1;32 1200 0.21327538864565 [0 
1 2 3 66 5 6 7 8 9 10 11 12 73 14 15 96 17 93 19 20 36 49 23 24  [1;32 14400 0.38396388008919 [0 
95 2 3 66 5 6 7 67 44 10 11 5 54 14 15 96 17 93 19 20 36 49 57 24  [1;32 58800 0.42585235887682 [0 
79 2 3 66 5 6 18 67 44 26 11 5 54 14 15 96 17 93 19 20 36 61 57 24  [1;32 126000 0.43211118628246 [0 
34 2 3 66 5 61 18 67 44 26 11 5 54 14 15 96 17 93 19 20 36 61 57 24  [1;32 132000 0.43257365629178 [0 
34 2 3 66 5 61 18 67 44 26 11 82 54 14 15 96 17 93 19 20 37 61 57 24  [1;32 157200 0.43649284350831 [0 
34 2 3 84 69 61 18 67 44 26 11 82 54 14 57 56 17 93 19 20 94 30 57 24  [1;32 192000 0.69513809356802 [0 
34 2 3 84 69 61 18 67 44 26 11 82 54 14 32 56 17 93 42 20 94 30 57 54  [1;32 226800 0.75207631391173 [0 
34 2 94 84 69 61 18 67 44 26 11 82 54 14 32 18 17 93 42 45 94 30 57 54  [1;32 230400 0.81432637298526 [0 
34 2 94 84 69 61 18 67 44 26 11 82 54 14 32 18 17 93 42 45 94 30 57 54  [1;32 231600 0.83813431914992 [0 
34 2 94 84 69 61 18 67 44 26 11 82 54 14 32 18 17 93 42 45 94 30 36 54  [1;32 244800 0.85781194495864 [0 
34 97 94 28 69 61 18 67 44 26 7 82 54 14 75 83 17 93 42 45 94 30 36 54  [1;32 256800 0.87567956250321 [0 
34 97 94 28 69 61 18 67 44 45 7 82 54 14 75 83 17 93 42 45 94 30 36 54  [1;32 273600 0.88474097590239 [0 
34 97 88 28 69 61 18 67 44 94 7 82 75 14 75 83 17 44 42 45 94 30 36 54  [1;32 286800 0.88886769921145 [0 
33 97 7 28 69 61 18 67 44 94 7 82 75 14 75 83 17 44 42 45 94 30 36 54  [1;32 500400 0.88991301136028 [0 
seed 17
33 97 7 28 69 61 18 67 44 94 7 82 75 14 75 83 17 44 42 45 94 30 36 54 
100 99 
best 0.88991301136028
 [0 
