1 2 3 71 5 6 83 8 84 10 11 12 13 14 15 57 17 18 19 20 21 22 23 65  [1;32 14400 0.0025171618924737 [0 
1 2 3 71 5 6 83 8 84 10 11 32 34 14 37 57 33 18 19 34 21 22 23 65  [1;32 19200 0.035038745150055 [0 
1 2 93 71 5 6 83 8 84 10 11 32 41 14 37 57 33 18 19 34 9 72 23 65  [1;32 26400 0.087694085080113 [0 
1 2 93 71 14 29 83 8 84 10 7 1 41 14 37 57 33 18 19 34 9 72 23 65  [1;32 37200 0.094295826783754 [0 
1 2 93 71 37 29 83 8 84 10 7 1 41 14 37 57 33 18 19 34 9 72 23 65  [1;32 44400 0.099325315619301 [0 
1 2 93 71 37 27 83 8 91 10 7 1 41 90 37 57 33 18 19 34 67 72 23 65  [1;32 48000 0.10669288139369 [0 
1 2 93 71 37 27 83 8 91 10 7 1 41 90 37 57 33 18 19 34 67 72 23 65  [1;32 49200 0.11939461755819 [0 
1 96 93 71 37 27 83 8 91 10 7 1 41 90 44 57 76 18 12 64 67 72 79 65  [1;32 66000 0.49538872449062 [0 
1 96 93 71 37 27 83 8 91 10 7 1 41 90 44 57 76 18 12 64 67 72 79 65  [1;32 67200 0.49539806239524 [0 
1 96 93 71 37 27 83 8 91 10 7 1 41 90 44 57 76 18 12 64 67 72 79 65  [1;32 68400 0.49540918388895 [0 
1 96 93 71 37 27 83 8 87 10 7 1 41 51 44 57 76 18 12 64 67 72 79 65  [1;32 163200 0.49541508914509 [0 
1 96 93 71 37 27 83 8 87 10 7 1 41 51 44 57 76 18 12 64 67 72 79 65  [1;32 164400 0.49542314405524 [0 
1 96 93 71 17 72 83 89 87 10 7 1 41 51 44 57 76 18 64 64 67 14 79 65  [1;32 290400 0.49542602747534 [0 
1 89 93 71 17 21 35 67 87 10 7 1 41 51 44 57 76 18 64 64 67 14 79 65  [1;32 1360800 0.49542842191482 [0 
seed 35
1 89 93 71 17 21 35 67 87 10 7 1 41 51 44 57 76 18 64 64 67 14 79 65 
100 99 
best 0.49542842191482
 [0 
