1 2 3 4 5 6 7 8 9 10 11 12 13 14 15 16 17 18 19 20 21 22 23 24 [1;32m1200 0.1062209188963[0m
1 10 3 4 76 6 7 8 9 10 11 49 13 14 15 16 17 29 19 20 21 22 23 24 [1;32m110400 0.17345829664798[0m
1 10 3 4 76 6 7 8 9 10 11 49 13 14 15 16 17 29 19 20 21 22 23 24 [1;32m111600 0.17466239736329[0m
1 10 3 4 76 6 7 8 9 10 11 49 13 14 15 16 17 29 19 20 21 22 23 24 [1;32m112800 0.17676657986749[0m
1 10 3 4 76 6 7 8 9 10 11 49 13 14 15 16 17 29 19 20 21 22 23 24 [1;32m114000 0.1821066330172[0m
1 10 3 6 76 6 7 8 9 10 11 49 13 75 15 16 17 29 19 20 21 68 23 24 [1;32m117600 0.18413128709914[0m
1 10 3 6 76 6 7 8 9 10 11 49 13 75 15 16 17 29 19 20 21 68 23 24 [1;32m118800 0.18578552915137[0m
1 10 3 6 76 6 7 8 9 10 11 49 13 75 15 16 17 29 19 20 21 68 23 24 [1;32m120000 0.18578707327315[0m
1 10 3 6 76 9 7 8 48 10 11 49 13 23 15 16 17 29 19 20 7 68 23 24 [1;32m180000 0.18578787778145[0m
1 10 3 6 76 9 7 8 48 10 11 49 13 29 15 16 17 29 24 20 7 99 23 24 [1;32m369600 0.24768533081381[0m
1 10 3 6 76 9 7 8 48 10 11 49 13 29 15 16 17 29 24 20 7 99 23 24 [1;32m370800 0.24770340378139[0m
1 10 3 6 76 9 7 8 48 10 11 49 13 29 15 16 17 29 24 20 7 99 23 24 [1;32m372000 0.24772158524869[0m
1 10 3 56 76 9 7 8 90 10 11 49 13 29 15 16 17 29 83 20 71 99 23 24 [1;32m435600 0.31105775916841[0m
1 100 3 56 76 7 7 8 90 10 11 49 13 29 15 16 17 5 83 20 71 99 23 24 [1;32m438000 0.46822034945639[0m
1 100 3 56 76 7 7 8 90 10 11 49 13 29 15 16 17 5 83 20 71 99 23 24 [1;32m439200 0.53846066918165[0m
1 100 3 56 76 7 74 35 90 10 11 49 13 84 15 16 17 5 83 20 71 99 23 24 [1;32m489600 0.55474782986257[0m
55 100 3 56 76 7 62 35 90 10 11 49 13 84 15 16 17 5 83 20 71 99 23 24 [1;32m678000 0.62033220453898[0m
55 100 3 56 23 7 85 35 66 10 11 49 13 90 15 16 17 5 83 20 71 99 23 24 [1;32m794400 0.79615258423651[0m
55 20 3 56 23 7 85 35 66 10 11 49 13 90 15 16 17 5 83 20 71 99 23 20 [1;32m901200 0.82611729623444[0m
55 20 84 92 23 11 85 35 66 10 11 49 13 90 15 16 17 5 83 20 71 99 23 20 [1;32m1011600 0.85023040240158[0m
55 20 84 92 23 11 85 35 66 10 11 49 13 90 15 16 17 5 83 20 71 99 23 20 [1;32m1012800 0.89725877608192[0m
55 20 84 92 23 84 85 35 66 10 11 49 13 90 15 16 17 5 83 20 71 99 23 20 [1;32m1158000 0.90150648151014[0m
seed 90
55 20 84 92 23 84 85 35 66 10 11 49 13 90 15 16 17 5 83 20 71 99 23 20 
100 99 
best 0.90150648151014
[0m
