1 2 3 4 5 6 7 8 9 10 11 12 13 14 15 16 17 18 19 20 21 22 23 24 [1;32m1200 0.49537821549057[0m
1 2 3 4 5 6 7 8 9 10 11 12 13 14 15 16 17 18 19 20 21 22 23 24 [1;32m2400 0.4954041043931[0m
1 2 3 4 5 6 7 8 9 10 11 12 13 14 15 16 17 18 19 20 21 22 23 24 [1;32m3600 0.49541600856647[0m
1 2 3 4 5 6 7 8 35 10 11 12 13 14 15 16 17 18 19 20 21 22 23 95 [1;32m336000 0.85384633421649[0m
1 2 3 4 5 6 46 58 35 10 11 12 13 14 15 16 17 18 19 20 21 22 23 29 [1;32m339600 0.90003306289155[0m
1 2 3 4 12 6 46 58 35 10 11 12 13 14 15 16 17 18 11 20 21 22 23 29 [1;32m343200 0.90090117371878[0m
seed 40
1 2 3 4 12 6 46 58 35 10 11 12 13 14 15 16 17 18 11 20 21 22 23 29 
100 99 
best 0.90090117371878
[0m
