1 2 3 4 5 6 7 8 9 10 11 12 13 14 15 16 17 18 19 20 21 22 23 24 [1;32m1200 0.0016511729455051[0m
1 2 3 4 5 6 7 98 9 10 31 12 13 14 73 30 91 18 3 20 21 22 23 24 [1;32m19200 0.092242122115273[0m
1 2 81 4 5 6 7 98 9 10 31 12 13 86 73 30 91 18 3 20 64 35 83 24 [1;32m36000 0.37995401831964[0m
1 2 81 4 5 6 7 98 9 10 31 12 13 86 73 30 91 18 3 20 64 35 83 24 [1;32m37200 0.62508053266135[0m
1 2 72 4 5 6 7 98 9 10 31 12 13 26 73 30 61 26 3 4 64 35 83 24 [1;32m43200 0.80000508241849[0m
1 2 72 4 5 6 7 98 9 10 31 12 13 26 73 30 61 26 3 4 64 35 83 24 [1;32m44400 0.85173741082282[0m
1 2 72 4 93 6 38 98 9 20 31 12 13 26 73 30 61 26 3 4 91 35 83 24 [1;32m58800 0.88958830693436[0m
1 2 72 4 93 6 38 98 80 77 31 12 13 26 73 30 61 26 3 4 91 67 83 24 [1;32m64800 0.89215770471792[0m
1 37 72 4 93 6 62 98 80 77 31 12 13 59 73 30 61 36 3 4 91 90 83 24 [1;32m102000 0.9015277137095[0m
1 37 72 6 93 6 62 98 80 90 31 12 13 21 73 30 61 36 3 4 91 56 83 75 [1;32m278400 0.90699778625578[0m
1 37 72 6 93 6 62 98 80 90 31 12 13 21 73 94 61 36 3 4 91 56 83 75 [1;32m289200 0.90916834902359[0m
1 37 72 6 93 6 62 98 9 90 31 12 12 21 33 94 61 36 3 4 91 56 83 75 [1;32m984000 0.91018278755607[0m
seed 72
1 37 72 6 93 6 62 98 9 90 31 12 12 21 33 94 61 36 3 4 91 56 83 75 
100 99 
best 0.91018278755607
[0m
