1 2 3 4 5 6 7 8 9 10 11 12 13 14 15 16 17 18 19 20 21 22 23 24 [1;32m1200 0.076784709519369[0m
1 2 3 4 5 6 7 8 9 10 11 12 35 14 15 16 17 51 84 20 21 22 23 24 [1;32m4800 0.19547590498275[0m
78 2 35 4 5 6 7 8 9 10 11 12 3 14 15 16 17 51 84 20 21 22 23 13 [1;32m9600 0.32205263978028[0m
78 2 35 4 5 6 7 8 9 10 11 12 3 14 15 16 17 51 84 20 21 22 23 13 [1;32m10800 0.32908087933531[0m
78 2 35 4 5 6 7 8 9 10 11 12 3 14 15 16 17 51 84 20 21 22 23 13 [1;32m12000 0.33384246268331[0m
78 2 35 4 5 6 7 8 9 10 11 12 3 14 15 16 17 51 84 20 21 22 23 13 [1;32m13200 0.59123485317358[0m
78 2 98 4 83 42 7 8 9 10 11 12 87 14 15 16 17 51 84 20 21 22 23 13 [1;32m121200 0.7927106930408[0m
78 2 98 4 83 42 7 8 9 10 11 12 87 14 15 16 17 51 84 20 21 22 23 13 [1;32m122400 0.80714542153363[0m
78 2 98 4 83 42 7 8 9 10 11 12 87 14 15 16 17 51 84 20 21 22 23 13 [1;32m123600 0.84461805175692[0m
78 2 98 4 83 42 7 8 9 10 11 12 87 14 15 16 17 51 84 20 21 22 23 13 [1;32m124800 0.8483029894779[0m
78 2 98 4 83 90 7 8 9 10 11 12 87 14 15 16 17 51 6 20 46 22 23 13 [1;32m127200 0.8507706879123[0m
29 2 98 4 83 90 7 8 9 60 11 12 87 14 15 16 17 16 6 20 91 22 23 48 [1;32m129600 0.85145122851691[0m
29 2 98 4 83 90 7 8 9 60 11 12 87 14 15 16 17 16 6 20 91 22 23 48 [1;32m130800 0.85381099857152[0m
29 32 98 4 83 90 7 8 9 95 11 12 87 14 15 16 17 16 6 20 91 22 23 83 [1;32m133200 0.86550923008925[0m
94 32 98 4 83 90 7 8 9 95 11 12 87 14 15 16 17 16 6 20 91 9 23 40 [1;32m465600 0.86557428522004[0m
seed 38
94 32 98 4 83 90 7 8 9 95 11 12 87 14 15 16 17 16 6 20 91 9 23 40 
100 99 
best 0.86557428522004
[0m
