1 2 3 4 5 6 7 8 9 10 11 12 13 14 15 16 17 18 19 20 21 22 23 24  [1;32 1200 0.0027553993658126 [0 
1 89 3 4 5 6 97 8 9 82 11 12 13 14 15 16 17 18 19 20 89 22 23 24  [1;32 9600 0.021688181435199 [0 
1 89 3 4 5 6 97 8 9 82 11 12 13 14 15 16 17 18 19 20 89 22 23 24  [1;32 10800 0.026493847363565 [0 
1 6 65 4 5 6 97 8 9 82 11 12 13 14 15 16 17 18 19 20 89 22 23 24  [1;32 15600 0.026801866841628 [0 
1 6 65 4 5 6 97 8 9 82 11 12 13 14 15 16 17 18 19 20 89 22 23 24  [1;32 16800 0.029919705658057 [0 
1 6 65 4 5 6 97 8 9 82 11 12 13 14 15 16 17 18 19 20 80 22 23 24  [1;32 20400 0.030150510631864 [0 
1 6 65 4 5 6 97 8 9 82 11 12 13 14 15 16 17 18 19 20 80 22 23 24  [1;32 21600 0.031889083532296 [0 
1 6 65 4 5 6 97 8 9 82 11 12 13 14 15 16 17 18 19 20 80 22 23 24  [1;32 22800 0.042425711528852 [0 
1 97 65 4 5 6 97 8 9 82 11 12 39 14 15 16 17 18 5 60 80 22 23 24  [1;32 109200 0.043120651551126 [0 
1 97 87 4 5 6 22 8 45 82 11 12 39 14 15 16 17 18 26 60 80 38 23 24  [1;32 126000 0.055547351329637 [0 
91 97 87 4 5 6 22 8 45 58 11 12 20 14 15 16 17 18 26 60 80 38 23 56  [1;32 1417200 0.07487967635276 [0 
72 97 73 4 5 6 22 8 45 58 11 12 20 76 15 16 17 18 26 60 63 38 66 56  [1;32 1419600 0.075983090711535 [0 
seed 32
72 97 73 4 5 6 22 8 45 58 11 12 20 76 15 16 17 18 26 60 63 38 66 56 
100 99 
best 0.075983090711535
 [0 
