1 2 3 4 5 6 7 8 9 10 11 12 13 14 15 16 17 18 19 20 21 22 23 24 [1;32m1200 0.0024764133396368[0m
1 2 3 4 5 6 7 8 9 10 11 12 13 14 96 50 17 18 19 20 21 22 23 24 [1;32m6000 0.093493165300956[0m
1 2 3 4 5 6 7 36 9 10 11 12 13 14 96 57 17 18 19 20 21 34 23 16 [1;32m10800 0.29678661145596[0m
1 2 3 4 5 6 7 36 9 10 11 12 13 14 96 57 17 18 19 20 21 34 23 16 [1;32m12000 0.509036760225[0m
1 34 48 4 5 6 7 36 9 10 11 81 13 14 96 57 62 18 19 20 69 34 23 16 [1;32m15600 0.51690304114964[0m
1 34 48 4 86 6 7 36 9 10 11 81 13 14 96 57 62 18 19 20 69 34 23 16 [1;32m241200 0.62611006380788[0m
seed 42
1 34 48 4 86 6 7 36 9 10 11 81 13 14 96 57 62 18 19 20 69 34 23 16 
100 99 
best 0.62611006380788
[0m
