1 2 3 4 5 6 7 8 9 10 11 12 13 14 15 16 17 18 19 20 21 22 23 24 [1;32m1200 0.00082539931038637[0m
74 2 3 4 5 6 7 8 9 36 11 12 13 14 15 16 17 18 19 73 21 22 23 24 [1;32m4800 0.00082556892460381[0m
74 2 3 4 5 51 7 8 9 36 11 12 13 14 15 16 17 18 19 73 21 22 60 24 [1;32m18000 0.21407628583074[0m
74 2 3 4 5 51 7 51 9 36 11 12 13 14 15 16 17 18 19 73 21 22 60 24 [1;32m36000 0.27332002958791[0m
74 95 3 4 5 51 7 51 9 36 11 12 13 14 15 16 17 18 56 73 21 22 60 24 [1;32m44400 0.44854826700545[0m
74 95 3 4 5 51 33 51 9 36 11 12 32 14 15 16 17 18 56 73 21 22 60 24 [1;32m57600 0.63131704645359[0m
74 95 3 4 5 51 33 51 9 36 59 3 32 14 11 49 17 18 56 73 21 53 60 24 [1;32m103200 0.6592779805408[0m
74 25 3 97 5 28 33 51 9 36 59 3 32 14 11 18 17 18 56 73 21 53 60 24 [1;32m211200 0.6853900840042[0m
30 25 3 97 5 28 26 51 9 42 59 3 32 14 11 18 2 18 56 73 21 53 78 24 [1;32m345600 0.71374405525563[0m
30 25 3 97 5 28 26 51 9 15 20 36 32 14 11 18 2 18 56 73 21 53 78 24 [1;32m818400 0.76681015288763[0m
seed 79
30 25 3 97 5 28 26 51 9 15 20 36 32 14 11 18 2 18 56 73 21 53 78 24 
100 99 
best 0.76681015288763
[0m
