1 2 3 4 5 6 7 60 9 10 11 12 13 90 15 16 17 74 3 20 21 85 23 24  [1;32 7200 0.2760927752055 [0 
1 2 3 4 5 6 7 76 9 10 11 12 13 90 15 16 17 74 3 20 21 85 23 24  [1;32 27600 0.37442334412025 [0 
1 2 3 4 5 6 74 76 9 10 11 12 13 90 15 16 17 30 3 20 21 85 23 24  [1;32 356400 0.55803808974868 [0 
1 2 3 4 5 6 74 76 9 10 11 12 13 90 15 16 17 30 3 20 21 85 23 24  [1;32 357600 0.84582642981643 [0 
1 2 3 91 5 6 74 76 9 10 11 12 13 90 15 16 17 30 3 20 21 85 23 24  [1;32 392400 0.84807648934465 [0 
50 2 3 91 5 6 74 76 9 10 11 12 13 90 15 16 17 30 3 20 21 85 23 24  [1;32 459600 0.85174047151638 [0 
50 2 54 91 5 6 74 76 9 10 11 12 13 90 15 16 17 30 3 20 21 85 23 24  [1;32 502800 0.85236445548495 [0 
50 2 54 91 5 6 74 76 9 10 11 35 13 90 15 16 17 30 3 20 21 91 23 24  [1;32 634800 0.87204152056122 [0 
seed 72
50 2 54 91 5 6 74 76 9 10 11 35 13 90 15 16 17 30 3 20 21 91 23 24 
100 99 
best 0.87204152056122
 [0 
