1 2 3 4 5 6 7 8 9 10 11 12 13 14 15 16 17 18 19 20 21 22 23 24 [1;32m1200 0.00082511167866957[0m
1 2 3 4 5 94 7 8 9 49 11 12 13 14 58 16 17 18 96 20 21 22 23 24 [1;32m19200 0.019918748478375[0m
1 2 3 4 5 94 7 8 9 49 11 12 13 14 58 16 17 18 96 20 73 22 21 24 [1;32m62400 0.4306797941502[0m
1 2 3 4 5 15 7 8 9 98 11 12 13 14 58 16 17 18 20 20 73 85 21 24 [1;32m619200 0.66456570895707[0m
1 2 3 4 72 73 7 8 5 98 11 12 13 14 58 16 17 18 20 2 16 85 21 68 [1;32m621600 0.68977444727518[0m
1 2 3 4 72 73 7 8 5 98 11 12 13 14 58 16 17 18 20 2 16 85 21 68 [1;32m622800 0.78606954171525[0m
99 2 3 4 72 73 7 8 5 98 11 12 13 14 58 16 17 18 20 2 16 85 21 68 [1;32m625200 0.78796742493935[0m
99 2 3 4 72 73 7 8 5 98 11 12 13 14 58 95 17 18 20 2 16 85 11 68 [1;32m824400 0.79891245497312[0m
99 2 3 4 72 73 14 8 5 98 74 12 13 14 58 49 17 18 89 2 52 85 11 68 [1;32m826800 0.81854409550012[0m
99 2 3 4 72 73 14 8 5 98 41 12 14 14 58 49 17 18 89 2 12 85 9 68 [1;32m829200 0.8322455710955[0m
99 19 3 4 72 73 14 8 5 98 41 12 14 14 58 49 17 18 89 2 96 85 9 68 [1;32m963600 0.87188450645651[0m
99 19 3 4 72 73 14 8 5 98 86 12 2 14 58 49 17 18 89 2 96 85 9 68 [1;32m1219200 0.87263148560262[0m
96 19 3 4 72 73 14 8 5 98 86 12 2 14 58 81 17 18 89 2 96 85 9 68 [1;32m1264800 0.87321826903138[0m
96 19 49 4 72 73 14 8 5 98 86 12 2 14 58 81 17 18 89 2 96 85 9 68 [1;32m1424400 0.89299611358185[0m
seed 9
96 19 49 4 72 73 14 8 5 98 86 12 2 14 58 81 17 18 89 2 96 85 9 68 
100 99 
best 0.89299611358185
[0m
