1 2 3 4 5 6 7 8 9 10 11 12 13 14 15 16 17 18 19 20 21 22 23 24  [1;32 1200 0.49537821549057 [0 
1 2 3 4 5 6 7 8 9 10 11 12 13 14 15 16 17 18 19 20 21 22 23 24  [1;32 2400 0.4954041043931 [0 
1 2 3 4 5 6 7 8 9 10 11 12 13 14 15 16 17 18 19 20 21 22 23 24  [1;32 3600 0.49541600856647 [0 
1 2 3 4 5 6 7 8 35 10 11 12 13 14 15 16 17 18 19 20 21 22 23 95  [1;32 336000 0.85384633421649 [0 
1 2 3 4 5 6 46 58 35 10 11 12 13 14 15 16 17 18 19 20 21 22 23 29  [1;32 339600 0.90003306289155 [0 
1 2 3 4 12 6 46 58 35 10 11 12 13 14 15 16 17 18 11 20 21 22 23 29  [1;32 343200 0.90090117371878 [0 
seed 40
1 2 3 4 12 6 46 58 35 10 11 12 13 14 15 16 17 18 11 20 21 22 23 29 
100 99 
best 0.90090117371878
 [0 
