1 2 3 4 5 6 7 8 9 10 11 12 13 14 15 16 17 18 19 20 21 22 23 24 [1;32m1200 0.0098943928070385[0m
1 2 3 4 5 6 7 8 9 10 11 12 13 30 15 16 11 50 19 20 21 22 23 24 [1;32m66000 0.10136526530214[0m
1 2 3 4 5 6 7 8 9 14 11 12 13 95 15 16 37 50 19 20 21 22 23 24 [1;32m69600 0.14703157611245[0m
1 49 3 4 5 6 7 24 9 14 11 12 13 95 7 16 37 50 19 20 21 22 70 97 [1;32m190800 0.38537554501742[0m
19 49 3 4 5 6 7 24 9 14 77 12 13 95 7 16 37 50 2 20 21 41 70 97 [1;32m193200 0.39142068521579[0m
19 49 3 4 13 6 7 24 9 14 77 12 13 95 7 16 37 50 80 20 21 41 70 97 [1;32m226800 0.42639803021733[0m
19 49 3 4 26 6 7 13 9 14 77 12 13 95 7 16 37 50 80 20 21 41 70 7 [1;32m238800 0.42723370780599[0m
19 49 3 4 64 6 7 13 9 14 77 33 13 87 7 16 37 37 80 90 21 41 70 7 [1;32m242400 0.4314649422535[0m
19 49 3 4 64 6 7 13 9 14 77 69 13 87 7 16 37 37 80 90 21 41 70 7 [1;32m249600 0.43150153314528[0m
48 49 3 4 88 6 7 13 9 14 5 37 13 87 7 16 37 37 80 90 21 41 70 64 [1;32m252000 0.43425348190493[0m
21 49 3 26 88 6 7 13 9 14 5 37 13 87 7 4 37 37 80 90 21 10 70 64 [1;32m295200 0.81894661306106[0m
21 49 3 26 88 6 7 13 9 14 5 37 13 87 7 4 37 37 80 90 21 10 70 64 [1;32m296400 0.84540011640394[0m
21 49 3 26 88 6 7 13 9 14 5 37 13 87 7 4 37 37 80 90 21 10 70 64 [1;32m297600 0.88462332806064[0m
21 49 3 26 88 6 7 26 9 14 5 37 13 87 7 4 37 37 14 90 21 10 70 64 [1;32m403200 0.88876897923143[0m
21 49 88 26 88 6 7 26 14 14 5 37 13 87 7 4 19 37 14 90 21 10 70 64 [1;32m481200 0.89041255290482[0m
21 49 88 26 88 6 7 26 14 14 5 37 55 87 7 4 19 37 14 90 21 10 70 64 [1;32m483600 0.8916289198181[0m
21 49 88 26 61 6 7 26 83 14 5 99 55 87 7 4 9 37 63 90 21 10 70 64 [1;32m547200 0.89273623438983[0m
21 49 88 26 61 6 7 26 83 14 5 99 68 87 7 4 9 37 63 90 46 10 70 64 [1;32m618000 0.89353968915978[0m
21 49 88 26 61 6 7 26 83 14 5 99 68 87 7 4 9 37 63 69 46 10 70 64 [1;32m621600 0.89701395558114[0m
seed 35
21 49 88 26 61 6 7 26 83 14 5 99 68 87 7 4 9 37 63 69 46 10 70 64 
100 99 
best 0.89701395558114
[0m
