1 2 3 16 44 6 7 8 39 10 11 12 13 14 15 16 62 18 19 20 21 22 23 24 [1;32m9600 0.013282741682906[0m
1 2 3 16 44 6 7 8 79 50 11 12 13 14 15 16 62 18 88 18 77 22 3 24 [1;32m20400 0.34440506396961[0m
1 2 3 16 44 6 7 8 79 50 11 12 13 14 15 16 62 18 88 18 77 22 3 24 [1;32m21600 0.47942410952325[0m
14 2 3 16 44 6 7 8 79 50 11 12 13 14 15 16 53 18 88 18 77 22 3 24 [1;32m51600 0.49538614609849[0m
14 2 3 16 44 6 7 8 79 50 11 12 13 14 15 16 53 18 88 18 77 22 3 24 [1;32m52800 0.4953998785715[0m
14 2 3 16 44 6 7 8 79 88 11 12 13 14 55 16 70 90 88 18 77 22 3 24 [1;32m223200 0.49540403791841[0m
14 2 3 16 44 6 7 8 79 88 11 12 13 14 55 26 70 90 88 18 77 22 83 24 [1;32m226800 0.49541247369034[0m
14 2 3 16 44 6 7 8 79 88 11 12 13 14 55 26 70 90 88 18 77 22 83 24 [1;32m228000 0.49541417136559[0m
14 2 3 16 44 6 7 8 79 88 11 12 13 89 55 26 70 90 88 18 77 22 83 24 [1;32m331200 0.49542618679439[0m
14 2 3 99 44 6 7 8 79 88 11 12 13 89 44 26 70 90 88 18 77 22 83 24 [1;32m922800 0.82420077043484[0m
14 2 35 99 44 6 7 8 79 88 42 12 13 89 44 26 70 90 88 18 2 61 72 26 [1;32m1369200 0.86767926677085[0m
14 2 35 99 44 6 65 8 79 88 42 12 13 89 44 26 70 90 88 18 2 61 72 26 [1;32m1371600 0.88869987968109[0m
14 2 35 99 1 6 65 8 79 88 42 12 13 89 44 26 70 90 88 18 2 61 72 26 [1;32m1375200 0.88939218644149[0m
seed 71
14 2 35 99 1 6 65 8 79 88 42 12 13 89 44 26 70 90 88 18 2 61 72 26 
100 99 
best 0.88939218644149
[0m
