1 2 3 4 5 6 7 8 9 10 11 12 13 14 15 16 17 18 19 20 21 22 23 24 [1;32m1200 0.18494303698539[0m
1 2 47 4 5 6 67 8 9 10 11 12 13 14 15 16 17 18 44 20 21 22 23 24 [1;32m4800 0.44964669770421[0m
1 2 47 4 5 6 67 8 9 14 11 12 63 14 5 16 17 25 44 44 21 22 23 18 [1;32m972000 0.44981664658516[0m
1 2 47 4 5 6 67 8 9 14 11 12 63 14 5 16 17 25 44 44 21 22 23 56 [1;32m1290000 0.45225069429281[0m
1 2 47 4 5 6 67 8 9 14 11 12 63 14 37 16 17 25 44 44 21 28 23 25 [1;32m1413600 0.50503547757157[0m
seed 12
1 2 47 4 5 6 67 8 9 14 11 12 63 14 37 16 17 25 44 44 21 28 23 25 
100 99 
best 0.50503547757157
[0m
