1 2 3 4 5 6 7 8 9 10 11 12 13 14 15 16 17 18 19 20 21 22 23 24  [1;32 1200 0.00082539931038637 [0 
1 2 3 4 5 68 7 8 3 10 11 12 13 14 15 77 41 94 19 20 39 22 23 24  [1;32 40800 0.034367915336403 [0 
1 2 3 25 5 68 7 8 20 10 11 12 13 14 15 77 41 94 19 20 39 22 67 24  [1;32 66000 0.085199347186631 [0 
1 2 3 25 5 68 7 8 20 10 11 45 13 14 15 77 41 94 19 20 39 22 67 24  [1;32 78000 0.1048136843469 [0 
1 2 3 8 5 68 7 8 20 10 46 45 13 14 15 77 41 94 19 20 39 22 67 24  [1;32 159600 0.28298667156513 [0 
1 2 3 8 5 68 7 8 20 10 46 45 13 14 15 77 41 94 35 20 39 22 67 24  [1;32 186000 0.36002107349269 [0 
67 100 3 8 5 68 7 8 20 10 46 45 13 14 15 77 41 94 35 20 39 22 67 24  [1;32 483600 0.36417651588842 [0 
67 100 3 8 5 68 7 8 20 10 46 45 13 14 15 77 41 94 35 20 39 22 67 36  [1;32 502800 0.46026496913224 [0 
seed 98
67 100 3 8 5 68 7 8 20 10 46 45 13 14 15 77 41 94 35 20 39 22 67 36 
100 99 
best 0.46026496913224
 [0 
