1 2 3 4 5 6 7 8 9 10 11 12 13 14 15 16 17 18 19 20 21 22 23 24 [1;32m1200 0.0096519284672076[0m
1 2 13 4 5 99 7 53 9 10 37 12 13 14 89 16 17 18 19 20 21 22 23 24 [1;32m4800 0.010229170483673[0m
1 2 13 4 5 99 7 53 9 10 37 12 13 14 29 16 65 18 19 20 21 22 23 26 [1;32m8400 0.018219367503197[0m
1 2 13 3 34 67 7 53 9 10 37 12 13 14 29 16 65 18 19 20 21 22 23 26 [1;32m100800 0.53314811604774[0m
1 2 13 3 34 73 7 53 9 86 37 12 13 14 29 16 65 18 62 20 21 22 23 26 [1;32m164400 0.57060971328569[0m
1 2 13 3 34 26 7 53 9 69 37 12 67 14 29 16 65 18 62 20 21 22 69 26 [1;32m196800 0.61157138444328[0m
seed 77
1 2 13 3 34 26 7 53 9 69 37 12 67 14 29 16 65 18 62 20 21 22 69 26 
100 99 
best 0.61157138444328
[0m
