1 2 3 4 5 6 7 8 9 10 11 12 13 14 15 16 17 18 19 20 21 22 23 24  [1;32 1200 0.63193189301569 [0 
1 20 3 4 5 6 7 8 9 10 22 12 13 14 15 29 17 18 19 20 21 22 23 24  [1;32 46800 0.68793855257311 [0 
1 20 3 4 5 6 7 8 9 10 22 12 13 14 15 29 17 18 19 20 50 22 62 24  [1;32 49200 0.75578176971783 [0 
1 20 3 4 5 6 7 8 9 10 22 12 13 14 15 30 71 18 19 20 50 22 31 24  [1;32 315600 0.77000044812831 [0 
88 20 3 4 5 6 7 8 9 10 22 12 13 14 15 90 71 18 75 20 50 22 31 24  [1;32 373200 0.84951485810552 [0 
88 20 3 4 5 6 7 8 9 10 22 12 84 14 15 90 71 18 75 30 50 22 31 24  [1;32 553200 0.86609074551031 [0 
88 20 3 4 5 6 7 8 9 10 22 12 84 14 15 90 71 18 75 30 50 22 31 24  [1;32 554400 0.87093547114838 [0 
seed 51
88 20 3 4 5 6 7 8 9 10 22 12 84 14 15 90 71 18 75 30 50 22 31 24 
100 99 
best 0.87093547114838
 [0 
