1 2 3 4 5 6 7 8 9 10 11 12 13 14 15 16 17 18 19 20 21 22 23 24 [1;32m1200 0.37617003755093[0m
1 2 3 4 16 6 7 8 91 50 11 12 13 14 92 16 17 18 19 93 21 22 23 24 [1;32m182400 0.80367660172882[0m
1 2 3 4 16 6 7 8 91 50 11 12 13 14 92 16 17 18 19 93 21 22 23 24 [1;32m183600 0.88194203343871[0m
1 2 3 4 16 6 7 8 91 82 11 12 13 14 43 16 17 18 18 93 21 22 33 24 [1;32m238800 0.88303672142401[0m
1 2 17 4 16 6 7 20 91 82 11 12 13 14 43 16 17 18 18 93 21 22 33 24 [1;32m423600 0.88329932532795[0m
1 2 17 4 16 6 7 20 91 82 11 12 13 14 43 16 17 93 18 93 21 22 33 24 [1;32m610800 0.88473788737324[0m
1 2 17 4 14 6 7 20 91 82 11 12 13 7 17 16 17 93 18 93 21 22 48 24 [1;32m1342800 0.8855632478011[0m
seed 55
1 2 17 4 14 6 7 20 91 82 11 12 13 7 17 16 17 93 18 93 21 22 48 24 
100 99 
best 0.8855632478011
[0m
