1 2 3 4 5 6 7 8 9 10 11 12 13 14 15 16 17 18 19 20 21 22 23 24 [1;32m1200 0.32035410419149[0m
1 2 3 4 5 6 7 8 9 10 11 12 13 14 15 16 17 18 19 20 21 22 23 24 [1;32m2400 0.33025353092216[0m
1 2 3 4 5 6 7 8 9 10 11 12 13 14 15 16 17 18 19 20 21 22 23 24 [1;32m3600 0.33029350175642[0m
1 2 3 4 5 6 7 8 9 10 11 51 22 14 96 16 17 18 81 20 21 22 23 24 [1;32m452400 0.39212320984725[0m
26 2 3 4 5 6 97 8 9 10 11 51 22 14 96 16 17 18 81 16 21 22 23 24 [1;32m454800 0.42895369337517[0m
26 2 3 4 5 6 97 8 9 10 11 51 22 14 96 16 17 18 81 16 21 22 23 24 [1;32m456000 0.45299499575366[0m
26 2 3 4 5 6 97 8 9 10 11 51 22 14 96 16 17 18 81 16 21 81 23 24 [1;32m462000 0.49072553008603[0m
26 2 3 44 5 6 97 8 9 10 11 51 22 14 96 16 17 63 81 16 21 81 23 24 [1;32m492000 0.49176859342471[0m
26 2 3 44 5 6 97 8 9 10 11 51 22 14 96 16 17 63 81 16 21 81 23 24 [1;32m493200 0.49576307550379[0m
26 2 3 44 5 6 97 8 72 1 11 51 22 14 96 16 17 63 31 16 21 81 23 24 [1;32m501600 0.53859507061647[0m
26 2 3 44 5 6 37 8 72 1 11 51 22 14 96 24 17 63 16 16 21 81 23 24 [1;32m585600 0.54186527253403[0m
26 2 57 44 5 6 37 8 2 1 11 51 67 14 96 24 17 63 16 95 21 81 23 24 [1;32m638400 0.60162884414488[0m
26 2 57 44 5 6 37 8 2 1 11 51 67 14 96 24 17 63 16 95 21 81 23 24 [1;32m639600 0.6082972990031[0m
26 2 57 44 5 6 37 8 2 1 11 51 67 14 96 24 17 63 16 95 21 81 23 24 [1;32m640800 0.62639659321169[0m
26 2 57 44 5 6 37 8 2 1 11 51 67 14 96 24 17 63 16 95 21 81 23 24 [1;32m642000 0.63515800031197[0m
14 2 57 44 5 6 11 8 2 63 11 51 67 90 96 24 17 63 16 6 21 81 23 3 [1;32m656400 0.6785269003835[0m
14 2 57 44 5 6 11 8 2 63 11 51 67 90 96 24 17 63 16 6 21 81 23 3 [1;32m657600 0.75950158975329[0m
14 2 57 44 5 6 11 8 2 63 11 51 67 90 96 24 17 63 16 6 21 81 23 3 [1;32m658800 0.77557053773423[0m
14 2 57 44 5 6 11 8 2 63 11 51 67 90 96 24 17 63 16 6 21 81 23 3 [1;32m660000 0.82331001932814[0m
14 2 57 44 72 6 11 8 7 63 11 51 67 90 96 24 17 63 16 6 21 81 23 3 [1;32m668400 0.83836068277966[0m
14 2 57 44 72 12 11 30 7 58 11 51 67 90 96 24 17 63 16 6 68 81 23 3 [1;32m744000 0.84756808166527[0m
14 2 57 44 72 12 11 30 7 58 11 51 67 37 96 24 17 63 16 6 68 81 23 3 [1;32m1179600 0.85350811770753[0m
seed 37
14 2 57 44 72 12 11 30 7 58 11 51 67 37 96 24 17 63 16 6 68 81 23 3 
100 99 
best 0.85350811770753
[0m
