1 2 3 4 5 6 7 8 9 10 11 12 13 14 15 16 17 18 19 20 21 22 23 24 [1;32m1200 0.011690445445473[0m
1 2 3 4 5 34 7 92 9 10 96 12 21 14 15 16 49 18 19 20 21 22 23 24 [1;32m20400 0.018791679434068[0m
1 2 3 4 3 34 7 92 9 10 29 12 21 14 15 16 49 18 76 65 21 22 23 24 [1;32m33600 0.40673354708131[0m
1 2 3 4 3 34 7 92 9 10 29 12 21 14 15 16 49 96 76 65 21 22 23 24 [1;32m159600 0.4256048059067[0m
1 2 3 4 3 34 38 92 9 10 29 12 21 14 15 16 49 96 76 65 21 22 23 24 [1;32m984000 0.43811417641642[0m
seed 20
1 2 3 4 3 34 38 92 9 10 29 12 21 14 15 16 49 96 76 65 21 22 23 24 
100 99 
best 0.43811417641642
[0m
