1 2 3 4 5 6 7 8 9 10 11 12 13 14 15 16 17 18 19 20 21 22 23 24  [1;32 1200 0.0016505109890559 [0 
82 2 3 4 5 61 7 8 9 10 11 12 13 14 15 16 17 51 19 20 28 94 23 24  [1;32 3600 0.0016510845368265 [0 
82 43 3 4 5 61 5 8 9 10 42 12 13 14 15 48 17 51 19 20 28 94 23 24  [1;32 7200 0.17085400819733 [0 
82 43 3 4 5 61 5 8 9 10 22 12 13 23 15 98 17 51 19 20 28 94 23 24  [1;32 16800 0.30811511881879 [0 
82 43 3 4 5 61 58 8 9 10 22 12 89 23 15 98 17 51 20 81 28 94 23 24  [1;32 25200 0.33609133792613 [0 
82 43 3 4 5 61 58 8 9 10 22 12 89 23 15 98 17 51 20 81 28 94 23 24  [1;32 26400 0.53851352527544 [0 
82 43 3 4 5 61 58 8 9 10 22 12 89 23 15 98 17 51 60 81 28 94 23 24  [1;32 49200 0.57543688961142 [0 
82 43 3 4 84 61 58 8 9 10 22 12 89 23 12 98 17 51 60 81 28 87 23 58  [1;32 79200 0.5956617425769 [0 
82 43 3 4 84 61 58 8 9 10 22 12 89 77 4 58 17 51 60 81 28 87 23 58  [1;32 94800 0.78947315427547 [0 
82 43 3 74 84 61 90 8 50 10 22 12 89 77 4 58 17 51 60 81 58 87 23 58  [1;32 405600 0.79216591687833 [0 
82 43 3 74 84 61 90 8 50 10 22 12 89 77 4 58 17 51 60 81 58 87 23 58  [1;32 406800 0.89853037267657 [0 
82 43 3 74 84 61 90 8 50 10 22 12 68 77 4 58 17 51 60 68 58 87 23 58  [1;32 411600 0.90671681377363 [0 
82 43 3 74 84 61 90 8 50 10 22 42 60 56 4 58 17 51 60 68 58 87 23 58  [1;32 517200 0.90730071930058 [0 
82 43 3 74 84 18 90 8 50 87 22 42 60 56 4 42 17 51 60 68 58 87 23 58  [1;32 681600 0.90764164159512 [0 
seed 76
82 43 3 74 84 18 90 8 50 87 22 42 60 56 4 42 17 51 60 68 58 87 23 58 
100 99 
best 0.90764164159512
 [0 
