1 2 3 4 5 6 7 8 9 10 11 12 13 14 15 16 17 18 19 20 21 22 23 24 [1;32m1200 0.2716413197722[0m
1 2 3 4 5 6 7 8 9 10 11 12 13 14 15 16 17 18 19 20 21 22 23 24 [1;32m2400 0.28401934584812[0m
1 2 3 15 5 6 100 8 9 10 11 12 13 14 15 16 17 18 26 20 21 22 23 24 [1;32m44400 0.4299491487936[0m
1 2 3 15 5 6 100 8 9 10 11 12 13 14 15 16 17 18 26 20 21 22 23 24 [1;32m45600 0.4921331839325[0m
1 2 3 15 5 6 100 8 10 10 11 12 13 14 15 16 17 18 26 99 21 22 23 24 [1;32m228000 0.49221569915999[0m
1 2 3 15 5 6 100 8 10 10 11 12 13 14 15 16 17 18 26 99 21 22 23 24 [1;32m229200 0.49479037212643[0m
1 2 3 15 5 6 100 8 10 10 11 12 13 14 15 16 17 18 26 99 21 36 23 24 [1;32m231600 0.49499084508426[0m
1 2 3 37 40 6 100 8 10 10 53 12 13 14 45 78 17 18 26 99 21 36 23 58 [1;32m332400 0.49950658612604[0m
1 2 3 37 40 6 100 8 10 10 47 12 13 14 2 78 17 18 26 99 21 36 23 58 [1;32m334800 0.50034340314881[0m
seed 79
1 2 3 37 40 6 100 8 10 10 47 12 13 14 2 78 17 18 26 99 21 36 23 58 
100 99 
best 0.50034340314881
[0m
