1 2 3 4 5 6 7 8 9 10 11 12 13 14 15 16 17 18 19 20 21 22 23 24  [1;32 1200 0.036172984294828 [0 
55 2 80 4 5 6 7 8 9 10 11 12 13 14 15 16 17 18 6 20 21 72 55 75  [1;32 122400 0.13143144186163 [0 
55 2 80 4 5 6 7 8 9 10 11 12 13 14 15 16 17 18 6 20 21 72 55 75  [1;32 123600 0.20464055871018 [0 
55 41 55 60 19 6 7 8 9 10 11 12 13 14 10 16 17 18 6 20 21 72 55 75  [1;32 126000 0.21032529064225 [0 
38 41 55 51 19 40 4 8 9 10 11 12 13 14 10 16 17 18 6 15 21 72 55 75  [1;32 128400 0.21569008788284 [0 
38 41 55 51 19 89 4 8 40 10 11 12 13 14 10 16 17 18 6 15 21 72 40 37  [1;32 165600 0.29539127940499 [0 
38 41 55 51 19 89 4 8 40 10 11 12 13 14 10 16 17 18 6 15 21 72 40 37  [1;32 166800 0.44110233598727 [0 
38 41 55 51 19 89 4 8 40 10 11 12 13 14 10 16 17 18 6 15 21 72 40 37  [1;32 168000 0.44543242629671 [0 
38 41 55 51 19 89 4 8 40 10 11 12 13 14 10 16 17 18 6 15 21 72 40 37  [1;32 169200 0.57172135851461 [0 
38 41 55 51 19 89 4 8 40 10 11 12 13 14 10 16 17 18 6 15 21 72 40 37  [1;32 170400 0.60281717289496 [0 
38 41 55 51 12 89 71 8 40 10 11 12 13 14 99 16 17 27 6 15 21 34 40 37  [1;32 186000 0.62472376037029 [0 
38 81 55 50 12 89 71 8 40 10 11 12 74 14 99 3 17 27 6 15 21 34 40 37  [1;32 212400 0.63511193322015 [0 
38 81 55 50 12 89 71 8 40 10 11 12 74 14 99 3 17 27 6 15 21 89 40 37  [1;32 228000 0.64929683189825 [0 
38 81 55 50 12 89 71 8 40 10 11 12 74 14 99 3 17 27 6 15 21 89 40 37  [1;32 229200 0.65188778771259 [0 
38 81 33 78 93 46 71 8 58 10 11 12 74 14 76 3 17 27 6 15 21 89 40 37  [1;32 231600 0.78037683085767 [0 
38 81 33 78 93 46 71 8 58 10 11 12 74 14 76 3 17 27 6 15 21 89 40 37  [1;32 232800 0.86564995150445 [0 
38 81 33 78 93 46 71 8 58 10 11 12 74 14 76 3 17 27 6 15 21 89 40 37  [1;32 234000 0.87145215989968 [0 
38 81 33 78 93 46 71 8 58 10 11 12 45 14 82 3 17 27 6 15 21 89 40 37  [1;32 350400 0.87282043888876 [0 
38 37 33 78 93 46 71 8 58 10 43 12 45 14 82 3 17 27 100 15 21 89 40 37  [1;32 405600 0.87357219903767 [0 
38 37 33 78 93 46 71 8 58 10 43 12 45 14 82 3 17 27 100 15 21 89 40 91  [1;32 418800 0.87544455901563 [0 
98 37 33 17 93 46 71 8 10 10 43 12 45 14 82 3 17 27 83 15 21 13 40 91  [1;32 457200 0.87549746824109 [0 
98 37 33 17 93 46 71 8 21 10 43 12 91 73 45 3 17 27 83 15 67 13 40 91  [1;32 966000 0.87558913228192 [0 
seed 23
98 37 33 17 93 46 71 8 21 10 43 12 91 73 45 3 17 27 83 15 67 13 40 91 
100 99 
best 0.87558913228192
 [0 
