1 2 3 4 5 6 7 8 9 10 11 12 13 14 15 16 17 18 19 20 21 22 23 24 [1;32m1200 0.0086664404082011[0m
1 2 12 4 73 6 7 8 9 13 11 12 84 14 15 16 17 18 19 20 21 22 23 24 [1;32m91200 0.01317061527538[0m
1 2 12 97 73 6 7 8 55 13 11 12 84 14 10 16 79 18 19 20 21 86 23 24 [1;32m129600 0.30051330608517[0m
1 2 12 97 73 15 3 8 55 13 11 12 84 14 10 16 79 18 19 20 21 25 23 24 [1;32m135600 0.5345783897494[0m
1 2 12 97 73 15 3 8 55 13 11 12 84 14 10 16 79 18 19 20 21 25 23 24 [1;32m136800 0.63736705736633[0m
1 2 12 97 73 15 3 8 55 13 11 12 84 14 10 16 79 18 19 20 21 25 23 24 [1;32m138000 0.63788169911007[0m
1 2 12 97 73 15 3 8 55 13 11 12 84 14 10 16 79 18 19 20 21 25 23 24 [1;32m139200 0.63799719140903[0m
1 2 12 97 73 15 3 8 55 13 11 12 84 14 10 16 79 18 19 20 21 25 23 24 [1;32m140400 0.67433722427605[0m
1 2 24 32 73 15 86 8 55 13 11 12 84 14 10 16 79 18 19 20 21 25 23 14 [1;32m146400 0.75656267530646[0m
1 2 24 32 73 15 86 8 55 13 11 12 84 14 10 16 79 18 19 20 21 25 23 14 [1;32m147600 0.81878086228281[0m
1 2 24 32 73 15 86 8 55 13 11 12 84 14 10 16 79 18 19 20 21 25 23 14 [1;32m148800 0.87651613655257[0m
seed 74
1 2 24 32 73 15 86 8 55 13 11 12 84 14 10 16 79 18 19 20 21 25 23 14 
100 99 
best 0.87651613655257
[0m
