1 2 3 4 5 6 7 8 9 10 11 12 13 14 15 16 17 18 19 20 21 22 23 24  [1;32 1200 0.0028278446305864 [0 
1 2 3 4 5 6 7 8 9 10 11 12 13 14 8 16 17 18 19 20 21 22 23 24  [1;32 46800 0.016494488093909 [0 
1 2 3 4 5 6 7 47 9 10 11 12 13 14 8 16 37 18 5 20 6 22 13 24  [1;32 60000 0.032822517697023 [0 
1 2 3 4 5 6 7 47 9 10 11 12 13 14 8 16 37 18 5 20 6 22 13 24  [1;32 61200 0.062763978766145 [0 
1 2 3 4 5 6 7 47 9 78 11 12 13 69 8 35 37 18 5 20 6 22 13 24  [1;32 63600 0.23741833423533 [0 
1 2 3 4 5 6 7 47 9 78 11 12 13 69 8 35 37 18 5 20 6 22 13 24  [1;32 64800 0.31590184265189 [0 
1 50 3 4 5 6 7 47 9 78 11 12 13 51 8 84 37 18 5 20 6 22 13 24  [1;32 69600 0.35903967514842 [0 
1 50 3 4 5 6 7 47 9 78 11 12 13 51 8 84 37 18 5 20 6 22 13 24  [1;32 70800 0.38978390161565 [0 
1 50 3 4 5 6 7 47 9 78 58 12 13 9 8 84 23 18 5 20 6 22 75 24  [1;32 74400 0.50036295443437 [0 
1 50 3 4 5 6 7 47 9 78 58 12 13 9 8 84 23 18 5 20 6 22 75 24  [1;32 75600 0.54748361570701 [0 
1 50 3 4 5 6 7 47 9 78 58 12 13 9 8 84 23 18 5 20 6 22 75 24  [1;32 76800 0.56770124679175 [0 
1 50 3 4 5 6 7 47 9 78 58 12 13 9 8 84 23 18 5 20 6 22 75 24  [1;32 78000 0.61481685308751 [0 
1 50 3 4 5 6 7 47 9 78 58 12 13 9 8 84 23 18 5 20 6 22 75 24  [1;32 79200 0.61733106217363 [0 
1 50 3 4 5 6 7 47 9 78 58 12 13 9 8 84 23 18 5 20 6 22 75 24  [1;32 80400 0.61991028965734 [0 
1 50 3 4 5 39 7 47 9 78 87 86 13 9 8 53 23 18 5 20 6 22 84 24  [1;32 114000 0.71012375000839 [0 
1 50 3 4 5 13 7 47 9 78 87 86 13 9 8 53 23 19 63 20 6 22 84 24  [1;32 265200 0.72638551868192 [0 
1 50 3 4 5 13 7 47 71 78 87 86 13 9 8 53 23 19 96 20 6 22 84 24  [1;32 650400 0.73202198479219 [0 
53 50 3 4 5 13 33 78 71 78 87 86 13 9 8 53 23 75 96 20 6 22 84 24  [1;32 782400 0.76597457765962 [0 
53 50 3 4 5 13 33 78 71 78 87 86 13 9 8 53 23 75 96 20 6 22 84 24  [1;32 783600 0.78530318467719 [0 
seed 27
53 50 3 4 5 13 33 78 71 78 87 86 13 9 8 53 23 75 96 20 6 22 84 24 
100 99 
best 0.78530318467719
 [0 
