74 2 3 4 5 65 7 8 9 10 11 27 13 14 15 16 17 18 82 20 21 98 23 24 [1;32m12000 0.015094549210411[0m
74 2 3 4 5 65 7 8 9 10 11 27 13 14 15 1 17 18 82 20 21 98 23 24 [1;32m14400 0.10290885763991[0m
74 54 3 4 81 65 7 8 9 10 11 27 43 14 15 75 17 54 82 82 21 98 23 24 [1;32m19200 0.11720761355145[0m
86 54 3 4 81 65 7 8 9 10 11 81 43 14 24 75 17 54 82 82 21 98 23 24 [1;32m55200 0.27261851814524[0m
86 47 3 4 81 65 54 8 9 10 11 81 43 14 24 75 17 54 82 82 21 98 23 24 [1;32m80400 0.29316193916232[0m
86 47 3 4 81 65 54 8 9 10 11 81 43 14 24 75 17 54 82 82 21 98 23 24 [1;32m81600 0.38146013025047[0m
86 47 3 4 81 65 54 8 9 10 11 64 43 14 24 75 17 54 82 82 21 98 23 24 [1;32m84000 0.38147009060606[0m
86 47 3 4 81 65 54 8 9 10 11 64 43 14 24 75 17 54 82 82 21 98 23 24 [1;32m85200 0.3814766406544[0m
86 47 3 4 81 65 54 82 9 75 11 64 43 14 24 87 17 54 20 82 21 68 23 60 [1;32m216000 0.72609759792711[0m
86 47 3 4 81 65 54 82 9 75 11 64 43 14 24 87 17 54 20 82 21 68 23 60 [1;32m217200 0.84399930466871[0m
86 47 3 4 81 65 54 82 9 75 11 64 43 14 24 87 17 54 20 21 21 68 23 60 [1;32m460800 0.86321913486662[0m
seed 89
86 47 3 4 81 65 54 82 9 75 11 64 43 14 24 87 17 54 20 21 21 68 23 60 
100 99 
best 0.86321913486662
[0m
