1 2 3 4 5 6 7 8 9 10 11 12 13 14 15 16 17 18 19 20 21 22 23 24  [1;32 1200 0.010485528243351 [0 
1 2 3 4 5 6 7 8 9 10 11 12 13 14 15 16 38 18 19 53 21 64 79 75  [1;32 14400 0.052975092027816 [0 
1 2 3 4 5 6 7 8 9 10 11 12 13 14 15 16 38 79 19 53 21 64 79 75  [1;32 39600 0.073240319593495 [0 
1 2 3 4 5 6 7 8 9 10 11 14 32 14 15 16 38 79 19 53 54 64 79 75  [1;32 64800 0.11536457358398 [0 
1 2 3 4 5 6 7 8 9 10 11 86 32 14 15 16 38 79 19 53 54 50 79 75  [1;32 68400 0.16522414835893 [0 
1 2 3 4 25 6 7 8 9 10 11 86 32 14 15 16 38 79 19 53 54 50 79 75  [1;32 73200 0.23840311909452 [0 
1 4 3 4 25 50 7 55 9 83 11 86 32 14 15 16 38 31 19 53 54 50 79 75  [1;32 103200 0.39023683431478 [0 
1 4 3 4 25 50 7 55 9 83 11 8 32 14 15 16 38 31 19 53 54 50 79 75  [1;32 123600 0.41337171000843 [0 
42 45 3 7 25 50 31 21 9 83 11 8 32 14 15 16 38 31 9 53 54 50 79 75  [1;32 128400 0.47274224167756 [0 
42 45 3 7 25 50 31 21 9 83 11 8 32 14 15 16 38 31 9 53 54 50 79 75  [1;32 129600 0.56239807882366 [0 
42 45 3 7 25 50 31 21 9 83 11 44 32 14 37 16 11 31 9 53 54 50 79 75  [1;32 175200 0.6094903052117 [0 
42 45 3 7 25 50 31 21 9 83 11 44 32 14 37 16 11 31 9 53 54 50 79 75  [1;32 176400 0.62316169584507 [0 
42 45 3 7 25 50 31 21 9 83 11 44 32 14 37 16 11 31 9 53 54 50 79 75  [1;32 177600 0.64877369644473 [0 
42 45 3 7 25 38 31 21 9 83 11 44 32 14 37 16 11 31 9 53 54 50 79 75  [1;32 375600 0.64935520691558 [0 
42 19 3 7 25 38 50 21 9 83 11 44 32 14 37 87 11 31 9 53 54 50 79 75  [1;32 427200 0.75385211004083 [0 
42 19 3 7 25 86 23 21 9 83 11 44 32 14 37 87 11 31 9 53 54 50 79 75  [1;32 962400 0.84702791344901 [0 
42 19 3 7 25 86 23 21 9 83 11 44 32 14 37 87 11 31 9 53 54 50 79 75  [1;32 963600 0.85387882034498 [0 
seed 19
42 19 3 7 25 86 23 21 9 83 11 44 32 14 37 87 11 31 9 53 54 50 79 75 
100 99 
best 0.85387882034498
 [0 
