1 2 3 4 5 6 7 8 9 10 11 12 13 14 15 16 17 18 19 20 21 22 23 24  [1;32 1200 0.00082539931038637 [0 
1 2 3 4 5 68 7 8 3 10 11 12 13 14 15 77 41 94 19 20 39 22 23 24  [1;32 40800 0.018028017524699 [0 
1 2 22 79 5 68 7 100 3 10 11 12 13 14 15 77 66 94 19 20 39 22 23 24  [1;32 94800 0.17521968183373 [0 
1 2 22 79 5 68 7 100 3 10 11 12 13 14 15 77 66 94 19 20 39 22 23 24  [1;32 96000 0.30408274017284 [0 
1 2 93 79 5 68 7 100 3 10 11 12 13 14 15 77 66 94 19 20 39 13 23 24  [1;32 147600 0.33801996351293 [0 
1 2 93 8 5 68 7 100 3 10 46 12 13 14 15 77 66 94 19 20 39 13 23 24  [1;32 160800 0.71538965927691 [0 
1 2 93 8 5 68 7 100 3 10 46 12 13 14 15 77 66 94 19 20 39 13 23 24  [1;32 162000 0.80052398398148 [0 
1 2 93 8 5 68 7 100 3 10 46 12 13 14 15 77 66 94 19 20 39 13 23 24  [1;32 163200 0.80624340797832 [0 
1 2 93 8 5 68 7 100 3 10 46 12 13 14 15 77 66 94 19 20 39 13 23 24  [1;32 164400 0.85756274000244 [0 
1 2 93 11 41 83 7 100 3 10 46 12 13 14 15 77 66 94 19 20 39 13 23 24  [1;32 678000 0.87087279269203 [0 
1 2 93 11 41 83 7 100 3 10 46 12 13 14 15 77 66 94 19 20 39 13 23 24  [1;32 679200 0.87945795636847 [0 
1 2 93 11 41 83 7 100 3 10 46 12 13 65 15 77 66 94 19 20 39 13 23 24  [1;32 690000 0.88113218239771 [0 
seed 98
1 2 93 11 41 83 7 100 3 10 46 12 13 65 15 77 66 94 19 20 39 13 23 24 
100 99 
best 0.88113218239771
 [0 
