1 2 3 4 5 6 7 8 9 10 11 12 13 14 15 16 17 18 19 20 21 22 23 24 [1;32m1200 0.00082539931038637[0m
1 2 3 98 5 6 7 8 9 10 11 53 13 80 15 16 17 18 19 20 21 89 23 24 [1;32m200400 0.21869590137456[0m
1 2 3 98 5 6 7 8 9 10 11 53 13 80 15 16 17 18 16 20 21 89 23 24 [1;32m303600 0.40070825106127[0m
1 2 65 98 5 6 7 8 9 10 11 53 13 80 15 16 17 18 16 20 21 89 24 24 [1;32m381600 0.43257997991506[0m
1 2 65 1 5 6 7 8 32 10 11 53 13 80 15 16 17 18 16 38 21 80 43 24 [1;32m562800 0.78774704053832[0m
1 2 65 1 5 6 7 8 32 10 11 53 13 80 15 16 17 18 8 38 21 80 43 24 [1;32m574800 0.80877733513005[0m
1 2 65 1 5 6 7 8 32 10 11 53 13 80 15 16 17 18 8 38 21 80 43 24 [1;32m576000 0.85553024448187[0m
1 36 65 1 5 6 7 3 32 39 11 53 13 80 2 16 17 18 8 38 21 80 43 24 [1;32m620400 0.8569641676231[0m
1 36 65 1 5 6 96 3 32 38 11 53 13 80 2 16 17 43 8 38 21 80 43 24 [1;32m622800 0.85718669139819[0m
1 36 65 1 5 6 93 3 32 38 94 53 99 80 2 16 64 43 8 38 79 80 43 24 [1;32m633600 0.86105411205184[0m
1 36 65 1 5 6 93 3 66 38 94 53 99 80 2 16 64 43 8 38 79 80 43 24 [1;32m692400 0.86234276729247[0m
1 36 65 1 45 6 93 3 66 38 94 53 99 73 2 16 64 43 8 38 79 80 43 24 [1;32m795600 0.86324772261742[0m
1 36 65 1 45 6 93 3 66 38 94 50 99 73 2 16 64 43 8 27 79 80 43 24 [1;32m1035600 0.86663329022357[0m
seed 30
1 36 65 1 45 6 93 3 66 38 94 50 99 73 2 16 64 43 8 27 79 80 43 24 
100 99 
best 0.86663329022357
[0m
