70 2 3 4 5 6 7 8 9 10 11 12 13 14 15 16 17 18 19 20 21 22 76 24  [1;32 8400 0.0018519638481163 [0 
70 2 3 4 5 6 7 8 9 10 11 12 95 14 15 16 17 18 19 20 21 22 76 24  [1;32 30000 0.0021575793188136 [0 
70 2 2 48 5 6 7 8 10 10 11 12 95 14 15 16 17 18 19 20 21 22 22 2  [1;32 85200 0.068002133754662 [0 
70 2 2 5 5 6 7 8 10 10 11 12 95 14 15 16 17 18 19 66 21 22 22 2  [1;32 133200 0.072452631620132 [0 
70 2 9 5 5 6 7 8 10 10 11 12 95 14 15 16 83 18 19 66 21 22 22 2  [1;32 148800 0.16766138382551 [0 
70 2 16 5 5 6 66 8 10 10 11 12 95 14 15 31 83 18 19 66 21 22 22 2  [1;32 283200 0.20843040427094 [0 
63 19 16 5 5 6 66 12 10 10 11 12 95 14 15 31 83 18 19 66 21 22 66 78  [1;32 500400 0.21546663978314 [0 
63 30 16 5 5 6 66 12 10 10 11 12 95 14 15 31 83 18 19 66 21 22 66 78  [1;32 505200 0.21992263051795 [0 
63 30 16 5 5 6 66 12 10 10 11 12 95 14 15 31 83 18 19 66 21 22 66 78  [1;32 506400 0.22252377639685 [0 
seed 65
63 30 16 5 5 6 66 12 10 10 11 12 95 14 15 31 83 18 19 66 21 22 66 78 
100 99 
best 0.22252377639685
 [0 
