1 2 3 4 5 43 7 8 46 28 11 12 13 41 15 16 17 18 19 20 21 22 23 24  [1;32 7200 0.0027297173504608 [0 
1 2 53 4 5 43 7 8 46 28 11 12 59 41 15 16 21 18 48 20 21 22 23 24  [1;32 18000 0.0027905339363995 [0 
41 2 53 4 5 43 7 8 63 28 11 12 59 75 15 16 21 8 48 20 21 22 23 24  [1;32 36000 0.0073053141553232 [0 
41 2 53 4 5 17 7 8 63 28 11 12 59 75 72 16 21 8 51 20 21 49 23 23  [1;32 268800 0.01087287287581 [0 
41 2 53 4 41 17 7 8 63 28 34 12 59 75 72 16 21 8 51 20 21 49 23 23  [1;32 999600 0.016171792362807 [0 
seed 100
41 2 53 4 41 17 7 8 63 28 34 12 59 75 72 16 21 8 51 20 21 49 23 23 
100 99 
best 0.016171792362807
 [0 
