1 2 3 4 5 6 7 8 9 10 84 12 13 14 15 43 17 18 19 20 21 22 23 24 [1;32m8400 0.033022944554156[0m
1 2 88 4 5 6 7 8 9 10 84 12 13 14 15 43 17 18 19 67 21 22 23 24 [1;32m18000 0.035269505660646[0m
1 2 88 4 5 6 7 8 9 10 84 12 13 14 15 43 17 18 19 67 21 22 23 24 [1;32m19200 0.048492640907406[0m
1 2 88 4 5 6 7 8 9 10 84 12 13 14 15 43 17 18 19 67 21 22 23 24 [1;32m20400 0.063611791227642[0m
1 2 88 4 5 6 7 8 9 40 84 12 13 14 15 43 17 18 19 67 21 22 23 24 [1;32m48000 0.14908869657234[0m
1 2 88 4 5 10 7 8 9 40 84 51 87 14 15 43 17 84 19 54 21 22 23 24 [1;32m165600 0.2667238582825[0m
1 2 88 4 5 10 7 8 9 40 84 51 87 98 15 43 17 79 12 54 21 22 23 24 [1;32m192000 0.29543520078044[0m
1 2 88 4 50 4 7 8 9 40 84 51 87 98 15 43 17 79 12 54 21 22 23 24 [1;32m206400 0.31685711384518[0m
1 2 88 4 50 4 7 79 9 40 84 51 87 98 15 43 17 79 12 54 21 22 23 24 [1;32m216000 0.45116948472491[0m
1 31 88 4 5 4 7 79 9 8 84 51 87 98 15 43 17 61 12 54 21 22 23 24 [1;32m235200 0.56665867364136[0m
1 31 88 4 5 4 7 79 9 8 84 51 87 98 15 43 17 61 12 54 21 22 19 24 [1;32m246000 0.73670928208552[0m
1 31 88 4 5 4 7 26 9 8 84 51 63 98 15 43 5 61 12 54 21 22 19 24 [1;32m632400 0.75846095857459[0m
1 31 88 4 5 4 7 26 9 8 84 51 63 98 15 43 5 61 39 54 21 22 19 24 [1;32m862800 0.87797019588335[0m
seed 39
1 31 88 4 5 4 7 26 9 8 84 51 63 98 15 43 5 61 39 54 21 22 19 24 
100 99 
best 0.87797019588335
[0m
