1 2 3 4 5 6 7 8 9 10 11 12 13 14 15 16 17 18 19 20 21 22 23 24 [1;32m1200 0.16709761141456[0m
1 2 3 4 5 6 7 8 9 10 11 12 13 14 15 16 17 18 19 20 21 22 23 24 [1;32m2400 0.17625550886467[0m
51 2 3 4 5 6 7 8 9 14 69 70 13 14 15 16 17 18 67 20 21 22 23 27 [1;32m13200 0.32445124987696[0m
51 2 3 4 5 6 7 8 9 14 69 70 13 14 15 16 17 18 67 20 21 22 23 27 [1;32m14400 0.4673649077418[0m
51 2 3 4 5 6 7 8 9 83 69 70 13 56 15 16 17 18 67 20 21 22 23 27 [1;32m183600 0.56261689855359[0m
51 2 3 4 5 46 7 8 9 83 69 70 13 56 15 16 17 18 67 20 21 22 23 27 [1;32m201600 0.58581993993307[0m
51 2 3 4 5 79 7 8 9 83 69 70 13 56 15 72 17 18 67 56 21 22 91 95 [1;32m718800 0.70771250937015[0m
51 2 3 4 5 44 7 8 9 83 69 70 13 56 15 72 17 18 67 56 62 22 91 95 [1;32m721200 0.71696322745465[0m
51 2 3 4 5 44 7 8 9 83 69 70 13 56 15 72 17 18 67 56 62 22 91 95 [1;32m722400 0.77236843971244[0m
51 2 3 4 5 44 7 8 9 83 69 70 13 56 15 72 17 18 67 56 62 22 91 95 [1;32m723600 0.79211931107504[0m
51 2 3 4 5 44 7 8 9 83 69 70 13 56 15 72 17 18 67 56 62 22 91 95 [1;32m724800 0.84853232905975[0m
88 2 3 56 5 44 7 8 9 83 69 70 13 56 15 72 17 18 67 56 62 22 91 95 [1;32m913200 0.85007982591947[0m
88 2 3 77 5 35 7 8 9 83 69 70 13 56 34 72 17 18 67 56 15 22 91 95 [1;32m1030800 0.86534752789306[0m
88 2 3 77 5 35 7 8 9 83 69 70 13 56 34 72 17 18 67 56 15 68 91 95 [1;32m1046400 0.88362244732504[0m
88 2 3 7 58 35 7 8 9 83 69 70 13 56 34 72 17 18 67 56 15 68 38 95 [1;32m1124400 0.88588094861588[0m
88 2 79 7 58 35 7 8 9 83 69 70 13 56 34 72 17 18 67 56 15 68 38 95 [1;32m1132800 0.89506224001309[0m
88 2 79 7 58 35 64 8 9 83 69 70 13 56 34 72 17 18 67 56 15 68 38 95 [1;32m1138800 0.90061638652306[0m
88 2 79 7 58 35 64 8 9 83 69 70 13 56 84 72 17 18 67 56 15 68 38 95 [1;32m1141200 0.9009263591678[0m
seed 84
88 2 79 7 58 35 64 8 9 83 69 70 13 56 84 72 17 18 67 56 15 68 38 95 
100 99 
best 0.9009263591678
[0m
