1 2 3 4 5 6 7 8 9 10 11 12 13 14 15 16 17 18 19 20 21 22 23 24  [1;32 1200 0.00082511167866957 [0 
1 2 3 4 5 6 7 8 63 10 90 12 13 14 15 16 17 18 19 65 6 88 23 24  [1;32 4800 0.24637029148326 [0 
70 2 3 4 5 6 55 8 63 9 90 12 13 14 15 16 15 18 19 65 6 88 92 24  [1;32 500400 0.8158529208168 [0 
70 2 3 4 5 6 55 8 63 9 90 12 13 14 15 16 15 18 19 65 6 88 92 24  [1;32 501600 0.88237572383912 [0 
70 2 3 4 5 6 55 8 63 9 90 12 13 22 15 16 15 18 19 21 6 88 92 24  [1;32 570000 0.89927390494981 [0 
70 2 3 4 5 6 55 6 63 9 90 12 13 22 15 16 15 18 19 21 6 88 92 35  [1;32 740400 0.90106704272674 [0 
52 2 3 4 5 6 55 6 63 9 90 12 90 22 15 16 15 18 19 21 6 88 92 43  [1;32 1094400 0.90128097542053 [0 
seed 100
52 2 3 4 5 6 55 6 63 9 90 12 90 22 15 16 15 18 19 21 6 88 92 43 
100 99 
best 0.90128097542053
 [0 
