1 2 3 4 5 6 7 8 9 10 11 12 13 14 15 16 17 18 19 20 21 22 23 24  [1;32 1200 0.2198587069921 [0 
1 77 17 4 5 6 97 8 9 10 11 12 13 14 15 16 24 18 19 20 21 22 23 24  [1;32 123600 0.76301058785734 [0 
1 77 17 4 5 6 97 8 9 10 11 12 13 14 15 16 24 18 19 20 21 22 23 24  [1;32 124800 0.83866046194943 [0 
1 77 17 4 5 6 97 8 9 10 11 12 13 14 15 16 24 18 19 20 21 22 23 24  [1;32 126000 0.85580810964356 [0 
80 77 17 40 5 6 97 8 56 10 11 12 13 58 15 16 24 18 19 85 55 22 23 24  [1;32 133200 0.86561103558212 [0 
80 77 17 40 5 6 97 8 56 10 11 12 13 58 33 16 24 18 19 85 55 22 23 24  [1;32 1166400 0.86762658277469 [0 
seed 41
80 77 17 40 5 6 97 8 56 10 11 12 13 58 33 16 24 18 19 85 55 22 23 24 
100 99 
best 0.86762658277469
 [0 
