1 2 3 4 5 6 7 8 9 10 11 12 13 14 15 16 17 18 19 20 21 22 23 24  [1;32 1200 0.21221266580654 [0 
69 2 3 4 5 19 83 8 9 10 11 9 13 14 27 16 17 18 73 20 21 22 23 24  [1;32 180000 0.52287965841487 [0 
69 2 1 4 5 19 83 8 9 10 26 9 13 14 27 16 17 18 73 20 21 22 23 24  [1;32 238800 0.55628258244646 [0 
69 2 1 4 5 19 83 8 9 10 26 9 13 14 27 16 17 18 73 20 21 22 23 24  [1;32 240000 0.82904352583709 [0 
69 2 1 4 5 19 83 8 9 10 26 9 13 14 27 16 17 18 73 20 21 22 23 24  [1;32 241200 0.86047560777231 [0 
69 2 1 4 5 19 83 8 9 10 26 9 13 14 27 16 17 18 73 20 21 22 23 24  [1;32 242400 0.8860997421145 [0 
69 2 1 4 5 19 83 8 49 10 26 9 13 14 27 16 17 18 73 20 21 22 23 24  [1;32 806400 0.89475756205808 [0 
69 2 1 4 5 19 12 8 49 10 26 9 13 14 27 16 17 18 73 20 18 22 23 24  [1;32 813600 0.90203645205073 [0 
69 2 1 4 5 19 35 8 49 10 26 9 13 14 27 16 17 18 73 20 70 22 23 24  [1;32 855600 0.90786769361065 [0 
seed 50
69 2 1 4 5 19 35 8 49 10 26 9 13 14 27 16 17 18 73 20 70 22 23 24 
100 99 
best 0.90786769361065
 [0 
