1 2 3 4 5 6 7 8 9 10 11 12 13 14 15 16 17 18 19 20 21 22 23 24  [1;32 1200 0.015438366895564 [0 
1 2 3 6 5 6 7 8 53 10 11 12 26 14 15 16 17 18 69 20 21 22 23 24  [1;32 58800 0.021414731460207 [0 
1 2 3 6 5 6 7 8 53 78 46 12 26 14 15 16 17 18 72 57 33 22 26 24  [1;32 73200 0.46754257124157 [0 
1 2 80 6 5 15 7 8 53 78 46 12 26 35 15 16 17 18 72 15 33 22 73 24  [1;32 111600 0.60124118767959 [0 
1 2 59 6 5 15 7 8 53 78 46 12 26 35 15 16 17 18 72 15 36 22 73 24  [1;32 123600 0.6285822355894 [0 
1 2 59 6 5 15 7 8 53 78 19 12 26 35 15 16 71 18 72 15 36 22 73 24  [1;32 128400 0.84749174216803 [0 
1 2 59 6 5 15 7 8 53 78 19 12 26 35 15 16 71 18 72 15 36 22 73 24  [1;32 129600 0.85990571572113 [0 
1 2 59 6 5 15 7 8 53 78 19 12 26 92 15 9 71 18 72 15 36 22 73 24  [1;32 237600 0.88246483028485 [0 
1 2 59 6 5 15 7 8 53 99 19 12 26 92 15 9 71 18 72 15 36 22 73 24  [1;32 334800 0.8837065434704 [0 
1 2 59 6 5 67 7 8 77 99 94 12 26 55 15 9 71 18 72 15 36 22 73 24  [1;32 367200 0.90077509078298 [0 
seed 45
1 2 59 6 5 67 7 8 77 99 94 12 26 55 15 9 71 18 72 15 36 22 73 24 
100 99 
best 0.90077509078298
 [0 
