58 2 3 52 5 6 7 8 9 10 63 12 13 14 15 16 17 18 19 20 21 53 23 24  [1;32 6000 0.75058763498874 [0 
58 2 3 52 5 6 7 8 9 10 63 12 13 14 15 16 17 18 19 20 21 53 23 24  [1;32 7200 0.8465600655578 [0 
58 2 3 52 5 6 7 8 9 10 63 12 13 14 15 16 17 18 19 20 21 53 23 24  [1;32 8400 0.85261508474734 [0 
69 2 3 52 5 6 7 8 9 10 63 12 13 14 15 95 17 18 10 20 21 53 23 24  [1;32 10800 0.86489839197895 [0 
69 2 3 52 5 6 7 8 9 10 63 12 13 14 15 95 17 68 10 20 21 53 23 24  [1;32 288000 0.86759099025459 [0 
seed 73
69 2 3 52 5 6 7 8 9 10 63 12 13 14 15 95 17 68 10 20 21 53 23 24 
100 99 
best 0.86759099025459
 [0 
