1 2 3 4 100 6 68 8 99 10 11 12 13 14 15 16 90 48 19 20 21 22 23 24 [1;32m108000 0.00082504578526133[0m
1 2 3 4 100 6 68 100 99 10 11 12 13 14 15 49 90 48 19 20 21 22 23 24 [1;32m121200 0.22629395099849[0m
96 33 3 4 55 6 68 100 99 10 11 12 24 14 15 49 90 48 19 20 21 53 23 10 [1;32m189600 0.76633566192541[0m
96 33 3 4 55 6 68 100 99 10 11 12 24 14 15 49 90 48 19 20 21 53 23 10 [1;32m190800 0.85258968964457[0m
96 33 3 4 55 6 68 100 99 10 11 12 24 14 15 49 90 48 19 20 21 53 23 10 [1;32m192000 0.85756835929067[0m
96 33 3 66 55 6 68 100 99 10 11 12 24 14 15 49 90 48 88 20 21 53 23 12 [1;32m198000 0.86577026357983[0m
96 33 3 59 55 6 68 100 2 9 11 44 42 14 15 49 90 48 88 37 21 53 23 12 [1;32m1312800 0.86817698050121[0m
seed 24
96 33 3 59 55 6 68 100 2 9 11 44 42 14 15 49 90 48 88 37 21 53 23 12 
100 99 
best 0.86817698050121
[0m
