1 2 3 4 5 6 7 8 9 10 11 12 13 14 15 16 17 18 19 20 21 22 23 24  [1;32 1200 0.0037263508784862 [0 
1 2 71 4 5 75 7 8 9 10 11 12 65 14 15 16 17 18 42 20 21 22 23 24  [1;32 4800 0.014926985425818 [0 
1 58 37 4 5 75 7 4 9 10 11 12 65 14 15 16 17 18 42 20 9 22 23 24  [1;32 19200 0.024607804348382 [0 
1 58 37 4 5 75 7 4 56 10 11 12 48 14 15 24 17 18 42 31 9 22 23 24  [1;32 22800 0.15195203972822 [0 
1 94 37 4 41 75 7 4 56 10 11 12 48 59 15 14 17 56 42 31 9 22 23 24  [1;32 73200 0.26921834340277 [0 
1 94 37 4 41 75 7 4 62 10 11 12 48 59 15 14 17 56 42 31 9 22 23 24  [1;32 82800 0.33712984657399 [0 
1 94 82 71 41 75 7 94 62 10 4 12 48 59 15 14 98 56 42 31 9 22 23 24  [1;32 99600 0.55300258040875 [0 
1 94 82 71 41 75 7 94 62 10 4 12 48 59 15 14 98 41 42 31 9 22 23 24  [1;32 109200 0.68719360073122 [0 
1 94 82 71 41 75 95 94 62 10 4 25 48 59 15 14 98 41 42 31 84 22 23 24  [1;32 356400 0.79026693167857 [0 
seed 63
1 94 82 71 41 75 95 94 62 10 4 25 48 59 15 14 98 41 42 31 84 22 23 24 
100 99 
best 0.79026693167857
 [0 
