1 2 3 4 5 6 7 8 9 10 11 12 13 14 15 16 17 18 19 20 21 22 23 24  [1;32 1200 0.00082539931038637 [0 
1 2 3 4 5 6 7 8 9 10 11 12 13 14 15 16 17 18 19 20 21 57 23 24  [1;32 3600 0.0049802735304063 [0 
29 2 3 4 42 6 7 8 9 10 11 12 13 14 15 16 17 18 96 20 21 57 23 24  [1;32 7200 0.073406464220488 [0 
29 2 40 4 42 6 61 8 9 11 11 12 13 14 15 16 17 32 96 20 21 57 23 24  [1;32 15600 0.10813618369952 [0 
29 2 40 4 42 51 61 8 80 62 11 12 13 14 15 16 17 32 96 20 21 8 23 24  [1;32 22800 0.31470009328894 [0 
29 17 40 4 42 51 61 8 89 62 11 12 13 62 15 16 86 32 96 66 21 8 23 24  [1;32 32400 0.46459950185825 [0 
29 17 40 4 42 51 61 8 89 62 11 12 13 62 15 16 86 32 96 66 21 8 23 24  [1;32 33600 0.50943053008857 [0 
29 17 40 4 42 51 61 41 89 65 11 56 13 62 15 9 86 32 96 66 72 8 23 24  [1;32 385200 0.53440135206089 [0 
29 17 40 50 42 51 61 41 89 65 11 56 13 62 47 9 86 32 96 66 26 8 23 24  [1;32 528000 0.71549976281622 [0 
29 17 40 50 42 51 61 41 89 65 11 56 13 62 47 9 86 32 96 66 26 8 23 24  [1;32 529200 0.88008592523463 [0 
29 17 40 50 42 51 61 41 35 65 11 56 13 62 47 9 82 32 96 66 27 8 23 24  [1;32 559200 0.88405820434181 [0 
29 17 40 50 42 51 61 41 39 65 11 56 13 62 47 9 82 32 96 66 27 8 23 24  [1;32 1425600 0.89467134952913 [0 
seed 53
29 17 40 50 42 51 61 41 39 65 11 56 13 62 47 9 82 32 96 66 27 8 23 24 
100 99 
best 0.89467134952913
 [0 
