1 2 16 4 36 11 7 8 9 10 11 96 100 14 15 16 17 18 19 20 21 22 23 24  [1;32 247200 0.096979504368119 [0 
1 2 16 4 36 11 11 8 9 10 81 96 100 14 15 16 17 18 19 20 21 22 23 24  [1;32 250800 0.14540304794415 [0 
1 2 16 4 85 11 11 8 9 10 81 96 100 14 15 16 17 18 19 20 21 22 23 24  [1;32 267600 0.19672301771679 [0 
4 2 16 4 85 11 11 60 9 44 81 61 100 14 15 16 17 18 19 20 27 22 23 24  [1;32 285600 0.38209239479536 [0 
4 2 32 4 85 11 11 60 9 44 81 61 100 14 15 16 17 18 19 20 27 22 23 24  [1;32 418800 0.41686433399867 [0 
4 2 32 4 55 11 11 60 15 44 81 61 100 14 15 16 17 67 19 20 27 22 23 24  [1;32 541200 0.4368588613083 [0 
4 2 32 4 55 11 11 60 15 44 81 61 100 14 15 16 17 67 19 20 27 22 23 24  [1;32 542400 0.48912481379398 [0 
4 2 32 4 55 11 11 60 15 44 81 61 100 14 15 16 17 67 19 20 27 22 23 24  [1;32 543600 0.49540474741568 [0 
4 2 32 4 55 11 11 60 15 44 81 59 100 100 15 16 17 67 19 15 27 22 23 24  [1;32 554400 0.58627829263557 [0 
4 2 32 4 55 11 11 60 28 44 81 59 18 100 15 63 17 67 19 38 27 22 35 24  [1;32 645600 0.64569398817032 [0 
4 66 56 4 43 11 11 70 28 79 81 59 18 100 26 63 17 67 19 38 27 22 35 24  [1;32 759600 0.75230238119765 [0 
4 66 56 4 43 11 11 70 28 79 81 59 18 100 26 63 24 67 19 38 27 22 35 24  [1;32 805200 0.78468868581606 [0 
4 66 56 4 43 11 11 70 28 79 81 59 18 100 26 63 24 67 19 38 27 13 35 24  [1;32 830400 0.84995267377713 [0 
4 7 56 4 67 44 11 70 28 79 81 59 18 100 26 63 24 67 19 38 27 13 35 24  [1;32 1089600 0.86460775601342 [0 
seed 93
4 7 56 4 67 44 11 70 28 79 81 59 18 100 26 63 24 67 19 38 27 13 35 24 
100 99 
best 0.86460775601342
 [0 
