1 2 3 4 5 6 7 8 9 10 11 12 13 14 15 16 17 18 19 20 21 22 23 24  [1;32 1200 0.0016503169350676 [0 
1 2 3 4 81 1 7 8 9 10 11 12 13 89 15 16 17 18 19 20 21 71 34 24  [1;32 7200 0.82793842353059 [0 
1 4 3 4 81 1 20 8 9 18 11 12 60 89 15 16 17 18 19 20 21 71 34 24  [1;32 9600 0.85545041002722 [0 
79 4 3 4 81 1 20 8 9 18 11 24 60 89 15 16 82 18 19 20 21 71 34 24  [1;32 22800 0.86347762174662 [0 
79 91 3 4 81 1 20 8 9 18 11 24 60 89 15 16 82 18 19 20 21 71 34 81  [1;32 1280400 0.86356586060263 [0 
seed 64
79 91 3 4 81 1 20 8 9 18 11 24 60 89 15 16 82 18 19 20 21 71 34 81 
100 99 
best 0.86356586060263
 [0 
