1 2 3 4 5 6 7 8 9 10 11 12 13 14 15 16 17 18 19 20 21 22 23 24  [1;32 1200 0.00082539931038637 [0 
83 2 3 11 5 6 7 17 9 10 11 44 13 14 15 16 17 18 19 20 49 22 23 24  [1;32 25200 0.0021494782588392 [0 
83 2 3 11 5 6 97 17 9 10 11 44 13 14 15 16 17 18 19 20 49 22 23 24  [1;32 31200 0.0066167241438279 [0 
83 2 3 11 5 6 97 17 9 10 11 44 13 14 15 16 17 18 19 20 49 22 23 24  [1;32 32400 0.0066816549565046 [0 
83 2 3 11 5 6 97 17 9 10 11 44 13 14 15 16 17 18 19 20 49 22 23 24  [1;32 33600 0.0076805762205888 [0 
83 2 46 11 5 6 97 17 71 10 11 44 13 14 15 16 17 49 63 20 49 22 23 24  [1;32 36000 0.028215015289267 [0 
83 2 46 1 5 6 97 17 70 10 83 44 13 14 15 16 17 49 90 24 49 22 23 24  [1;32 40800 0.28737280667816 [0 
83 2 46 1 52 6 97 17 70 10 83 44 13 23 15 16 17 49 90 24 49 22 26 24  [1;32 44400 0.57467987350249 [0 
83 2 46 1 52 6 97 17 70 10 83 44 13 23 15 16 17 49 90 24 49 22 26 24  [1;32 45600 0.63767133132168 [0 
83 2 46 1 46 45 97 17 70 44 63 44 13 23 15 16 17 49 90 24 49 22 26 24  [1;32 52800 0.78325546514256 [0 
83 2 46 1 46 45 97 17 70 44 63 44 13 23 15 16 17 49 90 24 2 22 26 24  [1;32 134400 0.85525807960701 [0 
83 2 46 1 46 45 97 17 70 44 63 44 13 23 15 16 17 49 90 24 2 38 26 24  [1;32 652800 0.85758257586543 [0 
seed 11
83 2 46 1 46 45 97 17 70 44 63 44 13 23 15 16 17 49 90 24 2 38 26 24 
100 99 
best 0.85758257586543
 [0 
