1 2 3 4 5 6 7 8 9 10 11 12 13 14 15 16 17 18 19 20 21 22 23 24  [1;32 1200 0.0027553993658126 [0 
1 2 3 4 5 6 7 8 90 10 11 12 13 14 15 16 17 18 19 20 21 22 23 14  [1;32 10800 0.010262718203393 [0 
8 44 3 11 5 6 7 8 90 10 78 12 26 14 15 16 17 18 19 20 21 22 23 14  [1;32 25200 0.010443250154414 [0 
8 44 45 11 5 6 7 8 90 10 78 12 15 14 15 16 35 51 19 20 21 22 23 14  [1;32 38400 0.010587201903547 [0 
8 44 45 11 5 6 7 8 90 10 78 12 15 14 15 16 35 51 19 43 21 22 23 14  [1;32 148800 0.010647021577453 [0 
8 44 45 11 5 6 51 8 90 10 78 12 15 14 15 16 35 51 19 43 21 22 96 14  [1;32 180000 0.010819191223573 [0 
8 44 16 11 5 6 51 8 90 10 97 12 15 14 15 16 35 51 19 43 21 22 96 64  [1;32 219600 0.019019268199452 [0 
seed 32
8 44 16 11 5 6 51 8 90 10 97 12 15 14 15 16 35 51 19 43 21 22 96 64 
100 99 
best 0.019019268199452
 [0 
