1 2 3 4 5 6 7 8 9 10 11 12 13 14 15 16 17 18 19 20 21 22 23 24 [1;32m1200 0.00082539931038637[0m
1 30 3 51 5 25 7 8 9 10 11 19 13 14 15 16 17 81 19 20 59 22 23 24 [1;32m238800 0.00082554241669144[0m
1 30 93 51 5 25 7 8 9 10 11 19 13 14 15 90 91 81 23 20 59 87 23 24 [1;32m243600 0.093825027298051[0m
1 30 93 51 5 25 60 8 9 10 11 70 13 14 15 23 91 81 23 20 59 87 23 24 [1;32m366000 0.1147776999735[0m
1 77 93 51 5 25 15 8 86 10 11 70 13 14 15 37 91 81 23 20 59 87 23 24 [1;32m405600 0.3673668618329[0m
1 77 93 51 5 25 15 8 86 10 11 70 13 14 15 37 91 81 93 20 59 87 23 24 [1;32m780000 0.80319865952341[0m
1 77 93 51 5 25 15 8 86 10 11 70 13 14 15 37 91 81 93 20 59 88 23 24 [1;32m903600 0.80709649905097[0m
1 77 93 51 5 25 15 8 86 10 11 70 13 14 15 37 91 81 93 20 59 88 23 24 [1;32m904800 0.84049521778553[0m
1 77 93 51 5 25 15 8 86 86 11 70 13 14 15 96 91 81 93 20 59 38 23 24 [1;32m1099200 0.85946845970577[0m
1 77 27 51 5 25 15 8 86 7 11 70 13 14 15 96 91 81 93 11 47 38 23 97 [1;32m1267200 0.87547608389082[0m
seed 2
1 77 27 51 5 25 15 8 86 7 11 70 13 14 15 96 91 81 93 11 47 38 23 97 
100 99 
best 0.87547608389082
[0m
