1 24 3 25 5 6 90 8 9 10 11 12 51 14 15 16 83 18 19 20 21 22 12 24 [1;32m7200 0.0020015866499686[0m
47 24 3 25 5 6 90 45 9 10 11 12 51 14 58 16 83 18 19 20 21 22 9 66 [1;32m28800 0.017144254386182[0m
88 24 67 24 72 6 90 45 9 82 11 12 51 14 58 16 83 18 19 20 21 22 9 66 [1;32m36000 0.070252154755642[0m
88 24 67 24 72 6 69 45 9 82 11 12 51 98 58 49 83 77 38 20 21 13 9 66 [1;32m42000 0.14083902437452[0m
88 24 67 24 72 6 69 45 9 82 11 12 51 98 58 49 83 77 38 20 21 13 9 66 [1;32m43200 0.15109125943207[0m
48 24 67 24 72 35 69 45 9 82 36 12 51 98 58 49 83 77 38 20 21 13 9 66 [1;32m58800 0.23613544603596[0m
48 24 67 24 72 35 69 45 9 82 36 12 51 98 58 49 83 77 38 20 21 13 9 66 [1;32m60000 0.31095772831568[0m
48 24 67 24 72 35 69 45 9 82 36 12 51 98 58 49 83 77 38 20 21 13 9 66 [1;32m61200 0.3333282730575[0m
48 24 67 24 72 35 69 45 9 82 36 12 51 98 58 49 83 77 38 20 21 13 9 66 [1;32m62400 0.33687802790584[0m
48 24 67 24 72 63 69 11 9 82 36 12 51 98 58 49 83 77 38 20 21 13 9 66 [1;32m90000 0.34920976145083[0m
48 24 67 24 72 63 69 11 9 82 36 12 51 98 96 49 83 77 38 20 21 13 9 66 [1;32m112800 0.45437659893307[0m
48 24 67 24 72 63 69 11 9 82 36 12 51 98 96 49 83 77 38 20 21 13 65 66 [1;32m118800 0.46360446254739[0m
48 24 67 24 72 63 69 11 9 82 36 12 51 98 96 49 83 77 38 20 21 13 65 66 [1;32m120000 0.4657610721193[0m
48 24 67 24 72 63 69 11 9 82 36 12 51 98 96 49 83 77 38 20 21 13 65 66 [1;32m121200 0.50520122193772[0m
48 24 67 24 72 63 69 11 9 82 65 12 51 98 96 49 83 77 38 20 21 13 65 66 [1;32m123600 0.53480272307073[0m
48 24 67 24 72 63 70 11 9 82 65 82 51 98 96 3 83 77 38 20 21 13 65 97 [1;32m192000 0.86678563025216[0m
48 24 67 24 72 63 70 11 9 82 65 82 12 98 96 3 83 77 13 20 21 13 65 97 [1;32m325200 0.8822131485422[0m
48 24 67 24 72 63 70 11 9 82 65 82 12 98 96 3 83 77 13 61 21 13 65 97 [1;32m332400 0.89092539982723[0m
48 24 67 24 72 63 29 11 9 82 4 82 12 98 96 3 83 77 13 61 21 13 65 97 [1;32m632400 0.89357246106348[0m
seed 70
48 24 67 24 72 63 29 11 9 82 4 82 12 98 96 3 83 77 13 61 21 13 65 97 
100 99 
best 0.89357246106348
[0m
