1 2 3 4 5 6 7 8 9 10 11 12 13 14 15 16 17 18 19 20 21 22 23 24  [1;32 1200 0.24964440596983 [0 
1 2 3 4 5 6 7 8 9 10 11 45 13 14 15 16 16 18 19 20 49 22 23 24  [1;32 4800 0.26395952798679 [0 
1 2 3 4 5 6 7 8 9 10 11 45 13 14 15 16 16 18 19 20 49 22 23 24  [1;32 6000 0.37436223480542 [0 
1 2 3 4 5 6 7 8 9 10 11 45 13 14 15 16 16 18 19 20 49 22 23 24  [1;32 7200 0.37770180427942 [0 
1 2 3 4 5 6 7 8 9 10 11 45 13 14 15 16 16 18 19 20 49 22 23 24  [1;32 8400 0.39192692042936 [0 
1 2 3 4 5 6 7 8 9 10 11 45 13 14 15 16 16 18 19 20 49 22 23 24  [1;32 9600 0.4123560961072 [0 
1 2 3 4 5 6 7 8 9 10 11 45 13 14 15 16 16 18 2 20 49 60 23 24  [1;32 22800 0.48561178884588 [0 
1 2 3 4 5 6 7 8 9 10 11 45 13 14 15 16 16 18 2 20 49 60 23 24  [1;32 24000 0.5183114734238 [0 
1 2 3 4 5 6 7 8 9 10 11 45 13 14 15 16 16 12 2 20 49 60 23 24  [1;32 26400 0.57294041080081 [0 
1 2 3 4 5 6 7 8 9 10 11 45 13 14 15 16 16 12 2 20 49 60 23 24  [1;32 27600 0.58171569447703 [0 
1 2 3 4 5 6 7 8 9 10 11 45 13 14 15 16 16 12 2 20 49 60 23 24  [1;32 28800 0.60271852221687 [0 
1 10 3 4 5 73 7 8 9 10 11 45 13 56 15 16 16 88 12 13 49 60 23 24  [1;32 312000 0.62219689242507 [0 
1 4 19 4 5 73 7 8 9 10 11 26 13 56 15 16 16 88 12 13 49 60 23 24  [1;32 316800 0.7396590927137 [0 
1 4 19 4 5 73 7 8 9 10 11 26 13 56 15 16 16 88 12 13 49 60 23 24  [1;32 318000 0.83326747752707 [0 
54 4 19 4 97 73 7 8 9 4 11 26 13 47 2 16 16 88 12 13 49 60 23 24  [1;32 336000 0.86862166236992 [0 
seed 3
54 4 19 4 97 73 7 8 9 4 11 26 13 47 2 16 16 88 12 13 49 60 23 24 
100 99 
best 0.86862166236992
 [0 
