1 2 3 4 5 6 7 8 9 10 11 12 13 14 15 16 17 18 19 20 21 22 23 24  [1;32 1200 0.00082539931038637 [0 
1 34 3 4 5 6 7 8 9 10 11 12 13 14 15 55 17 18 19 20 21 22 68 24  [1;32 8400 0.0016506364547028 [0 
1 34 3 4 5 6 94 8 9 85 11 12 13 14 15 55 17 21 84 20 21 22 68 24  [1;32 10800 0.47577044071672 [0 
1 34 3 4 5 6 94 8 9 85 11 12 13 14 15 55 17 21 84 20 21 22 68 24  [1;32 12000 0.58057336025314 [0 
1 34 3 4 5 6 94 8 9 85 11 12 13 14 15 55 17 21 84 20 21 22 68 24  [1;32 13200 0.62148549957047 [0 
1 34 3 4 5 6 94 8 9 85 16 12 13 14 15 55 17 21 84 20 21 22 93 24  [1;32 44400 0.63094913064231 [0 
1 34 3 4 5 6 94 46 9 85 16 12 13 14 15 55 74 21 84 20 21 22 93 24  [1;32 121200 0.65486612485304 [0 
1 34 3 4 5 10 94 46 9 85 16 12 13 6 15 55 74 21 84 50 21 22 93 24  [1;32 145200 0.71065151299493 [0 
1 34 3 4 5 10 94 46 9 85 16 12 13 6 15 55 74 21 84 50 21 22 93 24  [1;32 146400 0.79095144712415 [0 
1 34 3 4 5 10 94 46 9 85 16 12 13 6 15 55 74 21 84 50 21 22 93 24  [1;32 147600 0.88077903495865 [0 
1 34 3 50 5 10 94 46 9 85 43 12 13 6 15 55 74 31 84 50 54 22 93 33  [1;32 652800 0.89069298690702 [0 
1 34 3 50 5 10 94 46 9 85 43 12 13 6 39 55 74 31 84 50 54 22 93 33  [1;32 772800 0.89959293093257 [0 
1 83 3 50 5 10 94 46 9 13 43 12 13 6 39 55 74 31 65 50 54 22 93 33  [1;32 1280400 0.9005290504621 [0 
seed 17
1 83 3 50 5 10 94 46 9 13 43 12 13 6 39 55 74 31 65 50 54 22 93 33 
100 99 
best 0.9005290504621
 [0 
