1 2 3 4 5 6 7 8 9 10 11 12 13 14 15 16 17 18 19 20 21 22 23 24 [1;32m1200 0.00082539931038637[0m
1 83 3 4 5 6 7 17 9 10 11 12 13 14 15 16 17 18 19 20 21 22 79 24 [1;32m20400 0.29546415247761[0m
1 83 73 4 5 99 7 37 9 10 11 12 13 20 15 16 75 18 19 20 21 22 79 24 [1;32m469200 0.31592821342743[0m
1 36 73 4 5 54 7 37 9 10 11 12 13 20 15 25 75 18 19 20 21 22 79 24 [1;32m488400 0.46616345284622[0m
1 36 73 4 5 54 7 37 9 10 11 12 13 20 15 25 75 18 19 20 21 22 79 24 [1;32m489600 0.70828374433253[0m
1 36 73 4 5 43 7 37 9 10 11 12 13 74 15 25 75 18 19 20 21 22 47 84 [1;32m524400 0.81687873862573[0m
1 36 73 4 5 43 77 37 9 10 29 12 13 74 15 25 52 88 19 20 71 22 5 84 [1;32m1050000 0.83501717759329[0m
1 36 6 60 5 43 36 37 9 10 29 12 13 74 96 25 52 88 52 20 71 22 39 84 [1;32m1090800 0.87775664032937[0m
seed 6
1 36 6 60 5 43 36 37 9 10 29 12 13 74 96 25 52 88 52 20 71 22 39 84 
100 99 
best 0.87775664032937
[0m
