94 2 3 4 5 6 7 8 68 10 11 12 13 14 15 16 17 18 19 20 21 22 23 24  [1;32 54000 0.03129121800189 [0 
6 2 3 4 5 6 7 8 68 28 11 12 13 14 15 51 17 73 19 20 46 22 23 24  [1;32 108000 0.44200027078276 [0 
10 2 3 4 5 6 7 8 68 28 67 12 13 14 15 51 17 73 19 20 46 22 23 24  [1;32 114000 0.44537804020058 [0 
16 2 22 4 21 6 7 8 68 28 15 49 13 14 15 51 17 73 19 20 46 22 23 24  [1;32 288000 0.4458568263265 [0 
16 2 22 4 21 6 7 8 68 28 15 49 13 14 15 51 17 63 19 20 46 22 23 31  [1;32 307200 0.44817770222902 [0 
16 2 22 4 21 6 7 8 68 28 15 83 13 14 15 51 91 63 19 20 50 22 23 31  [1;32 327600 0.77900240112579 [0 
16 2 30 4 21 6 7 8 36 28 15 83 13 68 15 51 11 63 19 20 56 51 23 31  [1;32 800400 0.82751829069888 [0 
16 2 30 4 21 6 7 8 36 28 15 83 13 68 15 51 11 63 19 20 56 51 23 31  [1;32 801600 0.86134779147889 [0 
seed 46
16 2 30 4 21 6 7 8 36 28 15 83 13 68 15 51 11 63 19 20 56 51 23 31 
100 99 
best 0.86134779147889
 [0 
