1 2 3 4 5 6 7 8 9 10 11 12 13 14 15 16 17 18 19 20 21 22 23 24 [1;32m1200 0.2198587069921[0m
1 77 17 4 5 6 97 8 9 10 11 12 13 14 15 16 24 18 19 20 21 22 23 24 [1;32m123600 0.76249639116684[0m
1 77 17 4 5 6 97 8 9 10 11 12 13 14 15 16 24 18 19 20 21 22 23 24 [1;32m124800 0.85871258228082[0m
1 77 17 4 5 6 97 8 9 10 78 12 13 14 15 16 24 18 19 20 21 22 23 24 [1;32m166800 0.86003377638354[0m
1 77 17 4 5 6 97 8 9 10 78 12 13 14 60 16 24 18 91 20 21 22 23 24 [1;32m187200 0.86528344495174[0m
1 77 17 4 5 6 97 48 9 10 78 12 13 14 60 16 24 26 91 20 21 22 23 24 [1;32m222000 0.86767044292819[0m
seed 41
1 77 17 4 5 6 97 48 9 10 78 12 13 14 60 16 24 26 91 20 21 22 23 24 
100 99 
best 0.86767044292819
[0m
