1 2 3 4 5 6 7 8 9 10 11 12 13 14 15 16 17 18 19 20 21 22 23 24  [1;32 1200 0.0096519284672076 [0 
1 2 13 4 5 99 7 53 9 10 37 12 13 14 89 16 17 18 19 20 21 22 23 24  [1;32 4800 0.010229170483673 [0 
1 2 13 4 5 99 7 53 9 10 37 12 13 14 29 16 65 18 19 20 21 22 23 26  [1;32 8400 0.018219367503197 [0 
1 2 13 3 34 67 7 53 9 10 37 12 13 14 29 16 65 18 19 20 21 22 23 26  [1;32 100800 0.53314811604774 [0 
1 2 13 3 34 73 7 53 9 86 37 12 13 14 29 16 65 18 62 20 21 22 23 26  [1;32 164400 0.57060971328569 [0 
1 2 13 3 34 26 7 53 9 69 37 12 67 14 29 16 65 18 62 20 21 22 69 26  [1;32 196800 0.61157138444328 [0 
seed 77
1 2 13 3 34 26 7 53 9 69 37 12 67 14 29 16 65 18 62 20 21 22 69 26 
100 99 
best 0.61157138444328
 [0 
