1 2 3 4 5 6 7 8 9 10 11 12 13 14 15 16 17 18 19 20 21 22 23 24  [1;32 1200 0.15799657111143 [0 
1 2 3 4 5 6 7 8 9 10 11 12 13 14 15 16 17 18 19 20 21 99 23 24  [1;32 20400 0.44351573297404 [0 
1 2 3 4 5 6 7 8 9 10 11 12 13 14 15 16 17 18 19 20 21 99 66 3  [1;32 33600 0.82052865994212 [0 
1 2 3 4 5 6 7 8 9 10 11 12 13 14 15 16 17 18 19 20 21 99 66 3  [1;32 34800 0.83916505607178 [0 
1 2 3 4 5 6 7 8 9 10 11 12 13 14 15 16 17 18 19 20 21 99 66 3  [1;32 36000 0.84361408870847 [0 
1 2 3 4 5 6 7 8 9 10 7 12 13 14 15 16 57 18 19 20 21 99 66 3  [1;32 74400 0.84942741572825 [0 
1 2 3 75 5 6 7 8 9 10 90 38 40 14 15 16 57 18 19 52 21 99 66 3  [1;32 142800 0.8590930361744 [0 
1 2 3 75 5 6 7 8 9 10 90 38 40 14 15 16 57 18 19 52 21 99 66 3  [1;32 144000 0.86912147920863 [0 
1 2 3 75 5 6 7 72 9 10 90 38 40 14 15 41 9 18 19 52 21 99 66 99  [1;32 333600 0.89351705656823 [0 
1 2 3 75 5 6 7 72 9 67 90 38 82 14 15 41 9 18 19 52 21 99 66 99  [1;32 386400 0.90014785228198 [0 
1 2 3 44 5 6 7 72 9 67 90 38 82 14 15 41 9 63 19 52 21 99 66 99  [1;32 495600 0.90497214743385 [0 
seed 37
1 2 3 44 5 6 7 72 9 67 90 38 82 14 15 41 9 63 19 52 21 99 66 99 
100 99 
best 0.90497214743385
 [0 
