70 2 3 4 5 6 7 8 9 10 11 12 13 30 14 16 17 18 19 20 21 22 84 24  [1;32 46800 0.32944583738945 [0 
70 2 3 4 5 6 7 8 9 10 11 12 13 30 14 16 17 18 19 20 21 22 84 24  [1;32 48000 0.33026565694545 [0 
70 2 3 4 5 6 7 8 9 10 11 12 13 30 14 16 17 18 19 20 21 22 84 24  [1;32 49200 0.33028433155603 [0 
70 2 3 4 5 6 7 8 65 10 11 12 13 30 14 16 17 22 19 20 21 22 84 24  [1;32 51600 0.5945072021136 [0 
70 2 3 4 5 80 16 8 65 10 15 12 13 30 14 36 17 22 41 20 21 22 84 24  [1;32 1286400 0.65309370605416 [0 
seed 29
70 2 3 4 5 80 16 8 65 10 15 12 13 30 14 36 17 22 41 20 21 22 84 24 
100 99 
best 0.65309370605416
 [0 
