1 2 3 4 5 6 7 8 9 10 11 12 13 14 15 16 17 18 19 20 21 22 23 24  [1;32 1200 0.21872416780709 [0 
81 2 3 4 98 6 7 8 9 65 11 12 13 14 15 57 17 18 19 44 21 22 56 24  [1;32 386400 0.37189463722408 [0 
81 2 3 4 98 6 7 58 9 65 11 12 13 18 15 57 17 18 19 44 21 22 64 24  [1;32 492000 0.43206058501969 [0 
81 2 3 4 98 6 4 58 9 65 11 12 13 18 15 57 17 18 19 44 21 22 64 24  [1;32 513600 0.43229332478078 [0 
81 2 3 4 98 6 4 58 9 65 11 12 19 18 15 57 17 18 19 44 21 22 64 24  [1;32 591600 0.43337554802599 [0 
81 2 92 11 98 6 4 58 75 65 14 12 19 45 15 57 17 18 19 44 21 22 64 24  [1;32 632400 0.43348143488949 [0 
81 75 92 11 33 6 4 58 75 65 14 12 19 45 15 57 17 18 19 5 21 22 64 24  [1;32 680400 0.43379424497237 [0 
81 75 92 57 33 6 4 58 75 65 14 12 19 45 15 57 39 18 19 5 21 22 64 24  [1;32 693600 0.43598130905275 [0 
81 75 92 57 33 6 4 58 75 65 14 12 98 45 66 57 39 18 19 5 21 22 2 24  [1;32 708000 0.43784765544596 [0 
81 75 11 57 33 6 4 58 75 65 14 12 98 30 66 57 39 18 19 61 21 22 2 24  [1;32 819600 0.4805572996936 [0 
81 75 11 57 33 6 4 58 75 65 14 12 98 30 66 57 39 18 19 61 21 22 2 24  [1;32 820800 0.53114316049444 [0 
81 75 17 57 33 6 4 58 75 65 14 39 98 30 66 57 39 18 20 61 21 22 2 24  [1;32 932400 0.54994625058768 [0 
81 75 17 57 33 6 4 41 75 65 14 12 98 30 66 60 39 18 20 23 21 22 36 24  [1;32 969600 0.60784447488864 [0 
81 75 17 57 33 6 4 41 75 65 14 12 98 30 66 60 39 18 20 23 21 22 36 24  [1;32 970800 0.728680807315 [0 
81 75 17 57 33 6 4 41 75 65 14 12 98 30 66 60 39 18 20 23 21 22 36 24  [1;32 972000 0.73938585343079 [0 
81 75 17 57 33 6 4 41 75 55 14 12 98 30 66 60 39 18 20 23 21 22 36 24  [1;32 1009200 0.84355120510423 [0 
81 75 17 57 33 6 4 41 75 55 14 12 98 30 66 60 39 18 20 23 21 22 36 24  [1;32 1010400 0.84759255112391 [0 
81 75 17 57 33 6 4 41 75 55 14 12 98 30 66 60 39 18 20 23 21 22 36 24  [1;32 1011600 0.87633033165347 [0 
seed 52
81 75 17 57 33 6 4 41 75 55 14 12 98 30 66 60 39 18 20 23 21 22 36 24 
100 99 
best 0.87633033165347
 [0 
