1 2 3 4 5 6 7 8 9 10 11 12 13 14 15 16 17 18 19 20 21 22 23 24  [1;32 1200 0.00082539931038637 [0 
1 2 3 4 53 6 7 73 9 10 11 12 13 14 15 16 17 18 19 20 21 22 74 24  [1;32 4800 0.029938850539827 [0 
1 2 3 4 53 6 74 73 9 10 43 12 13 14 15 16 17 35 41 20 36 22 74 24  [1;32 16800 0.03975108438746 [0 
1 2 3 71 53 6 74 73 9 10 43 12 13 15 15 16 80 35 41 20 36 22 74 30  [1;32 19200 0.44317442893493 [0 
1 2 3 71 53 6 74 73 9 10 43 12 13 15 15 16 80 35 41 20 36 22 74 30  [1;32 20400 0.53600825237957 [0 
99 75 3 71 53 6 74 73 9 10 43 12 13 15 15 16 80 65 41 20 36 22 74 30  [1;32 36000 0.6709078701299 [0 
99 75 49 71 70 6 74 73 9 10 43 12 13 15 15 16 80 97 41 36 39 22 74 30  [1;32 62400 0.76974025610417 [0 
99 75 23 71 70 6 74 73 9 4 43 21 13 15 15 16 80 21 41 36 39 22 74 30  [1;32 87600 0.77416555796802 [0 
99 75 41 71 22 6 74 73 9 4 43 21 8 50 80 16 80 21 41 36 39 22 74 30  [1;32 163200 0.78717195695121 [0 
seed 53
99 75 41 71 22 6 74 73 9 4 43 21 8 50 80 16 80 21 41 36 39 22 74 30 
100 99 
best 0.78717195695121
 [0 
