1 2 3 4 5 6 7 8 9 10 11 12 13 14 15 16 17 18 19 20 21 22 23 24 [1;32m1200 0.21111030297414[0m
1 10 3 4 5 82 65 38 9 10 11 12 13 14 15 16 17 18 19 83 21 22 23 24 [1;32m889200 0.57772976014215[0m
13 10 3 4 5 82 65 29 9 10 11 12 18 14 15 16 17 18 19 83 68 22 23 24 [1;32m896400 0.585532580775[0m
13 10 3 4 5 82 65 50 9 10 11 12 18 14 15 16 17 18 19 83 68 22 35 24 [1;32m900000 0.59496064169647[0m
13 10 3 4 5 82 65 42 9 10 11 12 18 14 15 16 17 18 19 83 68 22 35 24 [1;32m903600 0.60624833304097[0m
13 10 3 4 5 82 65 42 9 10 11 12 18 14 15 16 17 18 19 83 68 22 35 24 [1;32m1050000 0.62035371595226[0m
18 10 3 4 86 82 65 42 9 10 11 12 18 14 15 16 17 18 19 27 68 61 83 24 [1;32m1173600 0.63056323733132[0m
18 10 49 4 86 82 65 42 9 10 11 12 18 14 30 16 17 18 19 27 68 61 95 24 [1;32m1176000 0.63490734255953[0m
18 21 49 4 40 82 65 42 9 10 85 12 18 14 30 16 17 18 71 27 18 26 95 24 [1;32m1178400 0.67684533160987[0m
18 71 49 4 40 82 65 42 9 10 85 12 18 31 30 16 17 18 71 27 18 31 95 24 [1;32m1380000 0.79656240321913[0m
seed 98
18 71 49 4 40 82 65 42 9 10 85 12 18 31 30 16 17 18 71 27 18 31 95 24 
100 99 
best 0.79656240321913
[0m
