1 2 3 4 5 6 7 8 9 10 11 12 13 14 15 16 17 18 19 20 21 22 23 24  [1;32 1200 0.46410174937442 [0 
1 2 3 4 5 6 7 8 11 10 11 12 13 14 15 16 17 18 19 20 21 18 23 24  [1;32 1138800 0.47818807559416 [0 
1 2 3 4 5 6 7 8 11 10 11 12 13 14 15 16 17 18 19 20 21 18 23 24  [1;32 1140000 0.53985046125551 [0 
1 2 3 4 5 6 7 8 11 10 11 12 13 14 15 16 17 39 19 20 21 18 23 24  [1;32 1267200 0.57591189016484 [0 
1 2 3 4 77 6 7 8 11 10 42 12 39 14 15 16 17 39 19 20 21 18 23 24  [1;32 1293600 0.58057955247629 [0 
1 2 3 4 77 6 7 8 11 10 42 12 39 14 15 16 17 39 19 20 21 18 23 24  [1;32 1294800 0.58445006105051 [0 
seed 77
1 2 3 4 77 6 7 8 11 10 42 12 39 14 15 16 17 39 19 20 21 18 23 24 
100 99 
best 0.58445006105051
 [0 
