1 2 3 4 5 6 7 8 9 10 11 12 13 14 15 16 17 18 19 20 21 22 23 24 [1;32m1200 0.73001226514052[0m
37 2 3 4 5 6 7 8 9 10 11 12 13 14 15 14 17 18 19 6 21 22 23 24 [1;32m6000 0.82770437881149[0m
37 2 3 4 5 6 7 8 9 10 11 12 13 14 15 14 17 18 19 6 21 22 23 24 [1;32m7200 0.86000337065019[0m
37 2 3 4 5 6 7 8 9 10 11 12 13 14 15 14 17 18 19 6 21 22 23 24 [1;32m8400 0.90355775185883[0m
37 2 70 4 5 6 7 8 9 34 11 12 13 14 15 15 17 18 19 6 21 22 23 24 [1;32m49200 0.90486492784204[0m
37 2 70 4 5 6 7 8 9 34 11 12 13 14 15 15 17 18 19 6 21 69 23 24 [1;32m80400 0.9051111297793[0m
37 2 70 4 5 6 7 8 81 34 11 12 13 69 15 15 17 5 19 6 21 29 23 24 [1;32m188400 0.90735019748924[0m
37 31 70 4 30 6 7 8 81 66 11 12 13 69 15 15 17 5 13 6 21 29 31 24 [1;32m765600 0.90748365643547[0m
seed 40
37 31 70 4 30 6 7 8 81 66 11 12 13 69 15 15 17 5 13 6 21 29 31 24 
100 99 
best 0.90748365643547
[0m
