1 2 3 4 5 6 7 8 9 10 11 12 13 14 15 16 17 18 19 20 21 22 23 24 [1;32m1200 0.00082511167866957[0m
1 2 21 4 5 6 7 8 9 100 11 29 13 14 15 16 17 18 19 20 21 22 23 65 [1;32m10800 0.02700405302108[0m
1 2 21 4 5 6 26 8 9 100 11 29 13 14 15 16 14 18 98 20 21 22 23 65 [1;32m13200 0.45042097397023[0m
1 2 21 4 5 6 26 8 9 100 11 29 13 14 15 16 14 18 98 20 21 22 23 65 [1;32m14400 0.48328372633248[0m
1 2 21 4 61 6 26 8 9 100 11 29 13 14 15 11 14 18 98 20 21 22 23 65 [1;32m16800 0.53388373202778[0m
1 2 21 4 61 6 68 8 9 64 62 29 13 14 15 11 14 18 98 20 49 22 23 65 [1;32m57600 0.54396030508622[0m
1 2 21 4 61 6 68 8 9 64 62 29 13 73 15 11 14 18 98 20 22 22 23 65 [1;32m67200 0.5951233271665[0m
1 2 21 4 61 6 68 8 9 64 62 29 13 26 15 11 14 18 98 20 22 22 23 74 [1;32m103200 0.73753802791353[0m
1 2 84 4 61 6 68 8 9 64 62 29 13 26 15 11 14 18 98 20 22 22 23 74 [1;32m218400 0.76510907298799[0m
1 2 84 4 61 6 68 15 9 64 62 29 13 82 15 94 14 18 98 60 22 4 23 74 [1;32m232800 0.86219610976845[0m
1 2 57 4 61 6 68 15 9 64 62 29 13 82 15 94 14 18 98 60 22 4 23 74 [1;32m314400 0.87275711314224[0m
1 2 57 4 61 6 68 15 9 64 62 29 13 23 38 94 14 18 98 60 22 4 23 74 [1;32m348000 0.87858347251645[0m
1 2 57 4 61 6 68 15 9 64 62 29 13 23 38 7 30 18 98 60 22 4 23 74 [1;32m350400 0.90624485557092[0m
1 2 57 4 61 95 68 15 9 64 62 29 35 28 38 7 30 18 98 60 22 4 23 74 [1;32m758400 0.90830635244143[0m
1 2 57 4 11 95 68 15 9 64 4 29 72 28 81 7 30 18 98 60 22 87 23 74 [1;32m817200 0.91203709773734[0m
seed 51
1 2 57 4 11 95 68 15 9 64 4 29 72 28 81 7 30 18 98 60 22 87 23 74 
100 99 
best 0.91203709773734
[0m
