1 2 3 4 5 6 7 8 9 10 11 12 13 14 15 16 17 18 19 20 21 22 23 24 [1;32m1200 0.010775772440913[0m
1 2 3 4 5 34 7 92 9 10 96 12 21 14 15 16 49 18 19 20 21 22 23 24 [1;32m20400 0.018403647907829[0m
34 2 3 79 5 34 35 92 9 99 96 12 21 17 15 16 49 89 19 20 21 22 23 24 [1;32m22800 0.41003536594632[0m
34 2 3 79 5 34 35 92 9 99 96 12 21 17 15 16 49 89 19 20 21 22 23 24 [1;32m24000 0.41958397880825[0m
34 2 3 79 5 34 35 92 9 99 96 12 21 17 15 16 49 89 19 20 21 22 23 24 [1;32m25200 0.42243130858688[0m
34 2 72 79 5 34 35 92 9 52 96 12 21 17 15 62 49 89 19 20 21 22 23 24 [1;32m40800 0.42305371343739[0m
34 2 72 79 5 34 35 92 9 52 96 12 21 17 15 62 49 89 19 20 21 22 23 24 [1;32m51600 0.49458379691744[0m
34 2 72 79 5 34 35 92 9 52 96 12 21 17 15 62 49 89 19 20 21 22 23 24 [1;32m52800 0.49538426314304[0m
34 2 72 79 5 34 35 92 9 52 96 12 21 17 15 62 49 89 19 20 21 22 23 24 [1;32m54000 0.49540921967729[0m
34 2 72 79 5 34 35 92 9 52 96 12 21 17 15 62 49 89 19 20 21 22 23 24 [1;32m55200 0.49541248312337[0m
34 2 83 79 5 34 35 92 9 52 96 12 14 17 15 22 49 89 19 20 21 22 23 24 [1;32m74400 0.49542350808672[0m
34 2 83 79 5 34 35 92 9 52 96 12 14 17 15 22 49 13 19 20 21 22 99 24 [1;32m88800 0.50895354704946[0m
34 2 83 66 5 34 35 24 9 52 96 52 14 17 58 22 49 13 19 20 21 22 99 24 [1;32m208800 0.79784530794747[0m
34 2 83 66 5 34 35 24 9 52 96 52 14 17 58 22 49 13 19 20 21 22 99 24 [1;32m210000 0.87318308911377[0m
12 2 83 66 5 34 35 79 9 52 99 52 14 17 58 22 49 13 7 20 21 6 99 24 [1;32m270000 0.87536831525159[0m
12 2 83 66 19 34 51 79 9 46 99 52 14 17 58 66 49 13 7 20 21 6 57 27 [1;32m884400 0.8756766320939[0m
12 2 83 69 19 34 51 82 9 59 99 52 14 17 58 59 49 13 7 20 89 62 57 27 [1;32m1077600 0.87620576695973[0m
12 2 45 69 19 34 51 82 9 59 99 52 14 17 10 59 49 13 7 20 89 62 57 27 [1;32m1244400 0.89860658709198[0m
seed 20
12 2 45 69 19 34 51 82 9 59 99 52 14 17 10 59 49 13 7 20 89 62 57 27 
100 99 
best 0.89860658709198
[0m
