1 2 3 4 5 6 7 8 9 10 11 12 13 14 15 16 17 18 19 20 21 22 23 24  [1;32 1200 0.0016505109890559 [0 
1 2 3 4 5 6 7 8 9 10 11 12 13 14 15 16 17 18 19 25 84 22 90 24  [1;32 12000 0.42546708948278 [0 
1 2 3 5 5 6 25 8 9 10 11 12 13 37 15 16 17 55 19 25 84 56 93 24  [1;32 97200 0.51414788612562 [0 
1 2 3 5 5 6 25 8 9 10 11 12 13 37 15 16 17 55 19 25 84 56 93 24  [1;32 98400 0.54159664780035 [0 
1 2 63 5 49 6 25 8 9 10 11 12 49 37 15 38 17 92 19 25 43 56 93 24  [1;32 130800 0.58032292294705 [0 
1 2 63 5 49 6 25 8 39 10 11 12 49 37 15 38 91 92 19 25 52 56 93 24  [1;32 159600 0.63235038271567 [0 
32 2 63 5 49 6 25 8 39 10 11 12 49 37 15 81 91 92 19 25 52 56 93 24  [1;32 164400 0.66012936778322 [0 
32 2 63 5 49 6 25 8 39 10 11 12 49 37 15 81 91 92 19 25 52 56 93 24  [1;32 165600 0.66358316676091 [0 
32 2 63 5 49 6 25 30 27 10 11 12 49 37 15 92 91 92 49 25 52 56 93 24  [1;32 400800 0.8328120211709 [0 
32 2 63 5 49 6 25 30 27 10 11 12 49 37 15 92 91 92 49 25 52 56 93 24  [1;32 402000 0.87796365570129 [0 
32 2 63 5 49 59 25 30 27 10 11 12 49 37 15 92 91 92 49 25 52 57 93 24  [1;32 406800 0.89570108502531 [0 
72 87 63 5 49 59 50 30 27 2 52 12 49 37 15 92 91 92 49 25 52 57 93 24  [1;32 463200 0.91090900378141 [0 
seed 88
72 87 63 5 49 59 50 30 27 2 52 12 49 37 15 92 91 92 49 25 52 57 93 24 
100 99 
best 0.91090900378141
 [0 
