1 2 3 4 5 6 7 8 9 10 11 12 13 14 15 16 17 18 19 20 21 22 23 24  [1;32 1200 0.00082539931038637 [0 
5 2 3 4 5 6 69 8 9 10 34 12 13 72 15 48 17 18 19 27 21 22 23 24  [1;32 52800 0.21843171387044 [0 
5 2 3 4 5 6 44 8 9 10 34 12 13 37 15 48 17 54 19 27 21 22 23 24  [1;32 496800 0.56921527320757 [0 
5 2 3 4 5 6 44 8 9 10 34 12 13 37 15 48 17 54 19 27 21 22 23 24  [1;32 498000 0.68711500301447 [0 
5 2 3 4 5 6 89 8 9 10 34 40 13 37 15 48 17 54 19 27 21 22 23 24  [1;32 626400 0.69765221202601 [0 
5 2 3 4 5 6 89 8 86 10 34 74 13 37 15 96 17 54 19 27 21 22 48 24  [1;32 840000 0.71225074748678 [0 
5 2 3 4 41 6 89 8 86 30 9 1 13 37 17 81 17 54 19 27 21 22 48 24  [1;32 860400 0.71553436194599 [0 
5 2 3 4 41 6 89 8 86 30 9 1 13 37 17 17 17 54 19 27 21 22 48 24  [1;32 999600 0.76004891244309 [0 
5 86 3 4 41 6 75 8 86 62 9 1 13 37 17 17 20 54 19 42 21 22 48 24  [1;32 1075200 0.80302146530333 [0 
seed 95
5 86 3 4 41 6 75 8 86 62 9 1 13 37 17 17 20 54 19 42 21 22 48 24 
100 99 
best 0.80302146530333
 [0 
