1 2 3 4 5 6 7 8 9 10 11 12 13 14 15 16 17 18 19 20 21 22 23 24 [1;32m1200 0.006455891289529[0m
1 2 3 88 5 72 7 8 9 10 11 12 13 14 15 16 17 18 19 20 21 22 23 24 [1;32m8400 0.0068933486443625[0m
1 2 3 88 5 72 67 8 66 10 64 12 13 14 15 16 66 18 19 20 21 22 23 24 [1;32m12000 0.047485855882227[0m
1 2 3 88 5 72 67 8 66 10 64 12 13 14 15 16 66 18 19 20 21 22 23 24 [1;32m13200 0.056096957629627[0m
1 2 3 88 5 72 67 8 66 10 64 12 13 14 32 16 66 18 19 20 21 22 23 24 [1;32m21600 0.22746242360569[0m
1 62 3 88 9 72 67 8 66 10 44 12 13 14 55 16 66 18 19 33 86 22 23 24 [1;32m30000 0.2682171370754[0m
1 62 9 88 9 72 67 8 66 24 44 100 13 14 39 16 66 18 19 33 86 93 23 65 [1;32m33600 0.42109804755649[0m
1 62 9 88 9 72 67 8 66 24 44 100 13 14 39 16 66 18 19 33 86 93 23 68 [1;32m44400 0.44355309098484[0m
1 62 9 88 9 72 67 8 66 24 44 100 13 14 39 16 66 18 19 33 86 93 23 68 [1;32m45600 0.5926893069581[0m
1 62 9 88 9 72 67 8 66 24 44 100 13 14 39 16 66 18 19 33 86 93 23 68 [1;32m46800 0.59318597793692[0m
1 62 9 88 9 72 67 8 66 24 44 51 13 14 39 16 66 18 66 33 86 12 23 19 [1;32m248400 0.6109920981977[0m
1 62 9 88 9 72 67 8 66 24 44 51 13 14 39 16 66 18 66 33 86 12 23 19 [1;32m249600 0.61264279380156[0m
1 62 9 88 9 72 67 30 66 79 44 51 94 46 39 16 66 18 66 38 86 12 76 19 [1;32m585600 0.62863037674308[0m
seed 1
1 62 9 88 9 72 67 30 66 79 44 51 94 46 39 16 66 18 66 38 86 12 76 19 
100 99 
best 0.62863037674308
[0m
