1 2 3 4 5 6 7 8 9 10 11 12 13 14 15 16 17 18 19 20 21 22 23 24 [1;32m1200 0.014074619386813[0m
1 96 3 22 5 6 7 8 9 10 11 85 13 37 15 16 17 18 19 84 21 22 23 24 [1;32m3600 0.039608366361266[0m
1 96 12 22 5 6 7 8 42 10 11 22 13 37 15 16 17 18 19 84 21 22 23 24 [1;32m6000 0.45325858466771[0m
1 96 12 22 5 48 7 8 42 10 11 22 13 37 15 16 17 25 19 84 21 22 23 24 [1;32m61200 0.4720840174937[0m
1 96 12 22 5 48 7 8 42 5 11 72 13 37 31 16 17 96 30 84 21 22 23 24 [1;32m75600 0.50702065501107[0m
1 44 12 22 5 48 7 8 42 5 11 72 13 37 31 16 17 96 30 84 21 22 23 24 [1;32m230400 0.59861339347157[0m
1 44 12 22 5 48 7 8 42 5 11 72 13 37 31 16 17 96 30 84 21 22 23 24 [1;32m231600 0.63805834374489[0m
1 44 12 22 5 48 7 8 42 5 11 72 13 37 31 16 17 96 30 84 21 22 23 24 [1;32m232800 0.64261722017945[0m
1 44 12 22 5 48 7 8 42 5 11 72 13 37 31 16 17 96 30 84 21 22 23 24 [1;32m234000 0.64309327782778[0m
seed 33
1 44 12 22 5 48 7 8 42 5 11 72 13 37 31 16 17 96 30 84 21 22 23 24 
100 99 
best 0.64309327782778
[0m
