1 2 3 4 5 6 7 8 9 10 11 12 13 14 15 16 17 18 19 20 21 22 23 24 [1;32m1200 0.00082539931038637[0m
1 2 3 4 70 18 7 8 9 10 11 12 13 14 15 16 17 18 19 20 94 22 59 24 [1;32m44400 0.0021196017638854[0m
1 2 3 4 63 18 7 8 9 10 44 12 13 14 15 16 17 18 19 20 94 22 59 24 [1;32m204000 0.32695298336595[0m
1 2 3 4 63 18 7 8 9 10 44 12 13 14 15 16 17 18 19 20 94 22 59 24 [1;32m205200 0.36594703176131[0m
1 2 3 36 63 18 7 8 9 10 44 12 13 14 15 16 23 18 19 20 94 22 59 24 [1;32m213600 0.3935997439053[0m
1 2 3 36 63 18 7 8 9 10 44 12 13 14 15 16 23 18 19 20 94 22 59 24 [1;32m214800 0.42293789705445[0m
83 2 3 36 5 18 7 8 9 10 6 12 13 14 15 16 23 18 19 20 94 22 59 79 [1;32m217200 0.43483770341464[0m
83 2 3 1 5 45 7 8 9 10 50 12 13 14 15 16 23 18 19 20 94 5 59 79 [1;32m231600 0.48552694462084[0m
83 2 3 1 5 45 7 8 9 10 50 12 13 14 15 16 23 18 19 20 94 5 59 79 [1;32m232800 0.49382487615576[0m
83 2 3 1 5 45 7 8 9 10 50 12 13 14 15 16 23 18 19 20 94 5 59 79 [1;32m234000 0.49494172461556[0m
83 2 3 1 5 36 7 8 9 10 50 12 13 14 15 16 23 89 86 20 43 5 59 79 [1;32m247200 0.79408971074555[0m
83 2 3 1 5 81 81 8 9 10 50 12 13 14 15 16 23 89 86 20 43 5 59 79 [1;32m315600 0.7972786291378[0m
83 2 3 1 5 81 81 8 9 10 50 12 13 14 15 16 23 89 9 20 43 5 59 79 [1;32m439200 0.81481542633423[0m
seed 54
83 2 3 1 5 81 81 8 9 10 50 12 13 14 15 16 23 89 9 20 43 5 59 79 
100 99 
best 0.81481542633423
[0m
