1 2 3 4 5 6 7 8 9 10 11 12 13 14 15 16 17 18 19 20 21 22 23 24 [1;32m1200 0.21103124398073[0m
1 2 3 4 5 6 7 8 9 10 76 12 13 14 15 26 17 18 61 20 21 22 23 24 [1;32m375600 0.37507708059919[0m
1 2 3 4 41 6 7 8 9 10 76 12 13 14 15 26 17 18 61 20 21 22 23 24 [1;32m430800 0.47390020209916[0m
1 2 3 4 41 6 7 8 9 10 76 33 13 14 15 26 17 18 61 73 21 22 23 24 [1;32m470400 0.49538277020639[0m
1 2 3 4 41 6 7 8 9 10 76 33 13 14 15 26 17 18 61 73 21 22 23 24 [1;32m471600 0.49543597445152[0m
1 2 3 4 41 6 7 45 9 10 76 33 54 14 15 26 17 18 61 73 21 22 23 24 [1;32m549600 0.56973624055307[0m
1 2 3 4 41 6 7 45 9 10 71 33 54 14 15 26 27 18 61 73 21 22 23 24 [1;32m555600 0.66887290448649[0m
1 2 3 4 41 6 7 45 9 57 71 41 54 14 15 26 27 18 61 73 27 22 23 24 [1;32m564000 0.86346916961676[0m
1 2 3 4 41 6 7 97 9 22 71 77 54 14 15 26 27 18 61 73 27 31 23 24 [1;32m588000 0.8895231816073[0m
1 2 3 4 41 6 7 97 9 22 66 77 61 14 15 26 62 18 61 10 27 31 23 24 [1;32m602400 0.89036178893522[0m
1 2 3 4 41 6 7 97 9 22 66 77 52 14 15 26 37 46 61 32 27 31 23 24 [1;32m657600 0.89218949410462[0m
1 2 3 36 41 6 7 97 9 22 66 77 52 14 15 26 37 46 61 32 27 31 23 24 [1;32m710400 0.90782226297522[0m
1 2 3 20 41 6 7 97 16 22 66 77 52 14 15 26 37 46 61 1 27 31 23 24 [1;32m740400 0.90888357152524[0m
seed 99
1 2 3 20 41 6 7 97 16 22 66 77 52 14 15 26 37 46 61 1 27 31 23 24 
100 99 
best 0.90888357152524
[0m
