1 2 3 4 5 6 7 8 9 10 11 12 13 14 15 16 17 18 19 20 21 22 23 24  [1;32 1200 0.00082539931038637 [0 
1 2 3 4 5 6 7 8 9 10 11 12 13 14 15 16 17 18 19 23 21 22 23 24  [1;32 8400 0.00082577481459223 [0 
1 2 12 4 5 11 7 8 9 10 28 17 13 14 35 16 17 18 19 23 21 53 23 24  [1;32 13200 0.12794916193969 [0 
1 2 12 4 5 11 7 8 9 10 28 17 13 14 35 16 17 18 19 23 21 53 23 24  [1;32 14400 0.12878992676519 [0 
1 2 12 4 5 11 7 8 9 10 28 17 13 14 35 16 12 18 19 23 21 53 23 24  [1;32 16800 0.12885674739842 [0 
1 2 12 4 5 11 7 8 9 10 28 17 13 14 35 16 12 96 19 23 21 7 23 24  [1;32 20400 0.16275853491327 [0 
1 2 17 80 5 11 7 8 9 10 28 17 13 14 35 16 12 96 93 59 21 7 23 24  [1;32 25200 0.19724671127092 [0 
1 2 17 80 5 32 7 8 9 10 28 17 13 14 35 94 12 49 93 59 21 7 23 41  [1;32 40800 0.22766477602486 [0 
1 2 17 80 5 32 7 8 9 10 28 17 13 14 35 94 12 49 93 59 21 7 23 41  [1;32 42000 0.42984848083384 [0 
1 2 17 80 5 32 7 16 9 10 28 17 13 14 35 94 12 49 93 59 21 7 23 41  [1;32 45600 0.46563582939038 [0 
1 2 17 80 5 32 7 16 9 10 28 17 13 14 35 94 12 49 93 69 21 7 23 41  [1;32 49200 0.50274442365154 [0 
1 2 17 80 5 32 7 16 9 10 28 62 13 9 35 94 70 49 93 40 21 89 23 41  [1;32 51600 0.57717142969249 [0 
1 2 17 80 5 32 7 16 9 10 28 62 13 9 35 94 70 49 93 40 21 89 23 41  [1;32 52800 0.59948737063714 [0 
1 2 17 80 5 32 7 16 9 10 28 62 13 9 35 94 70 49 93 40 21 89 23 41  [1;32 54000 0.6009457580448 [0 
1 2 17 80 5 32 7 16 9 10 28 62 13 9 35 94 70 49 93 40 21 89 23 41  [1;32 55200 0.60353574792461 [0 
1 2 17 80 70 32 7 16 9 10 28 62 11 9 35 94 70 49 93 40 21 89 23 41  [1;32 67200 0.62669466287286 [0 
1 2 17 80 70 32 7 16 9 10 28 62 11 9 35 94 70 49 93 40 21 89 23 41  [1;32 68400 0.62759988897213 [0 
1 2 17 80 70 32 7 16 9 10 28 62 11 9 35 94 70 49 93 40 21 89 23 41  [1;32 69600 0.66738810540182 [0 
1 2 64 80 70 21 7 16 9 10 28 62 11 9 35 94 70 49 93 100 20 89 23 41  [1;32 81600 0.88402419806918 [0 
1 2 64 80 70 21 7 16 5 10 28 62 11 9 35 94 70 49 93 100 20 89 23 41  [1;32 184800 0.8907298963071 [0 
1 2 64 80 70 21 7 16 5 10 73 62 11 9 35 72 70 49 93 100 20 89 4 80  [1;32 840000 0.89786178538332 [0 
1 2 64 80 76 21 7 16 5 10 73 62 11 9 35 72 70 49 93 100 20 89 4 80  [1;32 1112400 0.89993108890577 [0 
seed 31
1 2 64 80 76 21 7 16 5 10 73 62 11 9 35 72 70 49 93 100 20 89 4 80 
100 99 
best 0.89993108890577
 [0 
