1 2 3 4 5 6 7 8 9 10 11 12 13 14 15 16 17 18 19 20 21 22 23 24  [1;32 1200 0.020425106742444 [0 
1 53 3 4 5 58 7 8 9 10 11 12 13 14 5 16 17 18 19 82 21 22 23 24  [1;32 22800 0.75464510602434 [0 
1 53 3 4 5 58 7 8 9 10 11 12 13 14 5 16 17 18 19 82 21 22 23 24  [1;32 24000 0.84969532640676 [0 
1 53 3 4 5 58 7 8 9 90 11 12 13 14 5 16 17 18 19 82 21 22 23 24  [1;32 26400 0.86195311622532 [0 
1 53 3 19 5 58 7 8 33 90 11 12 13 14 5 55 36 18 19 82 21 68 23 44  [1;32 40800 0.86714461257061 [0 
1 53 3 19 5 58 7 8 33 90 11 12 13 14 5 55 36 18 19 82 21 68 23 44  [1;32 42000 0.87559318426848 [0 
1 53 3 19 5 58 7 8 33 90 11 12 13 14 5 55 36 18 86 82 21 68 23 44  [1;32 60000 0.87833378520717 [0 
1 53 3 19 5 58 7 8 33 90 11 12 42 14 5 55 5 18 86 82 21 68 23 44  [1;32 272400 0.88571943343991 [0 
1 53 3 19 5 58 7 8 33 90 11 12 42 14 17 55 5 18 70 82 21 68 23 44  [1;32 1066800 0.90231430215248 [0 
seed 33
1 53 3 19 5 58 7 8 33 90 11 12 42 14 17 55 5 18 70 82 21 68 23 44 
100 99 
best 0.90231430215248
 [0 
