1 2 3 4 5 6 7 8 9 10 11 12 13 14 15 16 17 18 19 20 21 22 23 24 [1;32m1200 0.00082539931038637[0m
1 2 3 4 5 32 7 8 9 10 11 12 13 14 15 94 17 49 19 20 21 22 23 41 [1;32m33600 0.35688936734968[0m
1 2 3 4 5 32 7 8 9 10 90 12 13 14 15 94 17 49 19 20 68 76 23 41 [1;32m248400 0.39931251337783[0m
1 2 3 4 5 32 7 8 43 10 90 12 13 14 15 94 17 49 19 20 68 76 23 41 [1;32m927600 0.44088158723525[0m
1 2 3 4 5 32 7 8 43 10 90 12 13 14 78 94 17 35 58 20 3 76 23 41 [1;32m1293600 0.84631894253893[0m
1 2 3 4 5 32 7 8 43 10 90 12 13 14 78 94 17 35 58 20 3 76 23 41 [1;32m1294800 0.8620249958283[0m
1 2 3 4 5 32 7 8 43 10 90 12 13 14 78 94 17 35 58 20 3 76 23 41 [1;32m1296000 0.89462486541556[0m
1 2 3 4 5 32 7 8 43 10 90 12 13 14 78 94 17 35 58 20 3 76 71 41 [1;32m1299600 0.89863554086876[0m
seed 31
1 2 3 4 5 32 7 8 43 10 90 12 13 14 78 94 17 35 58 20 3 76 71 41 
100 99 
best 0.89863554086876
[0m
