74 2 3 4 5 65 7 8 9 10 11 27 13 14 15 16 17 18 82 20 21 98 23 24 [1;32m12000 0.00082646254798975[0m
74 2 3 4 5 65 7 8 9 10 11 27 13 14 15 1 17 18 82 20 21 98 23 24 [1;32m14400 0.16503633919194[0m
74 2 3 4 5 65 7 8 9 10 11 27 13 14 15 1 17 18 82 20 21 98 23 24 [1;32m15600 0.18816132978076[0m
74 25 3 4 5 65 7 8 9 10 11 88 90 50 15 1 17 96 82 20 21 98 21 24 [1;32m24000 0.36678891025914[0m
74 25 3 4 5 65 7 8 9 10 11 88 90 50 3 1 17 96 82 20 21 98 21 95 [1;32m337200 0.43551360025308[0m
74 25 70 4 5 65 7 75 9 10 11 88 90 50 3 1 85 96 82 20 21 98 21 95 [1;32m502800 0.438694731121[0m
74 25 25 4 5 65 89 75 9 10 11 88 90 50 3 40 85 96 82 20 21 56 21 95 [1;32m510000 0.76539268426025[0m
74 25 25 4 5 65 89 75 9 10 11 88 90 50 3 40 85 96 82 20 21 56 21 95 [1;32m511200 0.85252198959487[0m
74 25 25 4 5 65 89 72 9 10 11 88 90 32 52 40 85 96 82 20 21 56 21 95 [1;32m514800 0.85984893119461[0m
74 25 25 4 5 65 89 72 9 10 11 88 90 32 52 40 85 96 82 20 68 56 21 49 [1;32m520800 0.85996732476663[0m
seed 89
74 25 25 4 5 65 89 72 9 10 11 88 90 32 52 40 85 96 82 20 68 56 21 49 
100 99 
best 0.85996732476663
[0m
