77 2 3 4 5 80 76 68 9 10 11 12 13 14 15 16 56 18 19 74 21 22 23 24 [1;32m127200 0.0014115030822299[0m
77 2 3 4 5 80 76 68 16 10 73 12 13 14 15 16 56 18 19 74 21 22 23 52 [1;32m132000 0.0032852507443099[0m
59 2 3 4 5 80 76 68 16 10 73 18 13 35 61 16 56 18 19 74 13 22 23 52 [1;32m136800 0.82183571928191[0m
70 92 3 4 5 80 76 68 16 10 73 18 13 35 61 16 56 18 20 74 85 22 13 52 [1;32m230400 0.87320652470802[0m
70 92 3 4 5 5 76 68 16 10 73 18 69 35 61 16 56 18 20 74 85 22 13 52 [1;32m910800 0.87482761514878[0m
seed 13
70 92 3 4 5 5 76 68 16 10 73 18 69 35 61 16 56 18 20 74 85 22 13 52 
100 99 
best 0.87482761514878
[0m
