1 2 3 4 5 6 7 8 9 10 11 12 13 14 15 16 17 18 19 20 21 22 23 24 [1;32m1200 0.0016502891555546[0m
1 2 3 4 5 6 7 24 82 10 11 12 13 14 15 16 29 18 19 53 21 22 23 24 [1;32m56400 0.012093682556183[0m
1 2 37 4 5 6 7 24 82 10 11 12 13 14 15 16 29 18 19 53 5 22 23 24 [1;32m66000 0.017800790226512[0m
68 2 37 75 5 6 31 24 82 10 11 28 28 14 15 16 29 18 19 53 5 22 23 24 [1;32m91200 0.064132724446861[0m
68 2 37 75 5 6 31 24 82 10 11 28 28 14 15 16 29 18 19 53 5 22 23 24 [1;32m92400 0.080153875401805[0m
68 2 37 75 5 6 31 24 82 10 11 28 28 14 15 16 29 18 19 53 5 22 23 24 [1;32m93600 0.11402770357348[0m
68 2 28 75 66 6 31 24 82 10 11 28 28 14 15 16 29 18 19 53 5 22 2 24 [1;32m140400 0.12968046075956[0m
68 2 28 75 66 6 56 92 82 71 11 28 22 14 15 16 29 18 19 53 5 22 2 24 [1;32m145200 0.14838778273472[0m
68 52 28 75 66 6 56 92 82 71 11 28 22 14 15 16 90 18 19 53 5 22 2 4 [1;32m147600 0.16515347553317[0m
30 52 28 75 66 6 56 92 82 71 11 28 22 14 41 71 90 18 19 53 5 22 2 4 [1;32m192000 0.27135367054366[0m
30 52 50 75 17 6 56 51 29 71 11 28 22 14 9 71 90 18 7 53 5 22 2 4 [1;32m218400 0.32580681458451[0m
30 52 50 75 17 6 56 51 29 71 11 28 22 14 9 71 90 18 7 53 5 22 2 4 [1;32m219600 0.35258216457914[0m
30 52 50 75 17 6 56 51 29 71 11 28 22 14 9 44 90 18 7 53 5 22 2 4 [1;32m226800 0.57383874322308[0m
30 52 50 75 17 6 56 51 29 71 11 28 22 14 9 44 90 18 7 53 5 22 2 4 [1;32m228000 0.58624573571161[0m
seed 18
30 52 50 75 17 6 56 51 29 71 11 28 22 14 9 44 90 18 7 53 5 22 2 4 
100 99 
best 0.58624573571161
[0m
