1 2 3 4 5 6 7 8 9 10 11 12 13 14 15 16 17 18 19 20 21 22 23 24  [1;32 1200 0.00082539931038637 [0 
1 2 3 4 5 6 7 56 9 10 11 12 13 14 33 38 17 18 19 20 21 12 20 24  [1;32 8400 0.010676745679154 [0 
1 2 3 4 5 6 27 76 9 10 11 12 99 14 33 38 17 18 19 20 21 12 20 24  [1;32 31200 0.10398624078206 [0 
1 2 3 4 5 45 27 76 9 10 11 23 99 14 33 38 17 18 19 20 21 12 20 24  [1;32 33600 0.27096400741394 [0 
1 2 3 4 5 45 27 76 22 10 11 23 99 14 33 38 17 76 19 20 21 9 20 76  [1;32 44400 0.28499023049218 [0 
1 2 3 4 5 45 27 76 81 10 11 23 99 14 33 38 17 76 19 20 48 9 20 76  [1;32 46800 0.28607311062205 [0 
1 32 3 4 5 45 72 76 81 10 11 23 25 14 33 38 17 76 19 20 48 9 20 76  [1;32 60000 0.32942067438289 [0 
1 32 3 4 5 45 72 76 81 10 11 23 25 14 33 38 17 76 19 20 48 9 20 76  [1;32 61200 0.33025699653378 [0 
1 32 3 4 5 45 72 76 81 10 11 23 25 14 33 38 17 76 19 20 48 9 20 76  [1;32 62400 0.33109077569509 [0 
seed 61
1 32 3 4 5 45 72 76 81 10 11 23 25 14 33 38 17 76 19 20 48 9 20 76 
100 99 
best 0.33109077569509
 [0 
