1 2 3 4 5 6 7 8 9 10 11 12 13 14 15 16 17 18 19 20 21 22 23 24  [1;32 1200 0.37617003755093 [0 
1 2 3 4 16 6 7 8 91 50 11 12 13 14 92 16 17 18 19 93 21 22 23 24  [1;32 182400 0.80367660172882 [0 
1 2 3 4 16 6 7 8 91 50 11 12 13 14 92 16 17 18 19 93 21 22 23 24  [1;32 183600 0.88194203343871 [0 
1 2 3 4 16 6 7 8 91 82 11 12 13 14 43 16 17 18 18 93 21 22 33 24  [1;32 238800 0.88303672142401 [0 
1 2 17 4 16 6 7 20 91 82 11 12 13 14 43 16 17 18 18 93 21 22 33 24  [1;32 423600 0.88329932532795 [0 
1 2 17 4 16 6 7 20 91 82 11 12 13 14 43 16 17 93 18 93 21 22 33 24  [1;32 610800 0.88473788737324 [0 
1 2 17 4 14 6 7 20 91 82 11 12 13 7 17 16 17 93 18 93 21 22 48 24  [1;32 1342800 0.8855632478011 [0 
seed 55
1 2 17 4 14 6 7 20 91 82 11 12 13 7 17 16 17 93 18 93 21 22 48 24 
100 99 
best 0.8855632478011
 [0 
