1 24 3 4 5 6 7 8 9 10 11 12 13 14 15 16 17 18 19 20 21 22 23 24 [1;32m8400 0.0059037391545832[0m
1 24 3 4 5 67 7 8 9 10 11 12 13 14 15 58 17 18 19 20 21 22 23 24 [1;32m31200 0.010320885117537[0m
1 24 3 4 5 67 7 8 24 10 11 12 13 14 15 58 17 18 49 81 21 22 23 24 [1;32m318000 0.39362558411987[0m
1 24 3 4 5 67 7 8 24 10 11 12 13 14 15 58 17 18 49 81 21 22 23 24 [1;32m319200 0.4522719377547[0m
1 24 3 4 5 67 7 8 24 10 11 12 13 14 15 58 17 18 49 81 21 22 23 24 [1;32m320400 0.47805931670547[0m
1 24 3 4 5 67 7 8 24 10 11 12 13 14 15 58 17 18 49 81 21 22 23 24 [1;32m321600 0.48406310901074[0m
1 24 3 4 5 67 7 8 24 10 11 12 13 14 15 58 17 18 49 81 21 22 23 24 [1;32m322800 0.53483371438467[0m
1 3 3 4 5 83 7 8 24 88 11 12 13 14 15 58 33 18 49 81 21 22 23 24 [1;32m410400 0.54989010119441[0m
1 3 3 4 5 83 7 8 24 88 11 12 13 14 15 58 33 18 49 81 21 22 23 24 [1;32m411600 0.54989135977217[0m
1 3 3 4 5 83 7 8 24 88 11 12 13 14 15 58 33 18 49 81 21 22 23 24 [1;32m412800 0.55070859807122[0m
24 3 44 4 5 83 7 8 4 88 11 12 13 14 15 58 37 18 49 81 21 22 23 24 [1;32m417600 0.55071597638336[0m
24 3 44 4 5 83 7 8 4 88 11 12 13 14 15 58 37 18 49 81 21 22 23 24 [1;32m418800 0.55072165545482[0m
24 3 44 4 5 83 53 8 4 98 11 12 13 14 15 87 70 18 49 17 21 22 23 24 [1;32m862800 0.56641363883721[0m
24 3 18 58 57 83 53 8 4 98 11 70 13 14 15 87 70 18 49 17 21 22 23 24 [1;32m1039200 0.56723830913759[0m
seed 57
24 3 18 58 57 83 53 8 4 98 11 70 13 14 15 87 70 18 49 17 21 22 23 24 
100 99 
best 0.56723830913759
[0m
