1 2 3 4 5 6 7 8 9 10 11 12 13 14 15 16 17 18 19 20 21 22 23 24 [1;32m1200 0.00082596768910709[0m
1 1 3 4 51 6 7 8 9 10 72 12 75 14 15 73 17 18 19 20 21 22 23 24 [1;32m3600 0.086670368769244[0m
1 1 3 4 51 49 7 8 24 10 1 12 75 14 15 73 17 65 19 20 21 22 23 2 [1;32m55200 0.18191932932588[0m
1 1 3 4 41 49 7 8 24 10 1 51 12 14 31 73 17 65 19 20 90 22 23 2 [1;32m270000 0.22003783783257[0m
1 1 3 4 41 49 7 8 37 10 1 51 12 14 31 73 17 65 19 20 90 62 38 2 [1;32m292800 0.34386036298168[0m
1 1 3 4 41 50 7 8 37 10 1 95 12 14 70 73 17 65 82 20 90 62 38 2 [1;32m312000 0.44228873557011[0m
1 1 3 4 41 50 7 36 37 10 1 35 12 14 70 73 17 65 82 20 90 70 38 2 [1;32m362400 0.70411114772763[0m
1 1 3 13 41 50 7 36 37 10 1 35 12 14 70 73 17 65 82 20 90 70 38 50 [1;32m368400 0.7311339429633[0m
1 44 3 13 41 50 91 36 37 10 1 35 12 14 70 73 17 65 82 20 90 70 38 50 [1;32m422400 0.75479216637007[0m
1 44 3 13 70 50 91 36 37 10 1 35 12 14 39 11 17 65 82 20 90 70 38 8 [1;32m427200 0.8309602667266[0m
1 44 3 13 70 50 91 36 37 10 1 35 12 14 39 11 17 65 82 20 90 70 38 8 [1;32m428400 0.83603750632302[0m
1 44 3 13 70 50 91 36 37 10 1 35 12 14 39 11 17 81 82 20 90 98 38 8 [1;32m550800 0.83744652534951[0m
1 44 3 13 70 50 91 36 37 10 1 35 12 14 39 11 17 81 82 20 90 98 38 8 [1;32m552000 0.83827228857741[0m
1 44 3 13 70 50 91 36 37 10 1 35 12 14 39 11 17 81 82 20 90 98 38 8 [1;32m553200 0.83866665375979[0m
1 44 3 13 70 50 91 36 37 10 1 35 12 14 7 11 17 81 82 20 90 98 38 8 [1;32m584400 0.83891217140194[0m
18 44 3 85 70 50 91 36 37 69 1 35 12 14 7 11 17 81 82 77 90 98 38 8 [1;32m656400 0.85757412988419[0m
18 44 56 85 70 50 91 36 37 69 1 35 12 14 7 11 17 81 82 77 90 98 38 3 [1;32m778800 0.86965171814065[0m
18 33 56 85 70 50 91 36 37 69 1 35 12 14 28 88 17 81 82 77 90 54 47 3 [1;32m1144800 0.88131856060506[0m
seed 90
18 33 56 85 70 50 91 36 37 69 1 35 12 14 28 88 17 81 82 77 90 54 47 3 
100 99 
best 0.88131856060506
[0m
