1 2 3 55 5 91 7 8 9 10 11 12 13 14 15 16 17 18 19 20 21 22 23 24 [1;32m37200 0.021615272798014[0m
1 2 3 55 5 6 7 8 9 10 11 12 13 14 15 16 17 18 19 65 21 22 23 24 [1;32m112800 0.024495856860371[0m
1 2 3 55 5 6 7 8 9 76 11 12 13 14 15 16 17 18 19 66 21 22 23 24 [1;32m189600 0.024696891036544[0m
1 2 3 55 5 6 7 8 9 76 11 12 82 14 15 16 17 18 19 66 21 22 23 24 [1;32m1099200 0.025151789297831[0m
1 30 3 55 5 6 7 8 97 76 91 12 82 14 15 16 17 18 54 66 21 22 23 21 [1;32m1414800 0.051547771809797[0m
seed 16
1 30 3 55 5 6 7 8 97 76 91 12 82 14 15 16 17 18 54 66 21 22 23 21 
100 99 
best 0.051547771809797
[0m
