1 2 3 4 5 6 7 8 9 10 11 12 13 14 15 16 17 18 19 20 21 22 23 24  [1;32 1200 0.2198587069921 [0 
1 2 3 4 5 87 52 8 9 10 11 12 13 14 15 16 17 53 36 20 21 22 23 24  [1;32 136800 0.37340694870067 [0 
1 2 3 4 5 29 52 8 9 10 5 12 13 14 100 16 17 53 36 20 21 22 23 24  [1;32 140400 0.57926194295688 [0 
1 2 3 4 5 29 52 8 9 10 5 12 13 14 100 16 17 53 36 20 21 22 23 24  [1;32 141600 0.71267103682548 [0 
1 2 3 4 5 29 52 8 9 10 5 12 13 14 100 16 17 53 36 20 21 22 23 24  [1;32 142800 0.82982630064442 [0 
1 2 3 4 5 29 52 8 9 10 61 12 13 14 100 16 17 53 36 20 21 22 23 24  [1;32 157200 0.84426650822093 [0 
1 21 3 4 9 29 52 8 58 10 61 12 13 14 99 16 17 53 36 50 21 22 23 9  [1;32 164400 0.84786180003287 [0 
1 21 3 4 9 29 52 8 58 10 46 12 13 14 99 16 17 53 36 50 21 22 23 9  [1;32 345600 0.86009136614704 [0 
1 21 3 29 1 29 27 8 58 10 46 12 13 14 99 16 41 53 81 71 21 22 23 9  [1;32 496800 0.8672833429321 [0 
seed 92
1 21 3 29 1 29 27 8 58 10 46 12 13 14 99 16 41 53 81 71 21 22 23 9 
100 99 
best 0.8672833429321
 [0 
