1 2 3 4 5 6 74 8 88 10 11 12 13 14 15 16 17 18 36 20 21 22 23 24 [1;32m158400 0.012140195477867[0m
1 2 3 4 5 6 74 8 88 10 11 12 13 14 15 16 17 18 36 26 21 22 23 24 [1;32m163200 0.035480877609531[0m
1 2 3 4 5 6 74 8 88 10 11 12 13 14 15 56 17 18 15 26 40 22 23 24 [1;32m165600 0.063581359283174[0m
1 2 3 24 5 6 74 8 88 10 11 12 13 14 15 42 17 16 15 6 40 22 82 24 [1;32m210000 0.076786780530807[0m
1 2 3 24 5 6 74 8 88 10 11 12 13 14 15 42 17 16 15 6 40 22 82 24 [1;32m211200 0.07985031267114[0m
1 2 3 24 5 6 74 8 88 10 11 12 13 14 15 42 17 16 15 6 40 22 82 24 [1;32m212400 0.096482916908138[0m
1 2 3 24 5 6 74 8 88 10 11 12 13 14 15 42 17 16 96 6 40 22 82 24 [1;32m217200 0.15837883932853[0m
1 2 3 24 5 6 74 8 88 10 11 12 13 14 15 42 17 16 96 6 40 22 82 24 [1;32m218400 0.16016948992286[0m
1 2 3 24 5 6 74 8 88 10 86 12 13 14 15 42 17 16 96 6 40 22 82 24 [1;32m224400 0.22019846126798[0m
1 2 3 24 5 6 74 8 15 10 86 12 13 14 15 42 17 16 96 19 40 22 82 24 [1;32m387600 0.22920598897958[0m
1 2 3 24 5 6 74 8 15 10 86 12 13 14 15 42 17 16 96 19 40 22 82 24 [1;32m388800 0.24189087689067[0m
1 2 3 24 5 6 74 8 15 10 86 12 13 14 15 42 17 16 96 19 40 22 82 24 [1;32m390000 0.2444778991872[0m
1 2 3 24 5 6 74 8 15 10 86 12 13 14 15 42 17 41 96 59 40 22 82 24 [1;32m405600 0.31822512989945[0m
88 2 3 24 5 6 74 8 15 10 86 12 13 14 15 42 17 41 96 59 40 22 82 24 [1;32m554400 0.70482076717783[0m
seed 24
88 2 3 24 5 6 74 8 15 10 86 12 13 14 15 42 17 41 96 59 40 22 82 24 
100 99 
best 0.70482076717783
[0m
