1 2 3 4 88 6 7 8 9 10 23 12 13 14 15 16 17 18 19 20 21 22 23 24  [1;32 15600 0.00082601980175847 [0 
1 4 3 4 88 6 7 8 9 10 64 12 13 14 15 16 17 18 19 31 21 22 23 69  [1;32 20400 0.0016518893625087 [0 
95 4 3 4 88 6 7 8 3 10 64 12 13 14 15 16 17 18 19 31 93 22 23 7  [1;32 24000 0.076597427154305 [0 
95 4 3 4 88 6 7 8 10 10 64 12 13 14 15 16 17 63 19 75 93 22 94 7  [1;32 208800 0.44448245326201 [0 
95 4 3 4 88 6 7 8 90 10 64 12 13 14 58 16 25 63 19 75 93 22 94 7  [1;32 218400 0.44853615486064 [0 
95 4 3 4 92 6 7 8 22 10 64 12 13 14 58 16 25 63 19 26 61 22 94 90  [1;32 223200 0.45115900621736 [0 
95 4 3 4 92 6 7 8 22 10 64 12 13 14 58 39 25 63 19 26 61 22 94 90  [1;32 226800 0.45180031773915 [0 
48 4 3 4 76 6 7 8 22 72 64 22 13 14 58 39 25 63 86 26 61 22 94 90  [1;32 358800 0.45466886211944 [0 
48 4 19 4 76 6 43 8 75 72 64 22 13 14 58 3 25 63 86 26 61 22 94 90  [1;32 379200 0.70831344786784 [0 
48 90 19 4 76 6 97 8 75 72 64 22 13 14 58 3 25 63 86 26 61 22 94 90  [1;32 493200 0.7614658008027 [0 
48 90 19 4 76 6 97 8 75 72 64 22 13 14 58 3 25 63 86 26 61 22 94 90  [1;32 494400 0.76414427321447 [0 
48 90 19 4 76 6 97 8 22 72 64 22 13 14 58 3 25 63 86 26 61 22 94 90  [1;32 597600 0.84765505684705 [0 
48 90 19 4 76 1 97 8 22 72 64 22 13 14 58 3 25 63 86 99 61 64 94 90  [1;32 1078800 0.87294064483272 [0 
seed 75
48 90 19 4 76 1 97 8 22 72 64 22 13 14 58 3 25 63 86 99 61 64 94 90 
100 99 
best 0.87294064483272
 [0 
