1 2 3 4 5 6 7 8 9 10 11 12 13 14 15 16 17 18 19 20 21 22 23 24 [1;32m1200 0.21029525965046[0m
41 2 61 4 5 6 7 1 9 10 11 12 20 44 15 16 17 18 19 20 21 22 23 24 [1;32m746400 0.38502089543951[0m
41 2 61 4 5 6 7 1 9 10 11 12 20 44 15 16 17 18 19 20 21 22 23 24 [1;32m747600 0.39481284053214[0m
41 2 61 4 5 6 7 1 9 10 11 12 20 44 15 16 17 18 19 20 21 22 23 24 [1;32m748800 0.71751017262223[0m
41 74 61 4 5 6 7 1 9 10 11 40 20 44 15 18 17 18 19 20 21 22 73 24 [1;32m808800 0.7468718066911[0m
41 74 61 4 5 6 7 1 9 10 11 40 20 44 15 18 17 48 19 20 21 22 73 24 [1;32m1135200 0.74953716785718[0m
seed 1
41 74 61 4 5 6 7 1 9 10 11 40 20 44 15 18 17 48 19 20 21 22 73 24 
100 99 
best 0.74953716785718
[0m
