1 2 3 4 5 6 7 8 9 10 11 12 13 14 15 16 17 18 19 20 21 22 23 24  [1;32 1200 0.006186438047388 [0 
1 2 3 4 5 6 7 8 9 10 11 12 13 14 15 16 17 18 77 20 21 22 23 24  [1;32 3600 0.2210763111375 [0 
1 2 3 4 5 6 7 98 9 17 11 12 13 14 15 16 17 18 77 68 21 22 23 24  [1;32 62400 0.31787987442779 [0 
1 2 3 4 5 72 73 98 74 17 11 12 97 14 15 16 17 18 64 68 84 22 23 24  [1;32 183600 0.75927210630934 [0 
1 2 3 4 5 72 73 98 74 17 11 12 66 14 15 16 17 18 64 1 84 22 23 24  [1;32 428400 0.79934104326339 [0 
1 2 3 4 5 72 73 98 74 17 11 12 66 14 17 16 17 18 64 1 84 22 23 24  [1;32 442800 0.83354301172731 [0 
1 2 3 4 5 72 73 98 74 17 11 12 66 14 17 58 17 18 64 1 84 22 23 24  [1;32 516000 0.85029664955188 [0 
1 2 3 4 5 72 73 98 74 17 11 79 66 14 17 58 17 85 55 41 84 22 23 24  [1;32 597600 0.86904728566796 [0 
1 2 3 4 5 72 73 98 74 17 11 79 66 14 17 58 17 85 55 41 84 22 23 24  [1;32 598800 0.87461675784563 [0 
1 2 3 4 5 72 73 98 13 17 11 79 66 13 17 58 17 85 55 41 84 22 23 24  [1;32 602400 0.87463731084072 [0 
1 2 3 4 5 72 73 98 13 17 11 79 66 13 17 58 17 3 55 41 84 22 23 24  [1;32 604800 0.91110182161158 [0 
1 2 3 4 5 72 73 49 13 17 11 41 66 13 17 58 17 3 55 41 84 22 23 24  [1;32 667200 0.91167229514122 [0 
1 2 3 4 5 72 73 49 13 17 11 41 66 23 17 58 17 3 55 41 84 24 23 24  [1;32 999600 0.91362917935391 [0 
seed 70
1 2 3 4 5 72 73 49 13 17 11 41 66 23 17 58 17 3 55 41 84 24 23 24 
100 99 
best 0.91362917935391
 [0 
