1 2 3 4 5 6 7 8 9 10 11 12 13 14 15 16 17 18 19 20 21 22 23 24 [1;32m1200 0.20410968368772[0m
1 2 3 4 5 31 7 8 9 10 11 12 34 14 15 16 17 18 19 20 21 22 23 24 [1;32m217200 0.33678923882278[0m
63 2 3 4 19 39 7 8 9 10 11 12 34 14 15 16 7 18 19 39 21 22 23 24 [1;32m249600 0.43163825231011[0m
63 2 3 4 19 39 7 8 9 10 94 12 34 14 15 16 65 10 4 39 21 75 23 24 [1;32m421200 0.44867264402422[0m
63 2 3 4 19 39 37 8 94 10 94 12 34 14 15 57 65 10 4 39 21 53 23 24 [1;32m445200 0.80446393339237[0m
63 2 3 4 19 39 37 8 94 10 94 12 34 14 15 57 65 10 4 39 21 53 23 24 [1;32m446400 0.86961013146384[0m
63 87 3 4 19 39 37 8 94 10 43 12 34 14 34 57 65 10 4 39 21 53 23 24 [1;32m464400 0.87252767658635[0m
63 87 3 4 19 39 37 8 94 10 43 12 34 14 34 57 65 10 4 70 21 53 23 24 [1;32m609600 0.87532587760898[0m
63 38 3 4 45 39 37 8 94 10 43 12 34 14 34 57 65 10 4 100 21 53 74 24 [1;32m720000 0.87823672933709[0m
seed 82
63 38 3 4 45 39 37 8 94 10 43 12 34 14 34 57 65 10 4 100 21 53 74 24 
100 99 
best 0.87823672933709
[0m
