1 2 3 4 5 6 7 8 9 10 11 12 13 14 15 16 17 18 19 20 21 22 23 24 [1;32m1200 0.13412062503284[0m
1 2 3 4 5 6 7 8 9 10 90 12 13 14 15 16 17 18 19 20 21 22 23 24 [1;32m7200 0.16419610249881[0m
1 2 3 4 5 6 7 8 9 10 90 12 13 14 15 16 17 18 19 20 21 22 23 24 [1;32m8400 0.22182748124766[0m
1 19 3 4 5 6 7 8 9 10 90 12 13 11 15 47 17 18 19 20 21 11 23 24 [1;32m14400 0.29529422317985[0m
1 19 3 4 5 6 7 8 9 10 90 12 13 11 15 47 17 18 19 20 21 11 23 24 [1;32m15600 0.3112933847301[0m
1 19 3 4 5 6 7 8 5 10 90 12 51 11 15 47 95 18 19 20 21 11 23 24 [1;32m31200 0.45142067808215[0m
1 19 3 4 5 6 7 8 5 10 90 12 51 11 15 47 95 18 19 20 21 11 23 24 [1;32m32400 0.53128219710274[0m
1 19 3 4 5 6 7 8 5 10 90 12 51 11 15 47 95 94 19 20 21 11 23 24 [1;32m507600 0.58573303458132[0m
1 19 3 4 5 6 7 8 5 10 90 12 51 11 15 47 95 94 19 20 21 11 23 24 [1;32m508800 0.670006596815[0m
seed 100
1 19 3 4 5 6 7 8 5 10 90 12 51 11 15 47 95 94 19 20 21 11 23 24 
100 99 
best 0.670006596815
[0m
