1 2 3 4 5 6 7 8 9 10 11 12 13 14 15 16 17 18 19 20 21 22 23 24  [1;32 1200 0.2198587069921 [0 
1 37 3 14 5 6 7 8 9 10 11 12 13 14 15 16 17 18 19 20 23 22 23 24  [1;32 64800 0.44480697112461 [0 
1 37 3 14 13 6 89 38 9 10 11 12 54 14 15 16 17 18 19 65 23 22 23 24  [1;32 81600 0.45190114810939 [0 
1 37 3 14 13 6 89 38 9 10 11 12 54 14 15 16 17 18 19 65 40 22 23 24  [1;32 169200 0.45761530601623 [0 
1 37 3 14 13 6 89 38 9 10 11 79 54 14 15 16 17 18 19 65 40 22 23 24  [1;32 364800 0.46173477082362 [0 
1 37 3 14 13 6 89 38 9 8 11 79 54 14 15 16 17 18 7 31 40 22 66 24  [1;32 399600 0.61300852204794 [0 
1 37 3 14 13 6 89 38 24 84 5 79 54 14 15 16 17 18 7 31 33 22 66 24  [1;32 464400 0.68777638511402 [0 
1 30 3 14 13 6 89 38 24 84 5 79 54 14 15 52 17 18 7 31 33 22 66 24  [1;32 808800 0.74598937539875 [0 
seed 76
1 30 3 14 13 6 89 38 24 84 5 79 54 14 15 52 17 18 7 31 33 22 66 24 
100 99 
best 0.74598937539875
 [0 
