1 2 3 4 5 6 7 8 9 10 11 12 13 14 15 16 17 18 19 20 21 22 23 24 [1;32m1200 0.089238592566441[0m
1 2 3 4 5 6 7 8 9 90 11 12 13 28 15 16 98 18 19 20 21 22 23 24 [1;32m12000 0.11409627275129[0m
1 2 3 4 5 6 7 8 9 90 11 12 13 28 15 16 98 18 19 20 21 22 23 24 [1;32m13200 0.1234972956715[0m
1 2 3 4 45 6 7 8 9 90 11 12 13 28 15 16 98 18 4 20 21 22 23 24 [1;32m20400 0.14010980696801[0m
1 2 3 4 45 6 7 8 9 90 11 12 13 28 15 16 98 18 4 20 21 22 23 24 [1;32m21600 0.1515849637833[0m
54 2 3 4 45 6 7 8 9 90 11 12 13 28 15 16 98 18 76 20 21 22 23 24 [1;32m60000 0.15629587219285[0m
54 2 3 4 45 6 7 8 9 90 11 12 13 28 15 16 98 18 76 20 21 22 23 24 [1;32m61200 0.16513317611481[0m
54 2 3 4 45 6 7 8 9 90 11 12 13 28 15 16 98 18 76 20 21 22 23 24 [1;32m62400 0.16926426201809[0m
54 2 3 4 36 6 7 32 9 90 11 12 13 28 15 16 98 18 76 20 21 22 23 24 [1;32m360000 0.18247028049147[0m
54 2 3 4 36 6 7 32 9 90 11 12 13 28 15 16 98 18 76 20 21 22 23 24 [1;32m361200 0.18825522640087[0m
54 2 3 20 36 6 7 32 9 42 11 12 13 28 15 16 98 2 76 20 21 22 61 24 [1;32m498000 0.20459817117142[0m
54 2 3 20 36 6 7 32 9 42 11 12 13 28 15 16 98 2 76 20 21 22 61 24 [1;32m499200 0.25790910436983[0m
54 2 3 20 36 6 7 32 9 42 11 12 13 28 15 16 98 2 76 20 21 22 61 24 [1;32m500400 0.26751121408656[0m
54 2 3 20 36 24 7 32 9 42 11 12 13 28 15 16 98 2 76 20 21 22 61 24 [1;32m506400 0.31208489507953[0m
54 2 3 20 36 24 7 32 9 42 11 12 13 28 15 16 98 2 76 20 21 22 61 24 [1;32m507600 0.33027483289444[0m
37 2 94 20 36 24 7 54 63 42 11 6 13 28 15 16 98 2 76 20 21 22 36 24 [1;32m510000 0.40541166313542[0m
37 2 94 20 36 24 7 54 63 42 11 6 13 28 15 16 98 2 76 20 21 22 36 24 [1;32m511200 0.40954590326955[0m
37 2 94 20 36 24 7 54 63 42 11 6 13 28 15 16 98 2 76 20 21 22 36 24 [1;32m512400 0.41037946737604[0m
37 2 94 20 85 24 7 54 63 42 11 6 13 59 87 16 98 2 28 20 21 22 36 24 [1;32m552000 0.49457757317794[0m
37 2 94 20 85 24 7 54 63 42 11 6 13 59 87 16 98 2 28 20 21 22 36 24 [1;32m553200 0.49539994760148[0m
37 2 94 20 85 24 7 54 63 42 11 6 13 59 87 16 98 2 28 20 21 22 36 24 [1;32m554400 0.49540584278806[0m
37 2 94 20 85 24 7 54 63 70 79 6 44 59 87 16 98 2 28 20 96 22 36 24 [1;32m566400 0.52482063512973[0m
37 2 94 20 85 24 7 16 54 70 79 6 44 59 87 16 98 2 28 20 96 22 36 24 [1;32m1429200 0.52840188570271[0m
37 2 94 20 85 24 7 16 54 70 79 6 44 59 87 16 98 2 28 20 96 22 36 24 [1;32m1430400 0.52842948764973[0m
37 2 94 20 85 24 7 16 54 70 79 6 44 59 87 16 98 2 28 20 96 22 36 24 [1;32m1431600 0.52843423108448[0m
seed 62
37 2 94 20 85 24 7 16 54 70 79 6 44 59 87 16 98 2 28 20 96 22 36 24 
100 99 
best 0.52843423108448
[0m
