1 2 3 4 5 6 7 8 9 10 11 12 13 14 15 16 17 18 19 20 21 22 23 24  [1;32 1200 0.020858348272732 [0 
1 7 3 4 5 6 7 8 9 10 11 77 13 14 15 16 17 18 19 20 21 22 23 24  [1;32 8400 0.2153728095174 [0 
1 7 3 4 5 6 7 8 9 10 11 77 13 14 15 16 17 18 19 20 21 22 23 24  [1;32 9600 0.27814072018885 [0 
1 7 3 4 5 6 7 8 9 10 11 77 13 14 15 16 17 18 19 20 21 22 23 24  [1;32 10800 0.31291901433494 [0 
1 7 3 4 5 6 7 8 9 10 11 77 13 14 15 16 17 18 19 20 21 22 23 24  [1;32 12000 0.35337984660625 [0 
1 7 3 4 5 6 7 8 9 10 11 77 13 14 15 16 17 18 19 20 21 22 23 24  [1;32 13200 0.35753062210579 [0 
1 7 3 4 5 6 7 8 9 10 11 77 13 14 15 16 17 18 19 20 21 22 23 24  [1;32 14400 0.36245983936771 [0 
1 7 3 71 5 6 7 8 9 10 11 77 13 15 15 16 80 18 19 20 21 22 23 30  [1;32 24000 0.38179444440826 [0 
1 7 3 71 5 6 7 8 9 10 11 77 13 15 15 16 80 18 19 20 21 22 23 30  [1;32 25200 0.42934786838109 [0 
1 7 65 71 5 6 71 8 9 10 11 77 13 15 38 16 27 18 19 20 21 22 23 30  [1;32 27600 0.53088833107064 [0 
1 7 65 71 5 6 71 8 21 10 11 77 13 15 62 16 27 18 3 20 21 22 23 30  [1;32 103200 0.55736956147013 [0 
1 7 65 71 5 6 71 8 21 10 11 77 13 15 62 16 95 18 3 20 21 22 23 30  [1;32 216000 0.55983736073889 [0 
1 7 65 71 5 6 71 8 21 10 11 77 13 15 62 16 95 18 3 20 21 22 23 30  [1;32 217200 0.56560184033646 [0 
1 7 65 71 5 6 71 8 21 10 11 77 13 15 62 16 95 18 3 20 21 22 23 30  [1;32 218400 0.56638512438682 [0 
1 7 65 71 5 6 17 61 21 10 11 77 2 15 62 16 10 18 3 20 21 22 23 30  [1;32 292800 0.67163908888728 [0 
1 7 65 71 5 6 17 61 21 10 11 77 2 15 62 16 10 18 3 20 21 22 23 30  [1;32 294000 0.71871369486933 [0 
1 7 65 71 5 6 17 61 21 10 11 77 2 15 62 61 10 18 3 40 21 22 77 63  [1;32 1233600 0.78045802083324 [0 
1 7 65 71 5 6 17 61 21 10 11 77 2 15 62 61 10 18 26 40 21 22 77 63  [1;32 1396800 0.79383194714571 [0 
seed 53
1 7 65 71 5 6 17 61 21 10 11 77 2 15 62 61 10 18 26 40 21 22 77 63 
100 99 
best 0.79383194714571
 [0 
