1 2 3 4 5 6 7 8 9 10 11 12 13 14 15 16 17 18 19 20 21 22 23 24 [1;32m1200 0.21805541738969[0m
84 2 3 4 5 6 7 8 9 34 43 49 13 66 83 16 17 18 19 20 21 22 23 24 [1;32m43200 0.74142026125644[0m
84 8 3 4 5 43 46 8 9 65 43 49 13 66 81 16 17 18 19 20 21 22 23 24 [1;32m46800 0.77815342824669[0m
84 8 3 4 5 43 46 8 9 65 43 49 13 66 81 16 17 18 19 20 21 22 23 24 [1;32m48000 0.79266710164513[0m
84 8 3 4 5 43 46 8 9 65 43 49 13 66 81 16 17 18 19 20 21 22 23 24 [1;32m49200 0.80142265737856[0m
84 51 3 4 5 43 46 8 9 65 53 49 13 66 81 16 77 18 19 20 21 22 23 24 [1;32m62400 0.82713799462349[0m
84 51 3 4 5 71 46 8 90 65 6 49 13 66 81 16 77 18 19 20 21 22 23 24 [1;32m82800 0.83122723862086[0m
84 51 3 4 5 71 46 8 90 65 6 49 13 66 81 16 77 18 20 20 45 22 23 24 [1;32m106800 0.8426471873273[0m
84 11 3 4 5 71 46 8 90 65 6 49 13 66 44 16 77 18 84 20 45 22 84 24 [1;32m130800 0.84477398982595[0m
84 11 3 67 5 71 46 8 33 65 6 49 13 66 44 16 77 18 7 20 45 35 84 83 [1;32m196800 0.86700886812229[0m
84 11 3 67 5 71 46 8 33 65 6 49 13 66 44 16 77 18 7 20 45 35 84 83 [1;32m198000 0.89471191701235[0m
84 11 3 67 5 71 46 8 33 65 6 49 95 66 44 100 77 18 7 20 45 35 79 83 [1;32m262800 0.90827138758978[0m
9 11 3 67 66 71 46 8 33 65 60 49 95 66 44 100 77 18 91 20 45 35 86 83 [1;32m316800 0.90867304833422[0m
seed 66
9 11 3 67 66 71 46 8 33 65 60 49 95 66 44 100 77 18 91 20 45 35 86 83 
100 99 
best 0.90867304833422
[0m
