1 2 3 4 5 6 7 8 9 10 11 12 13 14 15 16 17 18 19 20 21 22 23 24  [1;32 1200 0.21730420481398 [0 
1 2 3 4 5 6 7 8 9 10 11 12 13 14 15 16 17 3 19 20 21 27 23 24  [1;32 24000 0.56683968808962 [0 
1 10 3 4 5 6 7 8 9 10 11 49 13 14 15 16 17 3 19 20 21 27 23 24  [1;32 36000 0.61411287002119 [0 
1 10 3 4 5 6 7 8 9 10 11 49 13 14 15 16 17 3 2 20 51 27 23 62  [1;32 44400 0.6448570522761 [0 
1 10 3 4 5 10 7 8 9 10 11 49 13 14 15 16 17 3 2 19 51 77 23 62  [1;32 91200 0.71505356787901 [0 
1 10 3 4 5 10 7 8 9 10 11 49 13 14 15 16 17 3 2 19 51 77 23 62  [1;32 92400 0.73495065725233 [0 
1 10 3 4 5 10 7 8 9 10 11 49 13 81 15 16 38 3 2 19 51 77 23 62  [1;32 902400 0.75213773231049 [0 
seed 31
1 10 3 4 5 10 7 8 9 10 11 49 13 81 15 16 38 3 2 19 51 77 23 62 
100 99 
best 0.75213773231049
 [0 
