1 2 3 4 5 6 7 8 9 10 11 12 13 14 15 16 17 18 19 20 21 22 23 24 [1;32m1200 0.2198587069921[0m
1 2 3 83 5 6 7 8 9 10 83 12 13 14 15 16 17 18 19 20 66 39 23 24 [1;32m10800 0.44201554650914[0m
1 2 3 83 5 6 7 8 9 10 83 12 13 14 15 27 17 18 19 20 66 39 23 24 [1;32m99600 0.44296820540393[0m
1 2 3 83 5 6 90 8 9 10 83 12 13 14 15 27 8 18 19 20 41 61 72 24 [1;32m133200 0.66841630373651[0m
1 2 3 83 5 6 90 8 9 10 15 62 13 14 15 27 24 18 19 20 41 61 72 24 [1;32m136800 0.695371790578[0m
28 2 3 83 5 6 90 8 9 10 15 62 13 55 15 27 24 18 19 20 41 61 72 24 [1;32m153600 0.89669402683283[0m
seed 19
28 2 3 83 5 6 90 8 9 10 15 62 13 55 15 27 24 18 19 20 41 61 72 24 
100 99 
best 0.89669402683283
[0m
