1 2 3 4 5 6 7 8 9 10 11 12 13 14 15 16 17 18 19 20 21 22 23 24  [1;32 1200 0.00082539931038637 [0 
1 2 3 4 5 58 7 8 9 92 11 12 13 14 15 16 17 18 19 78 21 22 63 16  [1;32 31200 0.22085928542197 [0 
1 96 3 4 5 99 7 8 9 92 38 12 13 14 15 23 17 18 19 78 21 74 63 16  [1;32 57600 0.43661224593533 [0 
1 96 3 4 5 99 36 8 100 92 38 12 13 14 15 23 17 18 19 78 21 74 63 16  [1;32 133200 0.43881706034579 [0 
1 96 3 4 5 99 36 8 48 92 42 12 13 14 15 23 59 18 52 78 21 74 63 16  [1;32 223200 0.4389205473684 [0 
1 96 3 4 5 99 36 23 48 92 79 12 13 14 15 23 59 9 52 78 21 74 39 16  [1;32 228000 0.70340658949641 [0 
1 96 27 4 5 99 36 23 48 92 79 12 13 14 15 23 59 9 52 81 21 74 39 16  [1;32 234000 0.86622304314799 [0 
1 96 27 4 5 99 36 85 48 92 79 12 13 14 15 23 59 74 9 81 21 74 39 16  [1;32 289200 0.87926604737757 [0 
18 96 27 4 5 99 36 85 48 92 92 12 13 14 15 23 59 73 9 14 21 19 39 16  [1;32 909600 0.9019772903968 [0 
seed 79
18 96 27 4 5 99 36 85 48 92 92 12 13 14 15 23 59 73 9 14 21 19 39 16 
100 99 
best 0.9019772903968
 [0 
