1 2 3 4 5 6 7 8 9 10 11 12 13 14 15 16 17 18 19 20 21 22 23 24  [1;32 1200 0.1062209188963 [0 
1 10 3 4 76 6 7 8 9 10 11 49 13 14 15 16 17 29 19 20 21 22 23 24  [1;32 110400 0.17345829664798 [0 
1 10 3 4 76 6 7 8 9 10 11 49 13 14 15 16 17 29 19 20 21 22 23 24  [1;32 111600 0.17466239736329 [0 
1 10 3 4 76 6 7 8 9 10 11 49 13 14 15 16 17 29 19 20 21 22 23 24  [1;32 112800 0.17676657986749 [0 
1 10 3 4 76 6 7 8 9 10 11 49 13 14 15 16 17 29 19 20 21 22 23 24  [1;32 114000 0.1821066330172 [0 
1 10 3 6 76 6 7 8 9 10 11 49 13 75 15 16 17 29 19 20 21 68 23 24  [1;32 117600 0.18413128709914 [0 
1 10 3 6 76 6 7 8 9 10 11 49 13 75 15 16 17 29 19 20 21 68 23 24  [1;32 118800 0.18578552915137 [0 
1 10 3 6 76 6 7 8 9 10 11 49 13 75 15 16 17 29 19 20 21 68 23 24  [1;32 120000 0.18578707327315 [0 
1 10 3 6 76 9 7 8 48 10 11 49 13 23 15 16 17 29 19 20 7 68 23 24  [1;32 180000 0.18578787778145 [0 
1 10 3 6 76 9 7 8 48 10 11 49 13 29 15 16 17 29 24 20 7 99 23 24  [1;32 369600 0.24768533081381 [0 
1 10 3 6 76 9 7 8 48 10 11 49 13 29 15 16 17 29 24 20 7 99 23 24  [1;32 370800 0.24770340378139 [0 
1 10 3 6 76 9 7 8 48 10 11 49 13 29 15 16 17 29 24 20 7 99 23 24  [1;32 372000 0.24772158524869 [0 
1 10 3 56 76 9 7 8 90 10 11 49 13 29 15 16 17 29 83 20 71 99 23 24  [1;32 435600 0.31105775916841 [0 
1 100 3 56 76 7 7 8 90 10 11 49 13 29 15 16 17 5 83 20 71 99 23 24  [1;32 438000 0.46822034945639 [0 
1 100 3 56 76 7 7 8 90 10 11 49 13 29 15 16 17 5 83 20 71 99 23 24  [1;32 439200 0.53846066918165 [0 
1 100 3 56 76 7 74 35 90 10 11 49 13 84 15 16 17 5 83 20 71 99 23 24  [1;32 489600 0.55474782986257 [0 
55 100 3 56 76 7 62 35 90 10 11 49 13 84 15 16 17 5 83 20 71 99 23 24  [1;32 678000 0.62033220453898 [0 
55 100 3 56 23 7 85 35 66 10 11 49 13 90 15 16 17 5 83 20 71 99 23 24  [1;32 794400 0.79615258423651 [0 
55 20 3 56 23 7 85 35 66 10 11 49 13 90 15 16 17 5 83 20 71 99 23 20  [1;32 901200 0.82611729623444 [0 
55 20 84 92 23 11 85 35 66 10 11 49 13 90 15 16 17 5 83 20 71 99 23 20  [1;32 1011600 0.85023040240158 [0 
55 20 84 92 23 11 85 35 66 10 11 49 13 90 15 16 17 5 83 20 71 99 23 20  [1;32 1012800 0.89725877608192 [0 
55 20 84 92 23 84 85 35 66 10 11 49 13 90 15 16 17 5 83 20 71 99 23 20  [1;32 1158000 0.90150648151014 [0 
seed 90
55 20 84 92 23 84 85 35 66 10 11 49 13 90 15 16 17 5 83 20 71 99 23 20 
100 99 
best 0.90150648151014
 [0 
