1 2 3 4 5 6 7 8 9 10 11 12 13 14 15 16 17 18 19 20 21 22 23 24  [1;32 1200 0.0024763707013804 [0 
1 2 3 4 5 6 7 8 9 3 11 12 5 14 15 16 17 18 82 20 21 22 23 24  [1;32 7200 0.0035398550426427 [0 
1 2 3 4 5 6 7 8 9 3 11 12 5 75 15 16 17 52 82 20 80 36 23 24  [1;32 31200 0.25970614746321 [0 
1 2 3 4 5 6 7 8 9 3 11 12 5 75 15 16 17 52 82 20 80 36 23 24  [1;32 32400 0.26347605748066 [0 
1 2 3 4 5 6 7 8 9 3 11 12 5 75 15 16 17 52 82 20 80 36 23 24  [1;32 33600 0.27179299379985 [0 
1 2 3 4 8 6 51 8 9 3 11 12 5 75 15 16 17 52 82 20 80 21 23 64  [1;32 46800 0.50938754590191 [0 
1 2 3 4 8 6 51 8 9 3 11 12 5 75 15 16 17 52 82 20 80 21 23 64  [1;32 48000 0.60419882474346 [0 
seed 30
1 2 3 4 8 6 51 8 9 3 11 12 5 75 15 16 17 52 82 20 80 21 23 64 
100 99 
best 0.60419882474346
 [0 
