1 2 3 4 5 6 7 8 9 10 11 12 13 14 15 16 17 18 19 20 21 22 23 84 [1;32m6000 0.00082543485111101[0m
1 2 3 4 5 6 7 8 80 10 11 12 13 14 15 16 17 18 19 20 21 22 35 84 [1;32m9600 0.098780346175821[0m
1 100 3 4 5 6 7 55 13 10 5 12 13 14 15 16 17 18 19 20 21 22 35 48 [1;32m31200 0.13336325721793[0m
1 100 3 4 5 6 7 55 13 10 5 12 13 14 15 16 17 18 19 20 21 22 35 48 [1;32m32400 0.13360685955758[0m
1 100 3 4 5 6 7 55 13 10 5 12 13 14 15 16 17 18 19 20 21 22 35 48 [1;32m33600 0.14293165721454[0m
1 100 3 4 5 6 7 55 13 10 5 12 13 14 15 16 17 18 19 20 21 22 35 48 [1;32m34800 0.1799952411904[0m
1 100 3 4 5 6 7 55 13 10 68 12 13 14 15 16 17 18 19 20 21 22 35 48 [1;32m45600 0.2003371360767[0m
1 100 3 4 5 6 7 55 13 87 68 12 13 14 15 16 17 18 19 19 21 22 32 48 [1;32m68400 0.21303105427674[0m
1 6 3 4 5 6 7 55 13 87 68 12 13 71 15 16 17 18 19 19 100 22 99 48 [1;32m70800 0.25016441766363[0m
1 6 3 4 5 6 7 55 13 87 68 12 13 71 15 16 17 18 19 19 100 22 99 48 [1;32m72000 0.27082649399811[0m
1 6 3 57 5 41 73 55 13 87 68 12 18 71 15 16 17 14 19 45 100 22 99 48 [1;32m75600 0.41034842980304[0m
1 100 3 57 60 41 73 55 13 87 68 12 18 71 15 16 17 14 19 45 100 22 99 48 [1;32m79200 0.58952532581111[0m
1 100 3 57 60 41 73 55 13 22 68 12 18 71 15 16 17 14 19 45 100 22 99 48 [1;32m82800 0.70299793985583[0m
1 57 3 42 60 41 73 55 13 14 68 12 18 71 15 16 17 45 19 45 100 22 99 48 [1;32m156000 0.70813072320478[0m
1 57 3 76 60 41 94 55 13 14 68 12 18 71 21 16 17 45 19 49 100 22 99 48 [1;32m166800 0.72548584414156[0m
1 57 3 76 60 41 94 30 13 14 68 12 18 71 21 16 85 45 19 49 100 22 99 48 [1;32m297600 0.84728597077302[0m
1 57 3 76 60 41 94 30 13 14 68 12 18 71 21 16 85 45 37 49 100 22 99 48 [1;32m367200 0.87572948421441[0m
1 57 3 72 89 41 94 30 10 14 68 12 18 71 21 16 85 45 37 49 100 22 70 48 [1;32m912000 0.88468668180767[0m
seed 48
1 57 3 72 89 41 94 30 10 14 68 12 18 71 21 16 85 45 37 49 100 22 70 48 
100 99 
best 0.88468668180767
[0m
