1 2 3 4 5 6 7 8 9 10 11 12 13 14 15 16 17 18 19 20 21 22 23 24 [1;32m1200 0.2198587069921[0m
1 2 3 83 5 6 7 8 9 10 83 12 13 14 15 16 17 18 19 20 66 39 23 24 [1;32m10800 0.44201554650914[0m
1 2 3 83 5 6 90 8 9 10 83 12 13 14 15 16 8 18 19 20 41 61 72 24 [1;32m132000 0.70626082491327[0m
1 2 3 83 5 6 90 8 9 10 47 12 13 14 15 16 8 58 19 20 41 61 72 24 [1;32m208800 0.73035269663123[0m
1 2 3 83 5 6 90 8 9 10 47 12 13 14 15 16 8 58 19 20 63 61 72 24 [1;32m216000 0.74297004759918[0m
1 2 3 83 5 44 90 8 9 28 87 12 13 37 15 74 8 58 19 20 63 61 72 24 [1;32m218400 0.75031006825223[0m
1 2 96 83 5 44 20 8 9 28 87 12 13 37 15 74 8 58 53 20 63 52 72 24 [1;32m220800 0.75559043417617[0m
1 2 96 83 5 44 20 8 9 28 87 12 13 37 15 74 62 58 53 20 63 52 72 24 [1;32m272400 0.8312061390967[0m
seed 19
1 2 96 83 5 44 20 8 9 28 87 12 13 37 15 74 62 58 53 20 63 52 72 24 
100 99 
best 0.8312061390967
[0m
