1 2 3 4 5 6 7 8 9 10 11 12 13 14 15 16 17 18 19 20 21 22 23 24  [1;32 1200 0.2198587069921 [0 
19 2 3 4 38 6 7 8 9 10 11 12 13 55 15 70 17 18 19 20 21 22 23 24  [1;32 405600 0.30877185899524 [0 
19 2 3 4 38 6 7 8 9 10 11 12 13 55 15 70 17 18 19 20 6 22 23 24  [1;32 441600 0.52502984141761 [0 
19 2 3 4 38 6 7 8 9 10 11 12 13 55 15 70 17 18 19 20 6 22 23 24  [1;32 442800 0.59469206834813 [0 
19 2 3 4 38 6 92 54 9 10 11 12 13 55 32 70 17 18 19 20 63 22 23 24  [1;32 638400 0.76064824810299 [0 
seed 92
19 2 3 4 38 6 92 54 9 10 11 12 13 55 32 70 17 18 19 20 63 22 23 24 
100 99 
best 0.76064824810299
 [0 
