1 2 3 4 5 6 7 8 9 10 11 12 13 14 15 16 17 18 19 20 21 22 23 24 [1;32m1200 0.21898132447427[0m
1 2 3 4 5 6 7 8 9 10 11 12 13 85 52 43 17 18 19 20 21 22 23 24 [1;32m12000 0.38557294002381[0m
1 2 12 4 5 6 7 8 9 10 11 12 13 85 52 43 17 18 19 20 21 22 5 29 [1;32m74400 0.44210288893234[0m
1 7 29 4 5 6 7 8 9 10 11 92 13 24 52 43 17 18 19 20 21 22 5 29 [1;32m322800 0.44335793350865[0m
1 7 29 4 5 6 7 8 9 89 11 92 13 24 52 43 17 18 19 20 21 22 5 29 [1;32m363600 0.84813004500765[0m
1 7 29 4 5 6 7 8 9 89 11 92 13 24 52 43 17 18 19 20 21 22 5 29 [1;32m364800 0.86005764570993[0m
1 7 29 4 5 6 7 8 9 95 11 92 13 24 52 17 17 18 19 10 21 67 5 29 [1;32m367200 0.90225537850875[0m
seed 40
1 7 29 4 5 6 7 8 9 95 11 92 13 24 52 17 17 18 19 10 21 67 5 29 
100 99 
best 0.90225537850875
[0m
