1 2 3 4 5 6 7 8 9 10 11 12 13 14 15 16 17 18 19 20 21 22 23 24 [1;32m1200 0.004021660890157[0m
1 2 3 4 5 6 37 8 9 10 11 12 13 5 15 16 17 18 19 58 21 22 23 24 [1;32m56400 0.77429652245026[0m
1 2 3 4 5 6 37 8 9 10 11 12 13 5 15 16 17 18 19 58 21 22 23 24 [1;32m57600 0.8815098553258[0m
1 2 3 94 5 98 23 8 9 10 11 12 12 5 15 16 17 18 19 58 21 44 23 24 [1;32m552000 0.8845953953594[0m
1 2 3 94 5 98 23 8 9 10 88 12 12 5 15 16 17 18 19 58 21 44 23 24 [1;32m752400 0.89006021071577[0m
1 2 3 94 5 98 23 8 9 10 88 30 5 5 15 16 17 18 19 58 21 44 23 24 [1;32m1347600 0.89105061433779[0m
seed 60
1 2 3 94 5 98 23 8 9 10 88 30 5 5 15 16 17 18 19 58 21 44 23 24 
100 99 
best 0.89105061433779
[0m
