1 2 3 4 5 6 7 8 9 10 11 12 90 14 15 16 17 18 51 20 21 99 23 24 [1;32m30000 0.13076071207575[0m
1 2 3 96 97 6 7 8 9 10 85 12 90 14 15 16 17 18 37 29 21 99 23 24 [1;32m39600 0.36763969888965[0m
1 2 69 96 97 6 7 8 9 10 85 12 90 14 15 16 17 18 37 29 35 99 23 24 [1;32m93600 0.47122174827573[0m
1 2 69 96 97 6 7 8 9 10 85 12 90 14 15 16 17 18 37 29 35 99 23 24 [1;32m94800 0.47709577939739[0m
1 2 61 96 97 6 7 8 44 10 85 12 90 14 15 16 17 18 37 29 35 99 23 24 [1;32m319200 0.47997568154989[0m
1 2 61 96 97 6 7 8 44 10 85 12 90 14 15 16 17 18 37 29 35 99 23 24 [1;32m320400 0.48378725638225[0m
1 2 6 96 97 6 7 8 44 10 85 12 90 14 15 16 56 18 37 29 35 99 98 24 [1;32m326400 0.48378758389403[0m
1 2 6 96 97 6 7 8 44 10 85 71 90 14 34 16 15 22 37 29 35 99 98 24 [1;32m328800 0.48391325400533[0m
1 2 6 96 97 6 7 8 26 10 30 71 90 14 16 16 15 22 8 29 35 99 98 24 [1;32m560400 0.49144406495925[0m
47 2 6 96 61 6 7 8 26 10 30 71 90 14 16 2 51 22 8 60 35 99 98 24 [1;32m562800 0.49374204347649[0m
47 2 6 96 61 6 7 8 26 10 30 71 90 14 16 2 51 22 8 60 35 99 98 24 [1;32m564000 0.49539447131639[0m
47 2 6 96 61 17 7 8 26 10 30 71 90 14 16 2 51 85 8 2 34 99 98 24 [1;32m566400 0.49539878909791[0m
47 2 6 96 61 17 7 8 26 10 30 71 90 14 16 2 51 85 8 2 34 99 98 24 [1;32m567600 0.49541524864027[0m
47 2 6 96 61 17 7 8 26 10 30 71 90 14 16 2 51 85 97 2 34 99 56 24 [1;32m780000 0.49543167199803[0m
seed 5
47 2 6 96 61 17 7 8 26 10 30 71 90 14 16 2 51 85 97 2 34 99 56 24 
100 99 
best 0.49543167199803
[0m
