28 2 3 4 5 96 7 6 9 10 11 12 13 14 15 16 46 29 19 20 21 22 23 24  [1;32 1052400 0.00082691834761107 [0 
28 2 3 4 99 96 7 6 9 10 11 12 13 14 42 16 52 29 19 21 21 22 23 24  [1;32 1118400 0.10620296355496 [0 
28 2 3 4 99 96 7 6 9 10 11 12 13 14 42 16 52 29 19 21 21 22 23 24  [1;32 1119600 0.26136825398701 [0 
20 2 3 4 99 96 7 6 9 10 11 12 13 14 42 16 52 29 99 21 21 22 23 24  [1;32 1123200 0.63292185578086 [0 
20 2 3 4 99 96 7 6 9 10 11 12 13 14 42 16 52 29 99 21 21 22 23 24  [1;32 1124400 0.85937455090115 [0 
20 2 3 4 99 96 7 6 9 10 11 12 13 14 42 16 52 57 99 21 21 22 71 24  [1;32 1128000 0.88361297790104 [0 
seed 7
20 2 3 4 99 96 7 6 9 10 11 12 13 14 42 16 52 57 99 21 21 22 71 24 
100 99 
best 0.88361297790104
 [0 
