1 2 3 4 5 6 7 8 9 10 11 12 13 14 15 16 17 18 19 20 21 22 23 24  [1;32 1200 0.00082511167866957 [0 
1 2 3 4 5 94 7 8 9 49 11 12 13 14 58 16 17 18 96 20 21 22 23 24  [1;32 19200 0.019918748478375 [0 
1 2 3 4 5 94 7 8 9 49 11 12 13 14 58 16 17 18 96 20 73 22 21 24  [1;32 62400 0.4306797941502 [0 
1 2 3 4 5 15 7 8 9 98 11 12 13 14 58 16 17 18 20 20 73 85 21 24  [1;32 619200 0.66456570895707 [0 
1 2 3 4 72 73 7 8 5 98 11 12 13 14 58 16 17 18 20 2 16 85 21 68  [1;32 621600 0.68977444727518 [0 
1 2 3 4 72 73 7 8 5 98 11 12 13 14 58 16 17 18 20 2 16 85 21 68  [1;32 622800 0.78606954171525 [0 
99 2 3 4 72 73 7 8 5 98 11 12 13 14 58 16 17 18 20 2 16 85 21 68  [1;32 625200 0.78796742493935 [0 
99 2 3 4 72 73 7 8 5 98 11 12 13 14 58 95 17 18 20 2 16 85 11 68  [1;32 824400 0.79891245497312 [0 
99 2 3 4 72 73 14 8 5 98 74 12 13 14 58 49 17 18 89 2 52 85 11 68  [1;32 826800 0.81854409550012 [0 
99 2 3 4 72 73 14 8 5 98 41 12 14 14 58 49 17 18 89 2 12 85 9 68  [1;32 829200 0.8322455710955 [0 
99 19 3 4 72 73 14 8 5 98 41 12 14 14 58 49 17 18 89 2 96 85 9 68  [1;32 963600 0.87188450645651 [0 
99 19 3 4 72 73 14 8 5 98 86 12 2 14 58 49 17 18 89 2 96 85 9 68  [1;32 1219200 0.87263148560262 [0 
96 19 3 4 72 73 14 8 5 98 86 12 2 14 58 81 17 18 89 2 96 85 9 68  [1;32 1264800 0.87321826903138 [0 
96 19 49 4 72 73 14 8 5 98 86 12 2 14 58 81 17 18 89 2 96 85 9 68  [1;32 1424400 0.89299611358185 [0 
seed 9
96 19 49 4 72 73 14 8 5 98 86 12 2 14 58 81 17 18 89 2 96 85 9 68 
100 99 
best 0.89299611358185
 [0 
