74 2 3 4 5 65 7 8 9 10 11 27 13 14 15 16 17 18 82 20 21 98 23 24  [1;32 12000 0.00082646254798975 [0 
74 25 3 4 5 65 7 8 9 10 11 88 90 50 15 16 17 96 82 20 21 98 21 24  [1;32 21600 0.046917069361808 [0 
74 47 3 4 5 65 54 8 9 10 11 88 90 50 15 16 17 96 82 20 21 98 21 24  [1;32 78000 0.11522179083688 [0 
74 1 3 4 5 65 54 8 9 69 11 88 45 50 15 16 17 96 82 20 34 98 21 48  [1;32 91200 0.12298534765201 [0 
74 1 3 4 5 65 54 8 9 69 11 88 45 50 15 16 17 96 82 20 34 98 21 48  [1;32 92400 0.128580838747 [0 
74 1 3 4 5 65 34 8 9 69 11 88 45 50 15 16 17 96 82 20 34 43 21 48  [1;32 94800 0.13490710509309 [0 
74 1 3 4 5 65 92 75 82 69 11 88 45 18 12 16 17 96 82 20 34 43 21 48  [1;32 289200 0.13586713833374 [0 
74 1 3 4 5 65 92 75 82 69 11 88 45 18 12 16 17 96 82 20 34 43 21 48  [1;32 290400 0.14642073690692 [0 
28 1 3 4 5 64 92 75 82 69 11 88 45 18 12 16 17 100 82 63 34 43 96 48  [1;32 613200 0.18364806408693 [0 
28 1 3 4 5 64 92 75 82 69 11 88 73 18 12 16 17 100 82 63 34 43 96 48  [1;32 640800 0.40125972563394 [0 
seed 89
28 1 3 4 5 64 92 75 82 69 11 88 73 18 12 16 17 100 82 63 34 43 96 48 
100 99 
best 0.40125972563394
 [0 
