1 2 3 61 5 6 61 8 9 18 11 12 13 14 15 16 17 18 19 63 21 22 23 9 [1;32m3600 0.0031549627881058[0m
1 2 3 61 5 4 100 8 9 18 11 12 13 14 28 16 17 18 19 63 21 22 23 9 [1;32m45600 0.42315146283636[0m
1 2 3 61 5 4 100 8 9 18 11 12 13 14 28 16 17 1 19 63 21 22 23 9 [1;32m505200 0.67934459801186[0m
1 2 3 61 5 4 100 8 9 18 11 12 13 14 28 16 17 1 19 63 21 22 23 9 [1;32m506400 0.72877378468894[0m
1 67 3 61 5 4 100 8 9 18 11 12 13 14 28 16 17 1 19 63 21 66 23 9 [1;32m519600 0.77448046566571[0m
1 67 100 61 5 4 100 8 9 18 11 12 13 14 28 16 17 1 19 63 21 66 23 9 [1;32m661200 0.7959281327979[0m
1 67 100 61 5 4 100 8 55 18 11 12 13 14 28 16 17 1 50 63 21 66 23 9 [1;32m703200 0.83195099921827[0m
1 67 100 34 5 4 100 8 55 18 11 18 13 14 28 16 17 1 50 63 21 66 23 9 [1;32m1101600 0.86317080127529[0m
seed 52
1 67 100 34 5 4 100 8 55 18 11 18 13 14 28 16 17 1 50 63 21 66 23 9 
100 99 
best 0.86317080127529
[0m
