1 2 3 4 5 6 7 8 9 10 61 12 13 97 15 16 17 18 19 20 21 22 23 24 [1;32m22800 0.38891830873549[0m
1 2 56 67 5 6 59 8 9 10 61 12 13 97 15 27 17 18 19 20 21 22 23 72 [1;32m686400 0.39744938101743[0m
1 2 56 67 5 6 65 8 9 10 61 43 13 97 15 27 17 18 19 20 21 22 23 61 [1;32m696000 0.43491649744307[0m
1 2 56 67 5 6 65 8 9 10 61 43 13 97 15 27 17 100 19 20 21 22 23 61 [1;32m1009200 0.78469834872451[0m
1 2 56 67 5 6 65 8 9 10 61 43 13 97 15 27 17 100 19 20 21 22 23 61 [1;32m1010400 0.88463465212767[0m
1 2 56 67 5 6 65 28 9 10 61 65 13 97 15 27 17 100 19 20 21 22 23 61 [1;32m1012800 0.88598837345197[0m
1 2 56 67 5 6 65 28 60 15 61 65 13 97 15 27 17 100 19 20 21 22 23 61 [1;32m1040400 0.88911253589197[0m
1 27 56 67 5 6 65 28 60 15 61 65 13 97 15 27 17 100 19 29 21 22 23 61 [1;32m1182000 0.89042746184804[0m
1 27 56 14 5 33 65 28 60 15 61 9 13 97 15 27 31 100 19 29 21 22 23 61 [1;32m1359600 0.89168147308648[0m
seed 23
1 27 56 14 5 33 65 28 60 15 61 9 13 97 15 27 31 100 19 29 21 22 23 61 
100 99 
best 0.89168147308648
[0m
