1 2 3 4 5 6 7 8 9 10 11 12 13 14 15 16 17 18 19 20 21 22 23 24  [1;32 1200 0.2198587069921 [0 
1 2 3 4 5 53 25 8 9 10 11 12 13 14 15 16 17 18 19 46 21 22 23 24  [1;32 69600 0.49020946943958 [0 
1 2 3 4 5 53 25 8 9 10 11 12 13 14 15 16 17 18 19 46 21 22 23 24  [1;32 70800 0.4981106014961 [0 
1 2 3 4 5 93 25 8 9 10 11 12 13 14 15 16 100 71 19 46 21 22 23 24  [1;32 79200 0.52169181692101 [0 
1 2 3 4 5 93 25 8 9 10 11 12 13 14 15 16 100 76 19 46 21 22 23 24  [1;32 124800 0.52618602113722 [0 
1 2 3 4 5 93 25 8 9 10 79 18 13 14 15 16 100 76 19 46 21 22 23 24  [1;32 279600 0.52847822931249 [0 
1 2 52 4 5 93 25 8 9 10 79 18 13 14 15 16 100 76 23 46 21 22 23 24  [1;32 349200 0.55880433049253 [0 
19 2 52 4 5 93 25 8 9 10 79 18 13 14 15 16 100 76 23 46 21 22 23 24  [1;32 351600 0.5915284763312 [0 
19 2 52 64 5 93 25 8 9 10 55 74 13 14 15 16 100 83 23 46 21 22 23 24  [1;32 354000 0.62325297188714 [0 
19 2 52 64 5 28 25 8 9 10 55 85 13 14 56 93 100 83 23 46 21 22 23 24  [1;32 356400 0.67196927095918 [0 
19 2 52 64 5 65 25 8 9 10 55 85 13 39 56 93 100 83 23 46 21 22 8 24  [1;32 536400 0.70977366432861 [0 
19 2 52 74 5 40 25 8 9 10 34 85 13 39 56 93 100 6 23 46 21 22 8 24  [1;32 576000 0.71734953498623 [0 
19 2 52 74 5 22 25 8 9 10 34 85 13 97 96 93 100 6 23 4 21 22 8 64  [1;32 702000 0.73305146935236 [0 
19 2 52 74 5 22 25 8 9 10 34 85 13 97 72 93 100 6 23 4 21 98 87 64  [1;32 1036800 0.82904840820413 [0 
19 2 52 74 5 22 25 8 9 10 34 85 13 97 72 93 100 6 23 4 21 98 87 64  [1;32 1038000 0.87519180906314 [0 
19 2 52 74 5 22 25 8 9 10 34 85 13 97 72 93 100 6 23 4 21 98 87 64  [1;32 1039200 0.8773003782694 [0 
seed 85
19 2 52 74 5 22 25 8 9 10 34 85 13 97 72 93 100 6 23 4 21 98 87 64 
100 99 
best 0.8773003782694
 [0 
