32 2 3 4 16 6 27 8 9 10 11 12 13 14 15 16 17 18 19 20 21 22 23 24  [1;32 3600 0.00082596375702049 [0 
32 2 26 4 16 6 27 8 9 10 11 12 13 8 15 16 17 18 19 20 21 67 22 24  [1;32 8400 0.087420606656634 [0 
32 2 26 4 16 6 27 8 9 10 11 12 13 8 15 16 17 18 19 20 21 67 22 24  [1;32 9600 0.099580098727853 [0 
32 2 26 4 16 88 92 8 9 10 65 12 13 8 15 16 17 18 19 17 21 67 22 24  [1;32 15600 0.15058112925873 [0 
32 2 26 4 16 88 92 8 9 10 65 12 13 8 15 16 17 18 19 17 21 67 22 24  [1;32 16800 0.151933331737 [0 
32 2 26 4 16 88 92 8 9 10 65 12 31 8 15 16 17 18 19 17 60 67 22 24  [1;32 19200 0.42355282640457 [0 
32 2 26 4 16 88 92 8 9 10 65 12 31 8 15 16 17 18 19 17 60 67 22 24  [1;32 20400 0.42519201936706 [0 
32 2 26 4 16 88 92 8 9 94 65 12 31 8 15 16 91 18 19 17 60 67 22 99  [1;32 32400 0.6438180937303 [0 
32 2 26 4 16 88 92 8 9 94 65 12 31 8 15 16 91 18 19 17 60 67 22 99  [1;32 33600 0.71421945182644 [0 
32 2 26 4 16 88 92 8 9 56 65 12 91 8 15 16 91 18 19 17 1 67 22 99  [1;32 36000 0.75435888878815 [0 
32 2 26 4 16 88 92 1 9 38 65 52 91 8 15 16 91 66 19 17 1 67 22 74  [1;32 91200 0.80941566058274 [0 
32 2 26 4 16 88 92 1 7 90 65 52 91 59 15 16 91 66 19 17 60 67 22 74  [1;32 255600 0.83532976734725 [0 
32 26 29 4 16 88 92 1 7 90 65 52 91 59 15 16 29 66 19 17 60 85 92 74  [1;32 675600 0.85477772816375 [0 
seed 75
32 26 29 4 16 88 92 1 7 90 65 52 91 59 15 16 29 66 19 17 60 85 92 74 
100 99 
best 0.85477772816375
 [0 
