54 2 3 4 5 6 7 8 9 10 11 12 13 14 68 16 17 18 86 20 30 22 90 24 [1;32m21600 0.011292011708512[0m
54 18 3 4 5 6 7 8 9 10 11 12 13 14 68 16 17 92 86 20 26 22 90 24 [1;32m33600 0.019611064787619[0m
54 18 3 4 5 6 7 8 30 10 11 12 14 14 68 16 17 92 86 20 26 22 90 24 [1;32m58800 0.027536991648169[0m
54 18 12 97 5 6 94 8 30 10 11 12 42 14 70 16 17 92 86 20 26 22 90 24 [1;32m230400 0.44277300015139[0m
54 18 12 97 5 6 94 63 30 10 11 12 42 14 70 16 17 92 86 20 26 38 90 24 [1;32m234000 0.44638937129617[0m
54 18 12 97 5 14 94 63 30 10 11 12 42 14 70 16 17 92 86 20 26 38 90 24 [1;32m453600 0.52544956224353[0m
54 18 12 97 5 14 94 92 30 10 11 12 42 14 70 16 17 92 86 20 49 38 90 24 [1;32m745200 0.54436336036192[0m
54 18 12 97 5 14 94 92 30 41 98 12 42 14 70 16 22 92 86 20 49 38 90 24 [1;32m972000 0.83091577131407[0m
54 18 12 97 5 14 94 92 30 41 98 12 42 14 70 16 44 92 86 20 49 38 90 24 [1;32m1418400 0.85141747169641[0m
10 18 12 63 5 14 94 92 30 41 98 12 42 14 70 16 44 93 86 20 24 38 90 76 [1;32m1434000 0.87560533341457[0m
seed 78
10 18 12 63 5 14 94 92 30 41 98 12 42 14 70 16 44 93 86 20 24 38 90 76 
100 99 
best 0.87560533341457
[0m
