1 2 3 4 5 6 7 8 9 10 11 12 13 14 15 16 17 18 19 20 21 22 23 24  [1;32 1200 0.00082539931038637 [0 
1 2 3 4 70 18 7 8 9 10 11 12 13 14 15 16 17 18 19 20 94 22 59 24  [1;32 44400 0.0019562688803374 [0 
1 29 3 4 70 18 7 8 9 10 11 12 13 14 5 16 17 18 19 20 35 13 59 24  [1;32 48000 0.0020047200101618 [0 
1 29 3 4 70 18 7 23 9 93 11 12 13 14 5 16 17 44 19 80 1 13 59 24  [1;32 52800 0.0022570136230781 [0 
1 29 3 4 70 18 7 23 9 12 41 86 13 14 5 16 17 44 19 80 1 13 59 24  [1;32 66000 0.0024093883610539 [0 
1 29 3 4 70 18 7 42 9 12 41 86 13 14 5 16 69 44 19 80 1 13 59 24  [1;32 264000 0.057452699656129 [0 
96 29 3 4 70 18 7 42 38 12 41 86 34 14 5 36 69 44 19 93 1 13 59 24  [1;32 270000 0.18648626490615 [0 
96 29 3 4 70 18 7 42 38 12 41 86 34 14 5 36 69 44 19 93 1 13 59 24  [1;32 271200 0.78166002955317 [0 
96 29 3 4 70 18 36 42 38 12 41 86 65 14 5 36 69 44 19 93 1 13 59 24  [1;32 280800 0.86937921834064 [0 
12 29 3 4 70 18 19 42 38 76 94 86 65 14 5 36 69 44 32 93 1 13 59 24  [1;32 285600 0.90537720051168 [0 
seed 54
12 29 3 4 70 18 19 42 38 76 94 86 65 14 5 36 69 44 32 93 1 13 59 24 
100 99 
best 0.90537720051168
 [0 
