1 2 3 4 5 6 7 8 9 10 11 12 13 14 15 16 17 18 19 20 21 22 23 24 [1;32m1200 0.073608185721444[0m
1 2 3 4 5 6 7 8 9 93 84 24 13 14 15 16 17 18 19 73 21 22 61 24 [1;32m14400 0.14873588583735[0m
1 2 3 4 5 6 7 8 9 93 84 24 13 14 15 16 17 18 19 73 21 22 61 24 [1;32m15600 0.20725705383847[0m
1 2 3 4 5 6 7 8 9 93 84 24 13 14 15 16 17 18 19 73 21 22 61 24 [1;32m16800 0.20979680920361[0m
1 2 3 4 5 6 7 8 9 83 84 24 13 14 15 16 17 18 19 73 21 22 48 24 [1;32m28800 0.30517524297096[0m
1 2 3 4 5 6 7 8 9 83 84 24 13 14 15 16 17 18 19 73 21 22 48 24 [1;32m30000 0.46663704819409[0m
67 2 95 4 5 49 7 8 9 70 84 24 13 14 15 16 78 18 19 73 21 22 48 24 [1;32m32400 0.4722737650951[0m
67 2 95 4 5 49 7 8 9 70 84 24 13 14 15 16 78 18 19 73 21 22 48 24 [1;32m33600 0.47887455991708[0m
67 2 95 4 5 49 7 8 9 70 84 24 13 14 15 16 78 18 19 73 21 22 48 24 [1;32m34800 0.48055141929484[0m
67 2 95 4 5 49 7 8 9 70 84 24 13 14 15 16 78 18 19 73 21 22 48 24 [1;32m36000 0.4805601020674[0m
67 2 95 4 5 49 7 8 9 70 84 24 13 14 13 16 78 13 19 16 21 22 48 24 [1;32m39600 0.53434001619347[0m
67 2 57 4 5 49 7 52 9 70 84 24 13 14 13 81 35 13 19 16 43 22 48 24 [1;32m55200 0.53503202428584[0m
67 2 57 23 5 49 7 37 99 70 84 24 13 14 13 81 35 13 19 16 24 22 48 24 [1;32m92400 0.55831256150277[0m
67 2 57 23 5 46 7 37 99 70 84 24 13 14 13 81 35 13 19 16 24 22 48 24 [1;32m139200 0.56761112692018[0m
67 2 57 23 5 46 57 37 99 70 84 24 13 14 13 81 35 13 48 16 24 22 48 24 [1;32m145200 0.57898519819676[0m
67 2 57 23 5 46 31 37 99 70 84 24 13 65 13 9 35 13 55 16 24 22 48 24 [1;32m147600 0.58712209312142[0m
67 2 57 23 5 46 31 37 99 70 84 24 13 65 13 9 35 13 55 16 66 22 48 24 [1;32m163200 0.81783397241718[0m
67 2 57 21 5 46 31 37 99 70 84 24 13 12 13 9 35 13 55 16 66 22 48 24 [1;32m1202400 0.8188590203183[0m
67 2 57 21 5 46 31 37 99 70 84 24 13 12 13 9 35 13 55 16 66 22 48 24 [1;32m1203600 0.8199634234458[0m
67 2 57 21 5 46 31 37 99 70 84 24 13 12 13 9 35 13 55 16 66 22 48 24 [1;32m1204800 0.8303408719822[0m
67 2 57 21 5 46 65 37 99 70 84 24 13 12 13 9 35 13 55 16 86 22 48 24 [1;32m1310400 0.845937451382[0m
67 2 57 21 5 46 65 37 57 70 84 24 13 12 13 9 35 13 55 16 86 22 48 24 [1;32m1411200 0.85373423956572[0m
seed 38
67 2 57 21 5 46 65 37 57 70 84 24 13 12 13 9 35 13 55 16 86 22 48 24 
100 99 
best 0.85373423956572
[0m
