1 2 3 4 5 6 7 8 9 10 11 12 13 14 15 16 17 18 19 20 21 22 23 24  [1;32 1200 0.21947743912155 [0 
51 2 3 4 5 6 7 8 9 10 75 12 13 65 15 16 17 18 19 20 21 22 23 24  [1;32 81600 0.23525339785427 [0 
26 2 3 4 5 6 7 8 9 10 75 12 13 65 15 16 17 18 19 20 21 22 23 24  [1;32 136800 0.26522164261521 [0 
26 2 79 4 5 58 7 8 9 92 24 12 13 65 15 16 17 18 19 90 21 22 23 24  [1;32 147600 0.26769701027789 [0 
26 2 79 51 5 58 7 27 9 41 24 12 13 81 15 16 17 18 19 69 21 9 23 24  [1;32 204000 0.28030095549573 [0 
26 2 79 51 5 31 7 27 9 41 24 12 13 37 70 28 88 18 19 69 30 9 23 24  [1;32 250800 0.32853615620464 [0 
26 84 79 51 5 31 7 27 9 41 24 12 13 19 70 28 88 35 19 69 30 9 23 24  [1;32 264000 0.42446492344436 [0 
26 84 79 51 5 31 7 27 9 41 24 12 13 19 70 28 88 35 19 69 30 52 23 70  [1;32 273600 0.43341261126091 [0 
26 84 79 51 5 2 7 27 9 41 24 12 13 19 70 28 88 35 19 69 30 52 23 70  [1;32 286800 0.43342181446973 [0 
26 84 79 51 5 2 7 27 9 41 24 12 13 19 20 28 88 35 19 69 30 52 23 70  [1;32 302400 0.43390790259798 [0 
26 84 79 48 5 2 49 98 9 41 24 12 13 58 20 28 88 35 90 69 30 52 23 70  [1;32 734400 0.84104271194222 [0 
seed 91
26 84 79 48 5 2 49 98 9 41 24 12 13 58 20 28 88 35 90 69 30 52 23 70 
100 99 
best 0.84104271194222
 [0 
