1 2 3 4 5 6 7 8 9 10 11 12 13 14 15 16 17 18 19 20 21 22 23 24 [1;32m1200 0.00082539931038637[0m
1 2 3 83 5 6 7 8 9 10 83 12 13 14 15 16 17 18 19 20 66 39 23 24 [1;32m10800 0.023350523883839[0m
1 26 3 83 5 6 7 8 9 10 83 12 13 14 87 53 17 18 19 20 66 39 23 24 [1;32m36000 0.051734012003958[0m
1 26 3 83 5 6 7 8 9 10 78 12 13 70 87 53 17 18 19 20 66 39 31 24 [1;32m84000 0.58620253484913[0m
1 4 3 83 5 6 7 8 9 10 78 12 13 70 87 53 17 18 19 20 66 39 31 24 [1;32m86400 0.61927658156999[0m
1 4 3 83 95 37 44 8 9 49 78 12 13 70 87 53 17 18 19 20 66 39 31 24 [1;32m487200 0.79791442699412[0m
1 4 3 83 95 37 44 8 9 49 78 15 13 70 87 53 17 18 19 20 66 39 31 24 [1;32m618000 0.84062770654057[0m
1 67 3 83 95 37 18 8 9 55 78 15 13 70 87 53 17 18 83 20 66 11 31 24 [1;32m621600 0.85433695747352[0m
1 67 3 83 23 37 18 8 9 28 78 15 13 70 87 53 17 42 83 20 66 11 31 24 [1;32m1270800 0.85903206279634[0m
1 67 3 83 23 37 18 8 9 28 78 15 13 70 87 53 17 42 83 20 66 11 31 24 [1;32m1272000 0.8643384775934[0m
1 67 3 83 23 37 18 8 9 28 78 15 13 70 87 53 17 42 83 20 66 11 31 24 [1;32m1273200 0.86851943499662[0m
seed 19
1 67 3 83 23 37 18 8 9 28 78 15 13 70 87 53 17 42 83 20 66 11 31 24 
100 99 
best 0.86851943499662
[0m
