1 2 3 4 100 6 7 8 9 10 11 12 54 14 15 16 17 86 19 20 21 22 27 24 [1;32m12000 0.002078110660479[0m
1 2 3 4 100 6 7 8 9 10 11 12 54 14 15 16 17 86 19 20 21 22 27 24 [1;32m13200 0.0021545331629016[0m
1 2 3 4 100 6 93 8 32 10 11 12 54 2 15 16 17 86 19 20 21 57 27 24 [1;32m16800 0.033740374632036[0m
1 2 3 4 100 6 93 8 32 10 11 12 54 2 15 16 17 86 19 20 21 57 27 24 [1;32m18000 0.037798643201532[0m
1 2 34 4 100 6 93 8 32 10 11 12 54 2 15 16 17 57 19 20 21 57 27 24 [1;32m21600 0.05366667173609[0m
1 2 34 4 100 6 93 8 32 10 11 12 54 2 15 16 17 57 19 20 21 57 27 24 [1;32m22800 0.059447600338856[0m
1 2 34 4 100 6 93 8 32 10 11 12 54 93 15 16 17 57 19 20 21 57 7 24 [1;32m25200 0.073487680132387[0m
1 2 34 4 100 6 93 8 32 10 11 12 54 93 1 16 17 57 19 20 21 76 7 24 [1;32m30000 0.077091998695014[0m
1 2 34 4 100 6 93 84 32 10 11 12 54 93 1 16 17 57 42 20 21 76 7 24 [1;32m42000 0.077611151441887[0m
1 2 75 4 100 6 93 84 32 10 11 12 54 93 1 16 17 57 42 20 21 76 7 24 [1;32m75600 0.093120529284723[0m
1 2 75 4 62 6 42 1 32 10 11 12 54 93 1 16 86 57 42 20 21 76 7 24 [1;32m99600 0.18211905966743[0m
1 2 75 4 62 6 42 1 32 47 11 12 54 93 1 16 86 57 42 20 21 76 7 24 [1;32m111600 0.36186307220792[0m
1 2 75 4 62 6 42 1 32 47 11 12 54 93 1 16 86 57 42 20 21 76 7 24 [1;32m112800 0.39267326208486[0m
1 2 75 4 62 6 42 1 32 47 11 12 54 93 1 16 86 57 42 20 21 76 7 24 [1;32m114000 0.40181023626825[0m
1 2 75 4 62 6 42 41 32 47 11 12 54 93 1 16 86 57 42 20 21 76 7 24 [1;32m130800 0.43422399441096[0m
1 2 30 4 62 6 42 41 32 47 11 12 54 93 1 16 86 57 42 20 89 76 7 76 [1;32m187200 0.49787669832658[0m
1 2 30 4 62 6 42 41 32 47 11 12 54 93 1 16 86 57 42 20 89 76 7 76 [1;32m188400 0.50119353380582[0m
1 2 30 4 62 6 42 36 32 47 11 12 54 93 1 16 86 57 81 20 89 76 7 76 [1;32m206400 0.50202258875153[0m
1 2 30 4 84 6 42 36 32 47 11 12 54 93 1 16 86 57 81 20 89 76 7 76 [1;32m339600 0.50286914988266[0m
14 2 66 4 84 6 24 36 32 47 92 12 54 93 24 16 86 57 81 20 89 76 7 76 [1;32m921600 0.5164311772281[0m
14 2 66 4 84 6 24 36 32 47 92 12 54 93 24 16 86 57 81 20 89 76 7 76 [1;32m922800 0.54561918133437[0m
14 2 66 4 81 6 24 36 32 47 92 12 54 93 24 16 86 57 81 20 89 76 7 76 [1;32m955200 0.56158558982096[0m
14 2 66 4 81 29 24 36 32 47 92 12 54 93 24 16 86 57 81 20 89 59 7 76 [1;32m961200 0.57556119098959[0m
14 2 66 4 81 29 24 36 32 47 92 12 26 93 24 16 86 57 81 20 89 59 7 76 [1;32m982800 0.59034089704736[0m
14 2 66 4 81 29 24 36 32 47 92 12 26 93 24 16 86 57 81 20 89 59 7 76 [1;32m984000 0.59447913933529[0m
99 2 66 4 81 29 24 36 32 47 92 12 26 93 24 16 86 57 81 20 89 59 7 76 [1;32m1120800 0.61337989303559[0m
99 2 66 4 90 29 24 36 32 47 92 12 26 93 24 16 86 57 81 20 89 59 7 76 [1;32m1152000 0.62561726903115[0m
seed 81
99 2 66 4 90 29 24 36 32 47 92 12 26 93 24 16 86 57 81 20 89 59 7 76 
100 99 
best 0.62561726903115
[0m
