1 2 3 4 5 6 7 8 9 10 11 12 13 14 15 16 17 18 19 20 21 22 23 24  [1;32 1200 0.0024766073936251 [0 
1 2 3 4 5 6 7 8 9 13 11 12 13 14 79 16 17 84 19 20 21 22 32 24  [1;32 20400 0.47691060113618 [0 
1 2 25 4 5 86 7 8 9 13 11 12 13 14 79 16 17 84 19 20 21 22 32 24  [1;32 50400 0.63344723180151 [0 
1 2 25 84 5 86 7 8 9 83 11 12 13 39 79 16 17 84 19 20 21 22 32 24  [1;32 55200 0.64832843471138 [0 
1 2 25 84 5 86 7 8 9 83 11 12 13 39 79 16 17 84 19 20 21 22 32 24  [1;32 56400 0.80375422278435 [0 
1 2 25 84 5 86 7 8 9 83 11 12 13 39 79 16 17 84 19 20 21 22 32 24  [1;32 57600 0.80458888302831 [0 
1 2 25 84 5 86 7 8 9 83 11 12 13 39 79 16 17 84 19 20 21 22 32 24  [1;32 58800 0.80505547868862 [0 
1 2 25 84 5 86 7 8 9 83 11 12 13 39 79 16 17 84 19 20 21 22 32 24  [1;32 60000 0.84084285554925 [0 
1 2 25 84 5 86 7 55 9 27 11 12 13 39 79 16 17 84 19 20 21 22 32 24  [1;32 126000 0.86042007276739 [0 
1 2 82 84 5 86 7 55 9 27 11 12 13 39 79 16 17 28 19 20 21 22 32 24  [1;32 130800 0.86545319306801 [0 
61 2 82 84 5 86 7 55 9 27 11 12 13 39 79 16 17 3 19 20 21 22 32 21  [1;32 644400 0.8685877674649 [0 
seed 31
61 2 82 84 5 86 7 55 9 27 11 12 13 39 79 16 17 3 19 20 21 22 32 21 
100 99 
best 0.8685877674649
 [0 
