1 2 3 4 5 6 7 8 9 10 11 12 13 14 15 16 17 18 19 20 21 22 23 24 [1;32m1200 0.0033029252994696[0m
1 2 3 67 5 6 7 8 9 10 11 12 13 14 15 16 17 99 19 20 21 22 23 24 [1;32m3600 0.036389843336395[0m
1 2 3 67 5 85 7 8 9 10 11 87 13 14 15 16 17 71 19 20 21 22 23 24 [1;32m33600 0.090098497978269[0m
1 2 3 67 5 85 7 8 9 10 11 87 13 14 15 16 17 71 19 20 21 22 23 24 [1;32m34800 0.1270884611506[0m
1 2 3 67 14 29 7 8 9 10 7 1 13 14 15 16 17 71 19 20 21 22 23 24 [1;32m38400 0.16261176941239[0m
1 2 66 67 14 29 7 8 9 10 7 1 13 14 15 16 17 71 19 20 21 22 23 24 [1;32m74400 0.28072529959454[0m
1 2 66 67 14 29 7 8 9 10 7 1 13 14 15 16 17 71 19 20 21 22 23 24 [1;32m75600 0.2831936928082[0m
1 2 66 67 14 29 7 8 9 10 7 1 13 14 15 16 17 71 19 20 21 22 23 24 [1;32m76800 0.28320451894296[0m
6 2 66 67 14 29 7 8 9 23 7 1 66 14 15 16 39 71 19 20 3 22 23 24 [1;32m85200 0.32136804228431[0m
6 2 16 53 14 2 7 8 9 23 7 1 66 14 15 16 39 71 19 20 3 37 6 24 [1;32m290400 0.32301970032732[0m
6 2 16 53 14 2 7 8 9 23 7 1 66 14 15 16 39 71 19 20 3 37 6 24 [1;32m291600 0.33025715096072[0m
6 2 16 53 14 2 7 8 9 23 7 1 66 14 15 16 39 71 19 20 3 37 6 24 [1;32m292800 0.33028651994105[0m
6 2 16 53 14 2 7 8 9 23 7 1 66 14 15 16 39 17 19 20 3 37 44 37 [1;32m330000 0.38012622647109[0m
6 2 16 92 14 2 7 8 9 23 7 1 11 14 15 16 30 17 19 20 3 41 44 37 [1;32m567600 0.43108851892482[0m
6 2 16 92 14 3 7 8 9 23 7 1 11 14 15 16 30 17 19 52 3 41 44 37 [1;32m654000 0.54594453358453[0m
6 2 16 12 14 3 7 8 31 23 33 1 11 14 15 16 30 17 19 52 3 13 44 37 [1;32m708000 0.60056472885328[0m
6 2 16 12 14 3 7 8 31 23 33 1 11 14 15 16 30 17 19 52 3 13 44 37 [1;32m709200 0.61751961448166[0m
6 2 79 83 14 3 7 8 31 23 33 1 11 14 15 39 30 17 19 52 3 13 44 37 [1;32m724800 0.65113653355655[0m
6 2 79 83 14 3 7 8 31 23 33 1 11 8 15 39 30 17 19 52 3 13 44 37 [1;32m811200 0.67033341926993[0m
6 2 79 83 14 3 7 8 31 100 33 1 11 45 15 39 30 17 19 52 3 13 44 37 [1;32m823200 0.77213224323858[0m
6 2 79 83 14 3 7 8 31 100 33 1 11 45 15 39 30 17 19 52 3 13 44 37 [1;32m824400 0.78884308170802[0m
6 2 49 83 14 3 7 8 68 100 33 1 11 79 15 39 30 17 15 52 3 24 44 37 [1;32m938400 0.85826826034108[0m
seed 35
6 2 49 83 14 3 7 8 68 100 33 1 11 79 15 39 30 17 15 52 3 24 44 37 
100 99 
best 0.85826826034108
[0m
