1 2 3 4 5 6 7 8 9 10 11 12 13 14 15 16 17 18 19 20 21 22 23 24  [1;32 1200 0.00082539931038637 [0 
1 2 3 4 5 6 64 8 9 10 11 12 53 14 15 16 42 18 19 27 21 22 23 24  [1;32 6000 0.089578092125305 [0 
1 2 3 4 66 6 64 8 9 85 11 12 53 14 15 64 42 18 19 27 21 22 23 24  [1;32 31200 0.2006519036414 [0 
1 2 3 4 66 6 64 8 9 85 11 12 53 14 15 64 42 18 19 27 21 27 23 24  [1;32 56400 0.34058794345756 [0 
1 2 3 4 66 6 64 8 9 85 11 12 53 14 15 64 42 18 19 27 21 27 23 24  [1;32 57600 0.39867522126505 [0 
1 2 3 4 66 6 64 8 9 85 11 12 53 14 15 64 42 18 19 27 21 27 23 24  [1;32 58800 0.44422566277497 [0 
1 2 3 4 66 6 64 8 9 85 11 12 53 14 15 64 38 49 19 27 21 27 85 24  [1;32 63600 0.45914880896028 [0 
1 2 3 4 66 6 64 8 9 85 11 12 53 14 15 64 38 49 19 27 21 27 85 24  [1;32 64800 0.46733613921775 [0 
1 2 3 4 66 6 64 8 9 85 11 12 53 14 15 64 38 49 19 27 21 27 85 24  [1;32 66000 0.46767329833301 [0 
1 2 3 4 66 6 64 8 9 85 11 12 53 14 15 64 38 49 19 27 21 27 85 24  [1;32 67200 0.4795232518536 [0 
1 2 3 4 66 6 64 8 43 85 11 12 53 14 15 64 38 49 19 27 21 27 85 24  [1;32 102000 0.49537872935884 [0 
1 2 3 4 66 6 64 8 43 85 11 12 53 14 15 64 38 49 19 27 21 27 85 24  [1;32 103200 0.49538833640373 [0 
1 2 3 4 66 6 64 8 43 85 11 12 53 14 15 64 38 49 19 27 21 27 85 24  [1;32 104400 0.49539998270088 [0 
15 2 81 4 66 6 64 8 43 85 11 12 53 14 15 64 14 49 19 20 21 60 85 24  [1;32 112800 0.64464457418588 [0 
15 2 81 9 66 6 64 8 43 85 11 12 53 14 15 64 14 49 19 20 21 60 85 24  [1;32 116400 0.71513933487515 [0 
28 2 81 9 66 6 82 8 43 85 11 12 4 14 15 64 99 49 19 20 21 89 85 24  [1;32 190800 0.73155263858243 [0 
28 2 81 9 66 6 82 8 43 85 11 12 4 14 15 64 99 49 19 20 21 89 85 24  [1;32 192000 0.82495330291779 [0 
28 2 81 9 66 6 82 8 43 85 11 12 4 14 15 64 99 49 19 20 21 89 85 24  [1;32 193200 0.82556801100764 [0 
28 75 81 9 66 6 82 8 43 85 11 12 4 14 15 64 99 49 19 20 21 89 85 24  [1;32 231600 0.84025222298051 [0 
28 73 41 9 66 6 82 8 43 75 11 12 4 14 15 64 99 49 19 20 21 89 85 24  [1;32 256800 0.84495338064742 [0 
28 73 41 9 66 6 82 8 43 75 11 12 4 14 15 64 99 49 19 20 21 89 85 24  [1;32 258000 0.87453586532895 [0 
28 73 41 9 66 6 82 8 43 75 11 12 4 14 15 64 99 49 19 20 21 89 85 24  [1;32 259200 0.87898950638903 [0 
28 33 41 11 17 6 82 66 43 75 11 12 4 14 42 64 99 49 19 20 21 89 85 24  [1;32 343200 0.89235105646637 [0 
28 33 41 11 17 6 82 66 43 26 11 12 4 14 42 64 99 49 19 20 21 89 85 24  [1;32 1236000 0.89627275208479 [0 
seed 99
28 33 41 11 17 6 82 66 43 26 11 12 4 14 42 64 99 49 19 20 21 89 85 24 
100 99 
best 0.89627275208479
 [0 
