1 2 3 4 5 6 7 8 9 10 11 12 13 14 15 93 17 18 19 20 21 22 23 24 [1;32m12000 0.0059911173124825[0m
1 2 3 4 5 6 7 8 9 10 11 83 13 14 15 93 17 18 19 20 21 22 23 24 [1;32m18000 0.031781986091647[0m
1 2 3 9 5 6 7 8 74 10 11 83 13 14 15 93 17 18 19 20 21 22 28 24 [1;32m43200 0.042509742272022[0m
1 2 3 9 5 6 7 8 74 10 11 83 13 14 15 93 17 53 19 20 21 22 47 24 [1;32m104400 0.19970676495264[0m
1 2 3 9 5 6 7 8 74 10 11 83 13 14 15 93 17 53 42 20 21 22 47 24 [1;32m152400 0.38727729566422[0m
1 63 3 35 40 6 7 8 74 10 11 83 13 14 15 93 41 53 42 20 21 22 47 24 [1;32m156000 0.40459780114795[0m
1 63 3 35 40 6 7 8 74 10 11 83 13 14 15 93 41 53 42 20 21 22 47 24 [1;32m157200 0.46994516896595[0m
1 63 3 35 40 6 7 8 74 10 11 83 13 14 15 93 41 53 42 20 21 22 47 24 [1;32m158400 0.47011191724962[0m
1 63 3 35 40 6 7 8 74 10 11 83 13 14 15 93 41 53 42 20 21 22 47 24 [1;32m159600 0.47378835015693[0m
1 63 95 35 40 6 7 8 74 10 11 83 13 14 15 93 41 53 24 20 21 22 47 24 [1;32m168000 0.49538228919083[0m
1 63 95 35 40 6 7 8 74 10 11 83 13 14 15 93 41 53 24 20 21 22 47 24 [1;32m169200 0.49539455869798[0m
1 63 95 35 40 6 7 8 74 10 11 83 13 14 15 93 41 53 24 20 21 22 47 24 [1;32m170400 0.4953961035625[0m
1 63 95 35 40 6 7 8 74 10 11 83 13 14 15 93 41 53 24 20 21 22 47 24 [1;32m171600 0.49540720919093[0m
1 63 95 35 40 6 7 8 74 10 11 83 13 14 15 93 41 53 24 20 21 22 47 24 [1;32m172800 0.49541537676877[0m
1 63 95 35 40 6 7 99 74 25 11 83 13 14 15 93 41 53 29 20 21 22 52 24 [1;32m177600 0.64254727152598[0m
1 63 95 35 26 6 7 99 74 25 11 83 13 14 15 93 41 53 29 20 21 22 52 24 [1;32m194400 0.8157646275407[0m
1 63 95 35 26 6 7 99 74 25 11 83 13 14 15 93 41 53 29 20 21 22 52 24 [1;32m195600 0.83752772047147[0m
1 63 95 35 26 6 7 99 74 25 11 83 13 14 15 93 41 53 29 20 21 22 52 24 [1;32m196800 0.8387755783911[0m
1 63 95 99 26 6 7 99 74 25 11 83 13 14 15 93 41 53 29 20 21 22 52 24 [1;32m248400 0.84190939763022[0m
1 63 95 99 26 6 7 99 74 25 11 83 13 14 15 93 41 53 29 20 21 22 34 24 [1;32m277200 0.88251353990698[0m
1 63 95 99 26 6 55 99 74 25 11 20 31 14 20 93 41 53 29 20 21 22 34 10 [1;32m979200 0.89165993292553[0m
seed 59
1 63 95 99 26 6 55 99 74 25 11 20 31 14 20 93 41 53 29 20 21 22 34 10 
100 99 
best 0.89165993292553
[0m
