1 2 3 4 5 6 7 8 9 10 11 12 13 14 15 16 17 18 19 20 21 22 23 24  [1;32 1200 0.00082539931038637 [0 
1 2 97 4 5 6 7 48 9 10 11 12 13 68 15 16 17 18 19 69 25 22 23 80  [1;32 96000 0.011116917629004 [0 
1 2 97 4 5 6 7 48 9 10 59 3 13 68 11 49 17 18 19 69 25 53 23 80  [1;32 98400 0.2524815667189 [0 
1 2 100 34 5 6 7 48 9 32 59 61 13 68 91 49 17 18 19 69 25 53 23 80  [1;32 103200 0.28874486878066 [0 
1 2 100 34 5 6 7 48 9 32 59 61 13 68 91 49 17 18 19 69 25 41 23 80  [1;32 106800 0.39619115559386 [0 
1 2 78 34 5 6 7 48 9 32 59 61 2 68 13 49 43 18 19 69 25 41 23 80  [1;32 109200 0.64120435438316 [0 
1 2 78 34 5 6 7 48 9 32 59 61 2 68 11 49 43 18 19 69 25 41 23 2  [1;32 132000 0.67850958111596 [0 
1 2 78 34 5 6 7 48 9 32 59 61 2 68 11 49 43 18 16 47 25 41 23 85  [1;32 153600 0.7301756681946 [0 
1 2 78 34 5 6 7 48 9 32 59 61 2 68 11 49 43 18 16 47 25 41 23 85  [1;32 154800 0.86612540691806 [0 
1 2 78 34 5 6 7 48 9 32 59 61 2 68 11 49 43 18 16 47 25 41 23 85  [1;32 156000 0.87030437018701 [0 
1 2 78 34 5 6 7 48 4 32 59 61 2 68 11 49 43 18 55 47 25 41 12 85  [1;32 160800 0.87524027084191 [0 
1 2 78 34 5 6 27 48 4 32 59 61 2 68 11 49 43 18 55 47 25 41 12 85  [1;32 172800 0.87777353262657 [0 
1 2 78 34 5 6 27 48 4 32 59 61 2 68 11 49 43 18 55 47 25 41 17 85  [1;32 618000 0.88063701073874 [0 
1 2 37 34 48 6 27 36 4 32 59 61 2 68 11 49 43 18 15 47 25 41 17 85  [1;32 733200 0.88808820103876 [0 
1 2 37 34 48 6 27 12 4 32 59 61 2 68 11 50 43 78 15 47 25 41 17 85  [1;32 742800 0.90416267319906 [0 
1 2 37 34 48 6 27 32 4 32 59 61 2 68 11 98 43 78 70 47 25 41 17 85  [1;32 882000 0.90958952228633 [0 
1 2 74 34 48 6 27 32 4 32 59 61 2 68 11 98 43 78 70 47 83 41 17 85  [1;32 1045200 0.91114276159033 [0 
1 55 74 34 48 6 27 32 4 32 59 61 2 68 11 98 43 78 70 47 83 41 17 85  [1;32 1404000 0.91196386885809 [0 
seed 79
1 55 74 34 48 6 27 32 4 32 59 61 2 68 11 98 43 78 70 47 83 41 17 85 
100 99 
best 0.91196386885809
 [0 
