1 2 3 4 5 6 42 8 9 10 11 12 13 14 15 16 17 18 19 55 65 22 23 24 [1;32m2400 0.0033707444933385[0m
1 2 68 4 5 6 42 8 9 10 11 12 13 14 15 16 17 18 19 55 65 22 23 24 [1;32m7200 0.0098903371523692[0m
1 2 68 4 5 6 42 8 9 10 76 12 13 14 15 16 17 18 19 55 65 22 23 24 [1;32m25200 0.23021934349669[0m
1 2 68 4 5 6 42 15 9 10 76 65 13 14 15 16 13 18 19 55 65 22 23 24 [1;32m33600 0.2973111487775[0m
60 2 9 32 5 6 42 15 9 10 76 65 13 14 15 16 13 18 19 55 65 22 23 29 [1;32m42000 0.32239026220424[0m
60 2 9 32 5 6 42 15 9 10 76 65 13 14 15 16 13 18 19 55 65 22 23 29 [1;32m43200 0.40704530628953[0m
60 2 9 32 5 6 42 15 9 10 76 65 13 14 15 16 13 18 19 55 65 22 23 29 [1;32m44400 0.40789919280016[0m
60 2 9 32 5 6 42 15 9 10 76 65 13 14 15 16 13 18 19 55 65 22 23 29 [1;32m45600 0.40868734990166[0m
60 2 9 32 5 6 42 15 9 10 76 65 13 14 15 16 13 18 19 55 65 22 42 29 [1;32m48000 0.4086976180997[0m
60 2 33 32 5 6 42 15 9 33 76 65 13 14 15 16 13 18 19 55 65 22 42 29 [1;32m50400 0.4086989826462[0m
60 2 33 32 5 6 42 65 9 33 76 65 13 14 32 16 13 18 19 55 65 22 42 29 [1;32m54000 0.42627447912672[0m
60 2 33 32 5 6 42 65 7 33 76 65 13 14 32 16 13 18 19 55 65 22 94 60 [1;32m154800 0.43900510667422[0m
60 2 33 32 5 6 42 65 7 33 76 65 13 14 32 16 13 18 19 55 65 22 94 60 [1;32m156000 0.52414855595929[0m
73 84 33 32 5 6 42 65 7 33 76 65 13 14 32 16 13 18 19 55 65 22 94 60 [1;32m177600 0.55678477912252[0m
73 84 33 32 5 6 42 65 26 33 76 65 13 14 32 16 13 18 19 55 65 22 94 60 [1;32m278400 0.79242049601427[0m
73 84 33 32 5 6 42 65 26 33 76 65 59 14 32 16 13 18 19 55 65 22 94 60 [1;32m925200 0.80534167870377[0m
41 84 33 32 5 6 42 65 26 6 76 65 37 14 32 16 13 18 19 55 65 22 94 60 [1;32m993600 0.81473911296056[0m
41 32 33 32 5 6 42 65 26 6 76 65 37 14 32 16 13 18 19 55 65 22 94 60 [1;32m1026000 0.87625461594629[0m
seed 74
41 32 33 32 5 6 42 65 26 6 76 65 37 14 32 16 13 18 19 55 65 22 94 60 
100 99 
best 0.87625461594629
[0m
