1 2 3 4 5 6 7 8 9 10 11 12 13 14 15 16 17 18 19 20 21 22 23 24 [1;32m1200 0.00082539931038637[0m
1 2 3 4 5 68 7 8 3 10 11 12 13 14 15 77 41 94 19 20 39 22 23 24 [1;32m40800 0.018028017524699[0m
1 2 22 79 5 68 7 100 3 10 11 12 13 14 15 77 66 94 19 20 39 22 23 24 [1;32m94800 0.17521968183373[0m
1 2 22 79 5 68 7 100 3 10 11 12 13 14 15 77 66 94 19 20 39 22 23 24 [1;32m96000 0.30408274017284[0m
1 2 93 79 5 68 7 100 3 10 11 12 13 14 15 77 66 94 19 20 39 13 23 24 [1;32m147600 0.33801996351293[0m
1 2 93 8 5 68 7 100 3 10 46 12 13 14 15 77 66 94 19 20 39 13 23 24 [1;32m160800 0.71538965927691[0m
1 2 93 8 5 68 7 100 3 10 46 12 13 14 15 77 66 94 19 20 39 13 23 24 [1;32m162000 0.80052398398148[0m
1 2 93 8 5 68 7 100 3 10 46 12 13 14 15 77 66 94 19 20 39 13 23 24 [1;32m163200 0.80624340797832[0m
1 2 93 8 5 68 7 100 3 10 46 12 13 14 15 77 66 94 19 20 39 13 23 24 [1;32m164400 0.85756274000244[0m
1 2 93 11 41 83 7 100 3 10 46 12 13 14 15 77 66 94 19 20 39 13 23 24 [1;32m678000 0.87087279269203[0m
1 2 93 11 41 83 7 100 3 10 46 12 13 14 15 77 66 94 19 20 39 13 23 24 [1;32m679200 0.87945795636847[0m
1 2 93 11 41 83 7 100 3 10 46 12 13 65 15 77 66 94 19 20 39 13 23 24 [1;32m690000 0.88113218239771[0m
seed 98
1 2 93 11 41 83 7 100 3 10 46 12 13 65 15 77 66 94 19 20 39 13 23 24 
100 99 
best 0.88113218239771
[0m
