58 2 3 4 5 6 30 8 9 10 11 12 4 14 29 16 17 18 19 20 21 22 8 24  [1;32 75600 0.089849147549848 [0 
58 2 3 4 5 6 30 8 9 10 97 12 4 14 29 59 33 18 19 20 21 85 8 24  [1;32 82800 0.10941129340166 [0 
58 2 3 4 5 6 30 84 9 10 97 12 4 14 29 59 33 18 19 20 21 85 8 11  [1;32 85200 0.42411227718412 [0 
58 71 3 4 5 6 30 84 9 10 97 12 4 14 29 72 33 18 19 20 21 96 8 11  [1;32 90000 0.52021170605434 [0 
58 71 3 4 5 6 30 84 9 10 97 12 4 14 29 72 33 18 19 20 21 96 8 11  [1;32 91200 0.54603493799231 [0 
58 71 3 4 5 6 30 84 9 10 97 12 4 14 29 72 33 18 19 20 21 96 8 11  [1;32 92400 0.56111575585721 [0 
58 71 3 4 5 6 30 84 9 10 97 12 4 14 29 72 33 18 19 20 21 96 8 11  [1;32 93600 0.56228227080134 [0 
58 71 3 4 5 6 30 84 50 10 97 12 4 14 29 72 33 18 19 20 44 33 8 72  [1;32 103200 0.84510295218865 [0 
58 71 3 4 5 6 30 84 50 10 97 12 4 14 29 72 33 18 19 20 44 33 8 72  [1;32 104400 0.84529115797142 [0 
58 71 8 4 57 6 30 38 50 10 97 12 4 14 29 72 33 9 45 20 44 33 8 72  [1;32 111600 0.84674364918161 [0 
58 71 8 4 57 6 30 38 50 10 97 12 4 14 29 72 33 9 45 20 44 33 8 72  [1;32 112800 0.84851071908494 [0 
58 71 8 4 57 6 30 38 50 10 97 12 4 14 29 72 53 9 45 20 44 33 8 14  [1;32 243600 0.86542293371948 [0 
58 71 8 4 57 6 30 38 50 10 97 43 4 14 29 72 53 9 45 20 44 33 8 14  [1;32 1222800 0.87178495952893 [0 
seed 91
58 71 8 4 57 6 30 38 50 10 97 43 4 14 29 72 53 9 45 20 44 33 8 14 
100 99 
best 0.87178495952893
 [0 
