1 24 3 25 5 6 90 8 9 10 11 12 51 14 15 16 83 18 19 20 21 22 12 24  [1;32 7200 0.0020015866499686 [0 
47 24 3 25 5 6 90 45 9 10 11 12 51 14 58 16 83 18 19 20 21 22 9 66  [1;32 28800 0.017144254386182 [0 
88 24 67 24 72 6 90 45 9 82 11 12 51 14 58 16 83 18 19 20 21 22 9 66  [1;32 36000 0.070252154755642 [0 
88 24 67 24 72 6 69 45 9 82 11 12 51 98 58 49 83 77 38 20 21 13 9 66  [1;32 42000 0.14083902437452 [0 
88 24 67 24 72 6 69 45 9 82 11 12 51 98 58 49 83 77 38 20 21 13 9 66  [1;32 43200 0.15109125943207 [0 
48 24 67 24 72 35 69 45 9 82 36 12 51 98 58 49 83 77 38 20 21 13 9 66  [1;32 58800 0.23613544603596 [0 
48 24 67 24 72 35 69 45 9 82 36 12 51 98 58 49 83 77 38 20 21 13 9 66  [1;32 60000 0.31095772831568 [0 
48 24 67 24 72 35 69 45 9 82 36 12 51 98 58 49 83 77 38 20 21 13 9 66  [1;32 61200 0.3333282730575 [0 
48 24 67 24 72 35 69 45 9 82 36 12 51 98 58 49 83 77 38 20 21 13 9 66  [1;32 62400 0.33687802790584 [0 
48 24 67 24 72 63 69 11 9 82 36 12 51 98 58 49 83 77 38 20 21 13 9 66  [1;32 90000 0.34920976145083 [0 
48 24 67 24 72 63 69 11 9 82 36 12 51 98 96 49 83 77 38 20 21 13 9 66  [1;32 112800 0.45437659893307 [0 
48 24 67 24 72 63 69 11 9 82 36 12 51 98 96 49 83 77 38 20 21 13 65 66  [1;32 118800 0.46360446254739 [0 
48 24 67 24 72 63 69 11 9 82 36 12 51 98 96 49 83 77 38 20 21 13 65 66  [1;32 120000 0.4657610721193 [0 
48 24 67 24 72 63 69 11 9 82 36 12 51 98 96 49 83 77 38 20 21 13 65 66  [1;32 121200 0.50520122193772 [0 
48 24 67 24 72 63 69 11 9 82 65 12 51 98 96 49 83 77 38 20 21 13 65 66  [1;32 123600 0.53480272307073 [0 
48 24 67 24 72 63 70 11 9 82 65 82 51 98 96 3 83 77 38 20 21 13 65 97  [1;32 192000 0.86678563025216 [0 
48 24 67 24 72 63 70 11 9 82 65 82 12 98 96 3 83 77 13 20 21 13 65 97  [1;32 325200 0.8822131485422 [0 
48 24 67 24 72 63 70 11 9 82 65 82 12 98 96 3 83 77 13 61 21 13 65 97  [1;32 332400 0.89092539982723 [0 
48 24 67 24 72 63 29 11 9 82 4 82 12 98 96 3 83 77 13 61 21 13 65 97  [1;32 632400 0.89357246106348 [0 
seed 70
48 24 67 24 72 63 29 11 9 82 4 82 12 98 96 3 83 77 13 61 21 13 65 97 
100 99 
best 0.89357246106348
 [0 
