1 73 1 4 5 6 7 8 9 10 11 12 13 14 15 19 59 18 11 20 21 22 84 24  [1;32 18000 0.00082543458516797 [0 
38 73 1 4 5 6 7 8 13 10 11 12 13 14 15 19 59 35 93 20 21 22 84 24  [1;32 22800 0.21994893403023 [0 
38 73 1 4 5 45 7 66 13 10 11 12 8 59 15 19 59 35 93 20 21 22 84 96  [1;32 202800 0.43609341099227 [0 
38 73 1 4 5 45 7 66 13 10 11 12 8 59 15 19 59 89 93 20 21 22 84 96  [1;32 360000 0.67487463523059 [0 
38 73 1 4 5 45 7 66 13 10 11 12 8 59 15 19 59 89 93 20 21 22 84 96  [1;32 361200 0.78075882674796 [0 
38 73 1 4 70 45 7 66 13 10 11 30 8 59 15 19 52 89 93 20 21 22 84 51  [1;32 364800 0.82017909777291 [0 
38 73 1 4 70 45 7 66 13 50 11 30 8 65 15 29 52 89 93 20 21 22 84 51  [1;32 676800 0.83395382893508 [0 
38 73 1 4 70 45 7 66 13 32 11 30 8 65 15 29 52 51 93 20 21 22 84 25  [1;32 684000 0.86183949004649 [0 
33 73 1 4 70 45 7 94 13 32 11 30 8 65 12 29 28 51 93 20 21 22 84 25  [1;32 859200 0.86635359177648 [0 
seed 26
33 73 1 4 70 45 7 94 13 32 11 30 8 65 12 29 28 51 93 20 21 22 84 25 
100 99 
best 0.86635359177648
 [0 
