1 2 3 4 62 6 42 1 9 10 11 12 13 14 15 16 86 18 19 20 21 22 23 24 [1;32m87600 0.0011047718186526[0m
1 2 3 4 62 52 42 1 9 10 11 12 64 86 15 16 86 59 97 20 21 22 23 24 [1;32m92400 0.021484831649992[0m
1 2 3 4 62 86 42 1 37 82 11 12 60 86 15 16 86 59 97 20 21 89 23 24 [1;32m111600 0.21869722968911[0m
1 2 3 4 62 86 42 1 37 82 11 12 60 86 15 16 86 59 97 20 21 89 23 24 [1;32m112800 0.26957721286389[0m
1 2 3 4 62 86 42 41 37 82 11 12 60 86 15 16 86 59 97 20 21 89 23 24 [1;32m118800 0.33020804540341[0m
1 2 3 4 62 86 42 41 37 82 66 12 60 86 15 16 62 59 97 20 21 89 23 24 [1;32m134400 0.3838845442864[0m
1 2 3 4 62 86 42 41 37 82 66 63 60 45 15 16 62 59 97 20 21 89 23 24 [1;32m170400 0.43488920151438[0m
1 2 3 48 62 86 42 41 37 82 66 63 86 1 15 16 62 59 71 20 51 89 23 24 [1;32m238800 0.43665922434077[0m
1 2 3 48 62 86 42 41 37 82 66 63 86 1 15 16 62 59 93 20 51 87 23 24 [1;32m360000 0.45166068070102[0m
1 2 59 48 62 3 42 41 37 82 17 63 20 83 15 16 62 59 93 20 51 87 23 24 [1;32m376800 0.5363282918052[0m
24 2 59 48 62 3 42 97 37 82 55 63 2 83 15 16 62 59 93 20 51 87 61 24 [1;32m472800 0.67748876770137[0m
24 2 59 48 62 3 42 97 37 82 55 63 2 83 15 16 62 59 93 20 51 87 61 24 [1;32m474000 0.75479186622546[0m
24 2 59 48 62 3 42 97 37 82 55 63 2 83 70 16 62 59 93 20 51 87 61 24 [1;32m476400 0.78524816756812[0m
94 2 59 48 62 3 42 97 37 82 55 63 2 83 70 16 62 59 93 20 51 87 61 24 [1;32m621600 0.80342191500482[0m
94 2 59 48 62 3 42 97 37 82 55 63 2 41 26 16 62 34 93 20 51 87 61 24 [1;32m646800 0.80831052130672[0m
94 2 59 48 62 61 42 97 37 82 55 63 2 41 26 16 62 34 93 20 51 87 61 24 [1;32m649200 0.82420042715757[0m
94 2 59 48 62 61 42 97 37 82 55 63 2 53 26 16 62 34 93 20 32 87 61 24 [1;32m768000 0.83242248786179[0m
94 2 59 48 62 61 42 97 37 82 55 63 2 94 26 16 62 34 93 20 32 87 61 24 [1;32m897600 0.85166655835814[0m
94 2 59 97 62 61 42 97 37 82 55 63 2 94 26 16 14 34 93 20 32 87 42 24 [1;32m932400 0.85624332368867[0m
94 2 59 97 62 61 42 97 37 82 55 74 2 81 26 12 14 34 93 20 32 87 42 57 [1;32m1437600 0.86350302037104[0m
seed 81
94 2 59 97 62 61 42 97 37 82 55 74 2 81 26 12 14 34 93 20 32 87 42 57 
100 99 
best 0.86350302037104
[0m
