1 2 3 4 5 6 7 8 9 10 11 12 13 14 15 16 17 18 19 20 21 22 23 24 [1;32m1200 0.0052091572324064[0m
1 2 3 4 5 6 7 8 9 10 11 12 13 14 15 16 17 18 19 20 21 22 23 24 [1;32m2400 0.023063713159688[0m
1 2 3 4 5 6 7 8 9 10 71 12 13 14 96 16 31 18 19 20 21 22 23 24 [1;32m4800 0.044824676442795[0m
1 2 3 4 5 6 24 8 9 46 71 12 13 14 96 16 31 18 19 20 21 18 23 77 [1;32m8400 0.088423673514722[0m
1 2 3 4 5 6 24 8 9 46 71 12 13 14 96 16 31 18 19 20 21 18 23 41 [1;32m10800 0.097337260326326[0m
1 2 3 4 5 6 24 8 9 46 71 12 13 14 96 16 31 18 19 20 21 18 23 41 [1;32m12000 0.12151285600541[0m
1 2 3 4 5 6 24 10 9 46 71 12 13 14 96 16 31 59 19 42 21 18 23 41 [1;32m14400 0.22268538089446[0m
1 2 3 4 5 6 24 10 9 46 71 12 13 14 96 16 31 59 19 42 21 18 23 41 [1;32m15600 0.25489874157371[0m
1 2 60 4 5 6 24 10 9 46 71 12 13 14 96 16 31 59 19 42 21 18 48 41 [1;32m86400 0.5669802686723[0m
1 2 60 4 5 6 24 10 9 46 71 12 13 14 96 16 31 59 19 42 21 18 48 41 [1;32m87600 0.66006067825614[0m
1 2 60 4 5 44 24 10 9 46 71 12 13 14 96 16 31 59 19 42 21 18 48 41 [1;32m118800 0.66501058194747[0m
1 2 60 4 5 44 24 10 9 46 71 12 13 14 96 16 31 59 19 84 21 18 48 41 [1;32m163200 0.7167053923347[0m
1 2 60 4 5 44 24 88 9 46 71 12 13 14 25 16 31 59 19 84 21 18 48 41 [1;32m165600 0.71670696438779[0m
1 2 60 4 5 44 24 74 75 46 71 12 13 14 25 16 31 59 19 84 21 18 48 41 [1;32m190800 0.81028319578817[0m
1 2 60 4 5 44 24 74 71 46 71 12 85 14 25 16 31 59 19 84 21 18 48 41 [1;32m194400 0.82962712937998[0m
1 2 60 4 5 44 24 74 71 46 71 12 85 14 25 16 31 59 24 84 21 45 48 41 [1;32m649200 0.86924201630949[0m
seed 2
1 2 60 4 5 44 24 74 71 46 71 12 85 14 25 16 31 59 24 84 21 45 48 41 
100 99 
best 0.86924201630949
[0m
