1 2 3 4 5 6 7 8 9 10 11 12 90 14 15 16 17 18 19 20 21 22 23 24  [1;32 3600 0.075769408671002 [0 
1 2 3 4 5 6 7 8 9 10 11 12 90 14 15 16 17 18 82 20 21 22 45 24  [1;32 10800 0.15157658652523 [0 
72 68 3 4 5 6 62 8 9 10 11 12 90 14 15 16 17 18 82 20 21 22 45 24  [1;32 13200 0.17906011477831 [0 
72 68 3 4 5 6 62 8 9 10 11 12 90 14 15 16 17 18 82 20 21 22 45 24  [1;32 14400 0.18109115877545 [0 
72 68 3 4 5 6 62 8 9 10 11 12 90 14 15 16 17 18 82 20 21 22 45 24  [1;32 15600 0.1899341855171 [0 
72 73 1 4 5 6 62 8 9 10 11 12 90 14 15 19 59 18 11 20 21 22 84 24  [1;32 24000 0.27758669174075 [0 
72 73 1 100 5 6 62 8 9 10 11 12 90 14 15 100 59 18 11 84 21 70 84 24  [1;32 54000 0.32632997372189 [0 
72 73 1 47 5 81 62 8 46 10 57 12 38 14 15 100 59 18 11 84 21 70 84 24  [1;32 64800 0.59580826130727 [0 
72 73 72 35 5 81 62 8 46 10 57 12 38 14 15 100 59 18 11 84 21 70 84 24  [1;32 202800 0.61439797530286 [0 
72 73 72 35 5 81 62 8 46 10 25 12 38 14 15 100 59 52 11 84 21 70 84 74  [1;32 212400 0.63473684100268 [0 
72 73 91 12 5 81 62 8 58 10 25 85 87 14 90 100 59 52 11 84 21 70 84 74  [1;32 242400 0.697190698082 [0 
72 73 91 12 5 13 62 8 58 10 25 85 87 55 90 100 59 52 11 84 21 70 84 74  [1;32 250800 0.80755091166634 [0 
72 73 91 12 70 13 62 8 58 53 17 85 87 84 20 100 59 52 11 84 21 70 84 74  [1;32 686400 0.80984294884913 [0 
72 73 91 12 70 13 62 8 58 53 17 85 87 84 20 100 59 52 84 84 21 70 84 74  [1;32 760800 0.84597690088869 [0 
72 73 91 12 70 13 62 8 99 53 17 85 87 84 20 100 59 52 84 84 21 70 84 74  [1;32 972000 0.87110701102037 [0 
seed 26
72 73 91 12 70 13 62 8 99 53 17 85 87 84 20 100 59 52 84 84 21 70 84 74 
100 99 
best 0.87110701102037
 [0 
