1 2 3 4 5 6 7 8 9 10 11 12 13 14 15 16 17 18 19 20 21 22 23 24  [1;32 1200 0.21276050190922 [0 
1 35 3 4 5 6 7 8 9 10 96 12 3 14 15 37 17 18 19 20 21 22 23 24  [1;32 22800 0.72048370463171 [0 
1 35 3 4 5 6 7 8 9 10 96 12 3 14 15 37 17 18 19 20 21 22 23 24  [1;32 24000 0.72300884961466 [0 
1 35 3 4 5 6 7 8 9 10 96 12 3 14 15 37 17 18 19 20 21 22 23 24  [1;32 25200 0.78324230043255 [0 
1 8 3 4 5 6 7 24 9 10 96 12 3 14 15 37 17 18 19 20 21 55 23 24  [1;32 37200 0.80544566671208 [0 
1 8 3 77 5 6 7 24 9 10 96 12 3 14 15 37 17 18 19 20 21 55 23 24  [1;32 67200 0.83008794798558 [0 
seed 97
1 8 3 77 5 6 7 24 9 10 96 12 3 14 15 37 17 18 19 20 21 55 23 24 
100 99 
best 0.83008794798558
 [0 
