1 2 3 4 5 6 7 8 9 10 11 12 13 14 15 16 17 18 19 20 21 22 23 24  [1;32 1200 0.20399532400896 [0 
1 65 3 4 5 6 26 8 9 10 11 67 13 14 80 16 17 39 19 20 21 22 23 24  [1;32 120000 0.43871401316183 [0 
65 65 3 4 5 6 26 8 9 10 11 67 41 14 80 16 17 39 19 80 21 56 65 24  [1;32 123600 0.44108022015259 [0 
65 65 3 51 5 6 26 49 9 10 11 67 41 14 80 16 17 39 19 80 21 56 65 24  [1;32 136800 0.82061703490236 [0 
65 65 51 51 5 6 26 49 9 75 31 67 41 14 40 16 17 39 19 80 21 56 65 24  [1;32 139200 0.825138778591 [0 
65 65 51 51 5 6 26 49 9 75 31 67 41 14 40 16 17 39 19 80 21 56 65 24  [1;32 140400 0.84309126523199 [0 
65 65 51 51 5 6 26 49 9 75 31 67 41 14 40 16 17 39 19 80 21 56 65 24  [1;32 141600 0.88685684285549 [0 
83 65 51 51 5 96 26 49 9 75 31 6 41 59 20 16 17 39 19 80 57 56 65 24  [1;32 220800 0.89491725709964 [0 
83 65 51 51 5 96 69 49 9 75 31 6 41 59 20 16 17 84 19 80 57 56 65 24  [1;32 595200 0.89767281347859 [0 
83 65 51 51 5 84 69 49 9 75 31 6 41 59 20 16 17 84 16 80 57 56 65 24  [1;32 772800 0.90095582753016 [0 
83 65 51 51 5 84 69 49 9 75 31 6 41 59 20 16 17 84 16 80 57 56 78 24  [1;32 1035600 0.90255236786951 [0 
83 65 51 51 5 4 69 49 9 75 31 6 41 59 20 35 17 84 16 80 57 56 78 24  [1;32 1238400 0.90477024610136 [0 
seed 90
83 65 51 51 5 4 69 49 9 75 31 6 41 59 20 35 17 84 16 80 57 56 78 24 
100 99 
best 0.90477024610136
 [0 
