32 2 89 4 94 6 36 8 9 10 11 75 13 14 15 16 17 18 19 48 21 22 23 24 [1;32m133200 0.41329617586356[0m
32 2 89 4 94 6 36 8 9 10 92 75 13 14 15 16 17 18 19 48 21 22 23 24 [1;32m177600 0.42887235415679[0m
32 2 89 4 94 6 36 87 79 10 29 75 13 14 15 16 91 18 19 48 21 22 23 24 [1;32m493200 0.71352434967601[0m
32 2 89 4 94 6 36 87 79 10 29 75 13 14 15 16 91 18 19 48 21 22 23 24 [1;32m494400 0.7786445043639[0m
32 2 89 4 94 6 36 87 79 10 29 75 13 14 15 16 91 18 19 48 21 22 23 24 [1;32m495600 0.85781654449483[0m
32 2 89 4 94 6 36 87 79 10 29 75 13 14 15 16 91 18 19 48 21 22 23 24 [1;32m496800 0.89112926939119[0m
seed 44
32 2 89 4 94 6 36 87 79 10 29 75 13 14 15 16 91 18 19 48 21 22 23 24 
100 99 
best 0.89112926939119
[0m
