1 2 3 4 5 6 7 8 9 10 11 12 13 14 15 16 17 18 19 20 21 22 23 24  [1;32 1200 0.0016505109890559 [0 
1 2 3 4 5 6 7 8 9 10 11 12 13 75 15 16 17 52 19 20 80 36 23 24  [1;32 30000 0.29980652929099 [0 
25 2 3 4 5 6 7 8 9 10 11 12 13 75 14 16 17 52 19 20 80 36 23 24  [1;32 38400 0.32831409606085 [0 
25 2 3 4 5 6 7 8 9 10 11 12 13 75 14 16 17 52 19 20 80 36 23 24  [1;32 39600 0.33486116626214 [0 
25 2 3 4 5 6 7 8 9 10 11 12 13 75 14 16 17 52 19 20 80 36 23 24  [1;32 40800 0.3495670365251 [0 
25 2 3 4 5 6 7 8 9 10 11 12 13 75 14 16 17 52 19 20 80 36 23 24  [1;32 42000 0.36511807860417 [0 
25 2 3 4 5 6 7 8 9 10 11 12 13 75 14 16 17 52 19 20 80 36 39 24  [1;32 45600 0.36908955904276 [0 
25 2 3 4 5 6 7 8 9 10 11 12 13 75 14 16 17 52 19 20 80 36 39 24  [1;32 46800 0.37155890950432 [0 
25 2 3 80 79 6 7 8 89 10 11 24 13 75 14 16 17 52 19 10 32 36 39 24  [1;32 51600 0.49456319941061 [0 
25 2 3 80 15 6 7 8 89 10 11 24 13 75 14 16 17 52 19 10 32 36 52 24  [1;32 55200 0.49901789840657 [0 
25 16 3 80 15 6 7 8 89 10 11 24 13 32 12 16 17 52 37 10 53 36 52 24  [1;32 194400 0.60822693590212 [0 
25 16 3 80 15 6 7 8 89 10 11 24 13 32 12 16 17 52 37 10 53 36 52 24  [1;32 195600 0.8154816338709 [0 
25 16 3 80 15 6 7 8 89 60 11 24 13 32 12 16 17 52 37 10 53 36 52 24  [1;32 200400 0.87657852743098 [0 
25 16 3 80 15 6 7 8 89 60 11 24 13 32 12 16 41 52 37 10 53 36 52 37  [1;32 751200 0.87969324714403 [0 
seed 30
25 16 3 80 15 6 7 8 89 60 11 24 13 32 12 16 41 52 37 10 53 36 52 37 
100 99 
best 0.87969324714403
 [0 
