1 2 3 4 5 6 7 8 9 10 70 12 13 14 15 16 12 18 90 20 21 69 23 24 [1;32m52800 0.0020582045923118[0m
1 2 3 4 5 6 7 8 9 10 70 12 13 24 15 16 12 18 90 20 21 69 23 24 [1;32m338400 0.0021416248044651[0m
1 23 3 90 5 6 7 8 9 10 70 12 13 24 84 16 12 18 4 20 34 69 23 24 [1;32m348000 0.0071506083944941[0m
1 30 3 58 5 6 7 8 9 10 85 12 13 24 84 33 12 18 4 20 34 69 23 24 [1;32m350400 0.23796341730492[0m
1 30 3 58 5 6 7 8 9 10 85 12 13 24 84 33 12 18 4 20 34 69 23 24 [1;32m351600 0.26075857184305[0m
1 30 3 58 5 6 7 8 9 10 85 12 13 24 84 33 12 18 4 20 34 69 23 24 [1;32m352800 0.29968011707228[0m
1 30 3 58 5 6 7 8 9 99 85 12 13 49 87 33 96 23 4 20 34 69 23 24 [1;32m364800 0.4070898161683[0m
1 30 3 58 5 6 7 8 9 99 85 12 13 49 87 33 96 23 4 20 34 69 23 24 [1;32m366000 0.54930008726106[0m
1 30 3 58 5 6 7 8 9 99 85 12 13 49 87 33 96 23 4 20 34 69 23 24 [1;32m367200 0.55295692035406[0m
1 30 3 58 5 6 7 8 9 99 85 12 13 49 87 33 96 23 4 20 34 69 23 24 [1;32m368400 0.57335146059185[0m
1 30 3 58 5 6 7 8 9 99 85 12 13 49 87 33 96 23 4 20 34 69 23 24 [1;32m369600 0.57393670093111[0m
1 30 3 73 5 6 7 8 9 99 85 12 13 49 87 33 96 23 4 20 34 30 23 27 [1;32m430800 0.86009757699897[0m
1 30 3 73 5 57 7 8 9 99 85 12 93 49 87 33 96 23 4 20 34 30 23 27 [1;32m434400 0.88531858532883[0m
1 30 3 73 5 57 7 8 9 99 85 12 93 49 8 7 96 23 4 20 94 30 23 24 [1;32m499200 0.89107551662472[0m
1 30 3 73 85 57 7 8 9 99 85 12 93 49 29 7 19 23 4 20 94 30 23 95 [1;32m507600 0.89342785632797[0m
1 30 3 73 98 57 7 8 9 99 85 12 93 49 29 7 34 23 4 20 94 38 23 68 [1;32m572400 0.89501026621785[0m
96 30 3 73 98 57 99 8 9 50 85 12 93 49 29 28 34 23 4 20 94 38 23 68 [1;32m615600 0.89613313479426[0m
96 30 3 73 98 57 99 8 9 50 55 12 93 49 29 28 34 23 4 20 94 38 23 68 [1;32m982800 0.89641215417073[0m
96 30 3 73 98 57 27 8 9 50 55 12 93 49 79 28 34 23 4 20 94 12 23 68 [1;32m1374000 0.89803848501067[0m
seed 39
96 30 3 73 98 57 27 8 9 50 55 12 93 49 79 28 34 23 4 20 94 12 23 68 
100 99 
best 0.89803848501067
[0m
