1 2 3 4 5 6 7 8 9 10 11 12 13 14 15 16 17 18 19 20 21 22 23 24  [1;32 1200 0.44252191053745 [0 
1 2 3 4 5 6 7 8 9 10 11 12 13 14 15 16 17 18 19 20 21 22 23 24  [1;32 2400 0.44504661406807 [0 
1 2 3 4 5 6 7 8 28 10 11 12 13 14 15 16 17 18 19 20 21 22 23 24  [1;32 9600 0.53351219205317 [0 
1 2 3 4 5 6 7 8 28 10 11 12 13 14 15 16 17 18 78 20 21 22 23 24  [1;32 15600 0.54686198969244 [0 
22 2 99 4 25 6 7 8 12 24 11 12 13 14 15 16 17 18 78 20 21 22 23 24  [1;32 18000 0.56684312829137 [0 
22 2 99 4 25 6 7 8 12 24 11 12 13 28 15 89 17 18 83 20 21 22 23 24  [1;32 80400 0.59283724042168 [0 
22 2 99 4 25 6 7 8 12 24 11 12 13 28 15 89 17 18 83 20 21 22 23 24  [1;32 81600 0.59778460816745 [0 
55 2 50 4 25 6 7 8 12 13 11 12 13 28 38 89 17 18 83 20 21 10 23 24  [1;32 92400 0.63386936900832 [0 
75 2 50 4 25 6 54 8 12 13 11 76 13 28 38 89 46 18 83 20 21 10 23 24  [1;32 114000 0.64640421148905 [0 
75 2 50 4 25 6 54 8 12 13 6 8 13 28 38 89 46 60 54 20 21 10 23 24  [1;32 146400 0.7240166497841 [0 
75 33 50 4 25 6 54 8 12 13 6 8 13 28 38 89 46 60 54 20 21 10 23 24  [1;32 968400 0.73919379384566 [0 
75 33 50 4 25 6 54 8 12 13 6 8 13 28 38 89 46 60 57 74 14 10 81 24  [1;32 998400 0.83014269997323 [0 
75 33 50 4 25 6 54 8 12 13 59 8 13 28 38 89 52 60 57 74 14 10 81 24  [1;32 1136400 0.83069251427713 [0 
75 33 50 4 25 6 54 8 12 13 59 8 13 28 38 89 52 60 57 74 14 10 81 24  [1;32 1137600 0.83538219148147 [0 
75 33 29 4 25 6 54 8 12 13 59 12 13 28 38 89 97 59 99 74 14 10 81 24  [1;32 1141200 0.85439605829423 [0 
75 33 29 4 25 6 85 8 12 13 59 49 13 28 55 89 97 59 99 74 14 10 81 24  [1;32 1378800 0.86045119513904 [0 
75 33 29 4 25 65 85 8 12 13 59 60 28 28 55 89 97 59 99 74 14 10 81 24  [1;32 1425600 0.8811611883292 [0 
seed 6
75 33 29 4 25 65 85 8 12 13 59 60 28 28 55 89 97 59 99 74 14 10 81 24 
100 99 
best 0.8811611883292
 [0 
