1 2 3 65 5 6 7 8 9 10 11 73 37 14 15 16 17 18 19 20 21 40 23 24  [1;32 7200 0.26207222383304 [0 
1 2 3 65 5 6 7 8 9 10 11 73 37 14 15 16 17 18 42 20 21 40 23 24  [1;32 21600 0.44808099406066 [0 
1 2 3 65 5 6 7 92 9 10 87 30 37 56 15 16 17 18 42 20 21 40 57 98  [1;32 46800 0.47143397397236 [0 
1 2 3 65 5 6 7 92 9 10 87 30 37 56 15 16 17 18 42 20 21 40 76 98  [1;32 72000 0.67836663858656 [0 
31 2 3 65 5 6 7 51 9 10 87 30 37 56 39 16 17 79 42 20 21 40 76 98  [1;32 79200 0.68942755632858 [0 
31 2 3 65 5 6 7 51 9 10 87 30 37 56 39 16 17 79 42 20 21 40 76 98  [1;32 80400 0.86607343950468 [0 
31 2 3 65 5 6 7 51 9 10 87 30 37 56 39 16 17 79 42 20 21 40 76 98  [1;32 81600 0.87015884205398 [0 
31 2 3 65 5 6 7 51 9 10 87 30 37 56 39 16 17 79 42 20 21 40 76 98  [1;32 82800 0.87253352821314 [0 
31 2 3 65 5 6 7 51 9 10 87 30 100 56 39 16 17 79 42 20 21 40 76 45  [1;32 104400 0.88073332148033 [0 
31 2 3 65 5 6 7 51 9 10 87 30 100 56 50 16 17 79 42 20 21 40 76 70  [1;32 355200 0.89494521974982 [0 
seed 67
31 2 3 65 5 6 7 51 9 10 87 30 100 56 50 16 17 79 42 20 21 40 76 70 
100 99 
best 0.89494521974982
 [0 
