1 2 3 4 5 6 7 8 9 10 11 12 13 14 15 16 17 18 19 20 21 22 23 24  [1;32 1200 0.10944813266687 [0 
1 2 3 4 5 59 7 8 9 10 11 12 13 14 15 16 17 18 19 20 21 22 23 24  [1;32 7200 0.17555710020353 [0 
1 2 3 4 5 59 7 8 9 10 11 12 13 14 15 16 17 18 19 20 21 22 23 24  [1;32 8400 0.65742901367931 [0 
1 2 3 4 5 59 7 8 9 10 11 12 13 14 15 16 17 18 19 20 21 88 23 24  [1;32 19200 0.74929727874084 [0 
1 2 3 4 5 59 7 8 9 45 11 12 13 45 15 16 17 2 19 20 21 88 23 24  [1;32 207600 0.78691215972183 [0 
1 2 3 42 5 59 19 8 9 45 11 12 13 38 15 16 17 2 19 20 21 88 23 24  [1;32 556800 0.79011043247914 [0 
1 48 52 8 5 59 19 8 9 45 11 12 13 38 15 16 17 2 19 20 39 88 23 24  [1;32 621600 0.80674752724266 [0 
1 48 52 8 5 59 19 8 9 45 11 12 13 38 15 16 17 2 19 20 39 88 23 24  [1;32 622800 0.87191189248393 [0 
1 48 52 8 5 59 19 8 9 45 11 12 13 38 15 16 17 2 19 20 39 88 23 24  [1;32 624000 0.87220534876603 [0 
1 48 52 8 5 59 19 8 9 45 11 12 13 38 15 16 17 2 19 20 39 88 23 24  [1;32 625200 0.87497746614441 [0 
1 48 52 8 5 59 19 8 9 45 11 12 13 38 15 42 17 2 62 20 39 88 23 24  [1;32 778800 0.88144328889559 [0 
1 48 52 8 5 59 19 8 9 45 11 12 13 38 90 42 17 2 62 84 39 67 89 24  [1;32 819600 0.91177718332595 [0 
seed 85
1 48 52 8 5 59 19 8 9 45 11 12 13 38 90 42 17 2 62 84 39 67 89 24 
100 99 
best 0.91177718332595
 [0 
