1 2 3 4 5 6 7 8 9 10 11 12 13 14 15 16 17 18 19 20 21 22 23 24 [1;32m1200 0.014721479550973[0m
32 2 3 4 5 6 51 8 9 10 11 12 13 14 92 16 17 18 19 20 21 22 23 10 [1;32m358800 0.43143559825194[0m
32 2 3 4 5 6 51 8 9 10 11 12 13 14 92 16 17 18 19 20 21 22 23 10 [1;32m360000 0.57587530974224[0m
32 2 13 4 5 6 51 8 9 6 11 12 13 20 92 16 17 18 19 20 56 22 23 10 [1;32m410400 0.69665275854882[0m
32 2 13 4 5 6 51 8 9 6 11 12 13 20 92 16 17 18 19 20 56 22 23 10 [1;32m411600 0.83215534827412[0m
32 2 13 4 5 6 51 17 9 6 11 12 13 20 79 16 17 18 19 20 56 32 23 10 [1;32m414000 0.85719180942647[0m
32 2 13 4 5 6 51 17 9 6 11 12 13 20 79 16 17 18 19 20 56 32 23 10 [1;32m415200 0.90374721087426[0m
seed 84
32 2 13 4 5 6 51 17 9 6 11 12 13 20 79 16 17 18 19 20 56 32 23 10 
100 99 
best 0.90374721087426
[0m
