61 2 3 4 5 6 7 8 9 10 11 12 13 14 15 16 17 18 80 20 21 22 23 79 [1;32m8400 0.011233534966204[0m
61 2 3 4 5 14 7 8 56 10 11 12 2 14 15 16 17 18 80 20 21 22 23 79 [1;32m13200 0.012834986802676[0m
61 2 3 4 5 14 7 8 56 10 81 54 2 14 53 16 17 45 80 20 21 22 23 24 [1;32m19200 0.55765823810838[0m
61 2 3 4 5 14 7 8 56 10 81 54 2 14 53 16 17 45 80 20 21 22 23 24 [1;32m20400 0.85239446055271[0m
61 2 3 4 5 14 7 8 56 10 81 54 2 14 53 16 17 45 80 20 21 22 23 24 [1;32m21600 0.85860109566974[0m
61 69 3 4 5 14 93 8 56 10 81 54 2 14 53 16 7 45 80 20 21 22 23 24 [1;32m24000 0.8981508609816[0m
seed 69
61 69 3 4 5 14 93 8 56 10 81 54 2 14 53 16 7 45 80 20 21 22 23 24 
100 99 
best 0.8981508609816
[0m
