1 57 3 4 5 6 7 8 9 10 11 12 13 14 15 51 17 18 19 20 21 26 54 24  [1;32 27600 0.25047955545077 [0 
1 57 3 4 5 6 7 41 43 10 11 12 13 14 15 51 17 18 19 20 36 26 54 24  [1;32 187200 0.43467144503685 [0 
1 57 3 4 5 6 7 41 43 10 11 33 13 14 15 54 17 18 19 20 36 26 54 24  [1;32 586800 0.77855420650331 [0 
1 57 3 4 5 6 7 41 43 10 11 33 13 14 15 54 17 18 19 20 36 26 54 24  [1;32 588000 0.83474991138055 [0 
1 57 3 4 5 6 7 41 43 12 11 33 13 14 94 54 66 18 19 20 36 26 72 24  [1;32 590400 0.86594439481715 [0 
1 57 3 4 5 6 7 41 43 58 11 33 13 63 94 54 66 18 19 20 36 26 72 24  [1;32 624000 0.86726373482077 [0 
seed 93
1 57 3 4 5 6 7 41 43 58 11 33 13 63 94 54 66 18 19 20 36 26 72 24 
100 99 
best 0.86726373482077
 [0 
