1 2 3 4 10 6 7 8 9 10 80 12 13 14 15 16 17 18 19 20 65 22 36 24  [1;32 43200 0.037890826694207 [0 
1 2 3 4 29 6 7 8 9 10 80 12 13 14 15 16 17 18 19 20 65 22 36 24  [1;32 50400 0.042773905689025 [0 
1 2 3 4 29 6 7 8 9 71 80 12 13 14 15 16 17 18 19 20 65 22 36 24  [1;32 73200 0.053083038489472 [0 
1 2 3 4 29 6 7 8 9 19 80 12 13 14 15 16 17 18 19 20 65 22 36 24  [1;32 105600 0.073957374797226 [0 
1 2 3 80 29 6 7 8 34 19 80 33 13 14 15 16 17 26 19 20 65 22 36 24  [1;32 135600 0.10864961048366 [0 
1 2 3 80 29 6 7 8 34 19 80 33 13 14 15 16 17 26 19 20 65 22 36 24  [1;32 136800 0.14323472529347 [0 
1 2 3 80 29 6 7 8 34 19 80 33 13 14 15 16 17 26 19 20 65 22 36 24  [1;32 138000 0.17674860584873 [0 
1 2 3 80 29 6 7 8 34 19 80 33 13 14 15 16 17 26 19 20 65 52 36 24  [1;32 302400 0.18950721812875 [0 
1 2 3 67 29 6 7 8 34 19 80 33 13 14 15 16 17 26 19 20 65 52 36 62  [1;32 460800 0.2324614787435 [0 
seed 60
1 2 3 67 29 6 7 8 34 19 80 33 13 14 15 16 17 26 19 20 65 52 36 62 
100 99 
best 0.2324614787435
 [0 
