1 2 3 4 5 6 7 8 9 10 11 12 13 14 15 16 17 18 19 20 21 22 23 24  [1;32 1200 0.30884529847984 [0 
1 80 3 4 5 6 7 8 9 10 11 12 13 14 15 16 32 18 19 20 21 22 23 24  [1;32 9600 0.34045136689787 [0 
1 80 3 4 15 6 7 90 45 10 11 12 13 14 15 43 32 18 19 20 21 22 23 24  [1;32 96000 0.45682523108634 [0 
1 80 3 4 15 6 7 90 26 25 11 12 13 14 15 43 32 18 19 20 21 22 23 24  [1;32 99600 0.59070670841354 [0 
1 80 3 4 15 6 7 90 59 25 11 12 13 14 43 43 32 18 40 20 21 22 23 24  [1;32 102000 0.59832332001896 [0 
1 80 3 4 15 6 7 90 59 25 11 12 13 14 43 43 32 18 40 20 21 22 23 24  [1;32 103200 0.63888780665652 [0 
1 80 60 4 15 6 7 90 59 25 11 12 13 14 43 43 32 18 40 20 21 22 23 24  [1;32 122400 0.65079079265456 [0 
1 80 10 4 56 59 7 90 59 25 11 12 13 14 43 43 32 18 40 20 21 22 23 24  [1;32 153600 0.65976143215151 [0 
1 80 10 4 56 59 7 90 59 25 11 12 13 14 43 43 32 18 40 20 21 22 23 24  [1;32 154800 0.71128330321002 [0 
1 80 10 4 56 59 7 90 59 25 11 12 13 14 22 43 32 80 40 20 55 22 100 24  [1;32 168000 0.80589776147343 [0 
1 80 10 4 56 59 7 90 59 25 11 12 13 14 22 43 32 80 40 20 55 22 100 24  [1;32 169200 0.86326463891249 [0 
1 80 10 4 56 59 7 90 59 8 11 12 13 14 22 43 32 80 40 20 55 22 100 24  [1;32 171600 0.87532832335163 [0 
1 80 10 4 56 97 7 90 59 34 11 12 13 14 22 43 51 80 57 20 55 22 16 24  [1;32 309600 0.8925476294408 [0 
1 56 10 4 56 97 7 90 59 34 11 12 13 14 22 43 51 80 57 20 55 22 16 24  [1;32 326400 0.8938972624729 [0 
7 56 10 4 56 97 7 90 59 89 11 12 13 52 22 43 51 18 57 20 19 22 16 24  [1;32 817200 0.89535496438409 [0 
7 56 76 4 56 97 7 90 59 89 11 12 13 52 22 43 51 18 57 20 19 22 16 24  [1;32 830400 0.89831520749508 [0 
7 56 76 4 56 97 7 90 59 89 11 12 1 52 22 43 51 18 57 20 19 22 16 24  [1;32 1010400 0.89884008054326 [0 
seed 22
7 56 76 4 56 97 7 90 59 89 11 12 1 52 22 43 51 18 57 20 19 22 16 24 
100 99 
best 0.89884008054326
 [0 
