1 2 3 4 5 6 7 8 9 10 11 12 13 14 15 16 17 18 19 20 21 22 23 24 [1;32m1200 0.00049481897443414[0m
1 69 3 4 100 6 7 92 9 10 11 12 93 14 15 16 42 18 19 20 80 22 23 24 [1;32m4800 0.0014593610647381[0m
1 69 3 4 42 6 7 92 17 10 11 12 93 14 15 16 42 18 73 20 80 22 77 24 [1;32m12000 0.0080544309263626[0m
1 69 3 4 42 6 7 92 17 10 11 12 93 14 15 16 42 18 73 20 80 22 77 24 [1;32m13200 0.017781438525779[0m
1 69 3 4 42 6 11 92 17 80 11 12 93 14 15 16 42 18 73 20 80 22 77 24 [1;32m15600 0.088691607856358[0m
1 69 3 4 42 6 11 92 17 80 11 12 93 14 15 16 42 18 58 20 80 22 77 24 [1;32m44400 0.099076569202471[0m
1 69 3 4 42 6 11 92 17 80 11 12 93 14 15 16 42 18 58 20 80 22 77 24 [1;32m45600 0.10322325773108[0m
1 69 81 4 42 6 11 92 37 80 11 12 93 14 15 16 42 18 58 20 80 22 77 24 [1;32m228000 0.24769906716132[0m
1 69 81 4 42 6 11 92 37 80 11 12 93 14 15 16 42 18 58 20 80 22 77 24 [1;32m229200 0.24770126395313[0m
1 69 81 4 42 6 11 92 37 80 11 12 93 14 15 16 42 18 58 20 80 22 77 24 [1;32m230400 0.24770200338121[0m
1 69 81 4 42 6 11 92 37 80 11 12 93 14 57 16 42 18 58 20 80 22 77 24 [1;32m1381200 0.24771643515961[0m
seed 14
1 69 81 4 42 6 11 92 37 80 11 12 93 14 57 16 42 18 58 20 80 22 77 24 
100 99 
best 0.24771643515961
[0m
