1 2 3 4 5 6 7 8 9 10 11 12 13 14 15 16 17 18 19 20 21 22 23 24  [1;32 1200 0.27568932440844 [0 
1 2 3 4 5 6 7 8 9 64 11 12 13 14 15 16 17 77 19 20 21 22 51 36  [1;32 9600 0.49933947926316 [0 
94 2 3 4 5 6 7 8 9 13 11 99 13 14 15 16 17 77 19 20 21 22 51 36  [1;32 14400 0.75246919384408 [0 
94 2 3 4 5 6 7 8 9 13 11 99 2 14 15 16 17 77 19 20 21 22 51 36  [1;32 44400 0.76312859097304 [0 
94 2 3 4 5 6 7 8 9 13 56 28 2 14 15 16 17 89 19 20 21 22 51 36  [1;32 50400 0.7941998096834 [0 
94 2 3 4 5 37 7 95 9 11 56 28 57 14 15 16 17 89 19 20 21 22 9 36  [1;32 54000 0.87168642881028 [0 
94 2 3 4 5 37 7 95 9 87 56 28 57 1 15 26 17 89 19 20 21 22 9 36  [1;32 70800 0.8741194900221 [0 
94 2 3 4 5 37 7 95 9 87 56 28 57 1 15 26 17 89 19 20 21 22 9 41  [1;32 424800 0.88250673915437 [0 
94 2 3 4 5 37 7 95 9 87 56 4 57 1 15 26 17 89 19 20 21 22 9 73  [1;32 512400 0.88829715580688 [0 
seed 66
94 2 3 4 5 37 7 95 9 87 56 4 57 1 15 26 17 89 19 20 21 22 9 73 
100 99 
best 0.88829715580688
 [0 
