1 2 3 4 5 6 7 8 9 10 11 12 13 14 15 16 17 18 19 20 21 22 23 24 [1;32m1200 0.2148600558985[0m
1 2 3 4 30 6 65 8 9 10 11 12 75 14 15 66 17 18 19 20 21 79 23 96 [1;32m10800 0.39130413117134[0m
1 2 3 4 62 6 65 8 9 10 11 67 75 14 15 66 17 18 19 20 21 79 23 96 [1;32m70800 0.4326581595689[0m
1 3 97 4 62 6 65 13 9 10 28 67 75 14 15 66 17 33 19 5 21 79 23 96 [1;32m97200 0.43336935450119[0m
75 3 97 4 62 6 54 13 9 10 28 76 75 14 15 66 46 33 19 5 21 79 23 96 [1;32m109200 0.70725202486611[0m
75 3 97 4 62 6 54 13 93 10 28 76 75 14 15 66 46 33 19 5 21 79 23 96 [1;32m117600 0.85247243432275[0m
75 3 97 4 62 6 54 13 93 10 28 76 75 14 15 66 46 33 19 5 21 79 23 96 [1;32m118800 0.85483562639655[0m
75 3 97 4 62 6 54 13 93 10 60 76 75 14 15 66 46 33 19 5 21 79 23 96 [1;32m372000 0.85556135748732[0m
75 3 97 4 62 6 54 13 93 23 60 76 75 14 15 66 46 33 19 5 21 79 23 96 [1;32m1057200 0.86384597974419[0m
75 3 97 4 62 59 49 13 93 23 60 76 75 14 15 66 46 83 19 5 21 79 17 96 [1;32m1106400 0.86664630960469[0m
seed 6
75 3 97 4 62 59 49 13 93 23 60 76 75 14 15 66 46 83 19 5 21 79 17 96 
100 99 
best 0.86664630960469
[0m
