1 2 3 4 5 6 7 8 9 10 11 12 13 14 15 16 17 18 19 20 21 22 23 24 [1;32m1200 0.012873187918629[0m
1 32 16 37 5 6 7 8 9 40 11 12 13 14 15 16 17 18 19 20 21 92 23 24 [1;32m91200 0.035934625145843[0m
1 32 16 37 82 6 7 8 9 40 11 1 13 14 15 16 17 18 19 20 51 92 11 24 [1;32m97200 0.062075572655384[0m
1 32 16 37 82 6 7 8 9 40 11 1 13 14 15 16 17 18 19 20 51 92 11 24 [1;32m98400 0.075108433890603[0m
1 32 16 37 82 6 7 8 9 40 11 1 13 14 15 16 17 72 19 18 45 92 11 73 [1;32m102000 0.15351869261476[0m
1 32 16 37 82 6 7 8 97 40 11 71 13 18 15 16 17 72 19 18 55 92 11 73 [1;32m105600 0.26826540455374[0m
1 32 16 37 82 6 89 8 97 40 1 71 13 18 15 16 17 72 88 18 55 92 11 73 [1;32m108000 0.27126643877491[0m
1 32 16 37 82 6 89 8 97 40 1 71 13 18 15 16 17 72 88 18 55 92 11 73 [1;32m109200 0.42274273716799[0m
1 32 16 37 82 6 89 8 97 40 1 71 13 18 15 16 17 72 88 18 55 92 11 73 [1;32m110400 0.53883042478708[0m
54 32 63 37 82 6 62 8 80 75 1 71 13 18 15 16 80 72 88 18 55 92 11 73 [1;32m152400 0.55734438517515[0m
54 32 63 37 82 6 62 8 80 75 1 71 13 81 15 16 88 72 88 18 55 92 25 73 [1;32m246000 0.78261623741997[0m
91 32 63 37 82 6 62 75 80 75 1 71 29 81 15 16 88 72 88 18 40 92 25 73 [1;32m483600 0.79777400176311[0m
91 32 63 37 82 55 62 75 80 28 1 71 29 81 15 16 88 72 88 18 40 92 25 73 [1;32m650400 0.87023997049615[0m
seed 82
91 32 63 37 82 55 62 75 80 28 1 71 29 81 15 16 88 72 88 18 40 92 25 73 
100 99 
best 0.87023997049615
[0m
