1 2 3 4 5 6 7 8 9 10 11 12 13 14 15 16 17 18 19 20 21 22 23 24  [1;32 1200 0.20399532400896 [0 
1 2 3 4 5 6 7 8 9 10 11 12 13 14 15 16 17 18 19 50 58 22 23 24  [1;32 871200 0.620142200558 [0 
1 2 3 4 5 6 4 8 9 10 11 12 13 14 15 42 20 18 19 50 8 22 23 24  [1;32 880800 0.76756285785935 [0 
1 2 3 4 5 6 4 8 9 10 11 12 13 14 15 42 20 18 19 50 8 22 23 24  [1;32 882000 0.87909714670826 [0 
1 2 3 4 5 6 4 8 9 82 11 94 13 14 15 42 20 18 19 50 8 22 23 24  [1;32 1008000 0.90198014760693 [0 
seed 73
1 2 3 4 5 6 4 8 9 82 11 94 13 14 15 42 20 18 19 50 8 22 23 24 
100 99 
best 0.90198014760693
 [0 
