1 2 3 4 5 6 7 8 9 10 11 12 13 14 15 16 17 18 19 20 21 22 23 24 [1;32m1200 0.0069112558013089[0m
41 2 57 4 5 6 86 8 9 74 11 12 13 14 15 16 17 18 19 20 21 22 23 24 [1;32m8400 0.062251104372758[0m
54 2 57 4 5 6 86 8 9 74 11 12 13 14 68 16 17 18 86 20 30 22 90 24 [1;32m24000 0.078646894874038[0m
54 2 57 4 5 6 86 8 71 74 11 15 13 10 68 16 17 18 86 83 30 22 90 24 [1;32m30000 0.1537410447603[0m
54 2 57 4 5 6 86 8 71 74 11 15 13 10 68 16 17 18 86 83 83 22 90 24 [1;32m32400 0.26246217901922[0m
54 2 57 4 5 6 86 8 71 74 85 15 13 10 68 16 17 18 86 83 83 22 90 24 [1;32m49200 0.56605407338517[0m
54 2 57 4 5 6 86 8 71 74 85 15 13 10 68 16 17 18 86 83 83 22 90 24 [1;32m50400 0.59541825386761[0m
54 2 57 4 5 6 86 8 71 74 85 15 13 10 36 16 17 18 86 83 83 22 90 24 [1;32m200400 0.69671250387685[0m
54 2 52 4 5 6 86 74 71 74 85 15 13 10 36 16 17 18 86 83 83 22 48 24 [1;32m374400 0.80919937409427[0m
54 2 52 4 5 6 86 43 71 74 85 15 13 35 36 16 18 18 17 71 83 22 48 24 [1;32m1060800 0.89708714790562[0m
seed 78
54 2 52 4 5 6 86 43 71 74 85 15 13 35 36 16 18 18 17 71 83 22 48 24 
100 99 
best 0.89708714790562
[0m
