1 2 3 4 5 6 7 8 9 10 11 12 13 14 15 16 17 18 19 20 21 22 23 24  [1;32 1200 0.21160109991143 [0 
1 2 3 4 5 6 7 8 9 10 11 31 13 14 15 16 17 18 19 20 21 22 23 24  [1;32 16800 0.3438809118763 [0 
1 2 3 4 31 6 7 8 9 10 11 31 64 14 15 16 17 18 19 20 21 22 23 24  [1;32 27600 0.40385215768021 [0 
1 2 1 34 31 6 7 8 9 10 11 31 64 14 15 16 17 18 19 20 21 22 23 24  [1;32 277200 0.75291181782253 [0 
1 2 1 34 31 6 7 8 9 10 11 31 64 14 15 16 17 18 19 20 21 22 23 24  [1;32 278400 0.81372863698274 [0 
1 2 1 34 31 6 7 8 9 10 11 31 64 14 15 16 17 18 19 20 21 22 23 24  [1;32 279600 0.85465389477696 [0 
1 2 1 34 31 6 7 22 9 10 11 31 64 14 15 16 17 18 19 80 21 22 23 24  [1;32 297600 0.85983413235906 [0 
1 2 1 34 31 6 7 22 9 10 41 31 64 14 15 16 17 18 19 80 21 22 23 24  [1;32 381600 0.86335841999818 [0 
1 2 1 34 31 6 7 83 9 10 41 31 9 54 15 16 9 39 19 80 21 22 23 24  [1;32 744000 0.86422392578273 [0 
1 2 1 34 31 6 7 35 9 43 41 31 9 54 15 16 9 39 19 80 21 22 23 24  [1;32 1075200 0.86607751053025 [0 
seed 50
1 2 1 34 31 6 7 35 9 43 41 31 9 54 15 16 9 39 19 80 21 22 23 24 
100 99 
best 0.86607751053025
 [0 
