1 2 3 4 5 6 7 8 9 10 11 12 13 14 15 16 17 18 19 20 21 22 23 24 [1;32m1200 0.77703190222681[0m
1 2 3 4 5 6 7 8 9 10 11 12 13 14 15 16 17 18 19 20 21 22 23 24 [1;32m2400 0.78699805627392[0m
1 2 3 4 5 6 7 8 9 10 11 12 13 14 15 16 17 18 19 20 21 22 23 24 [1;32m3600 0.79598019943944[0m
1 2 3 4 5 6 7 8 9 10 11 12 13 14 15 16 17 18 19 20 21 22 23 24 [1;32m4800 0.81419165089432[0m
1 2 3 4 5 6 7 8 9 10 11 12 58 14 15 16 17 18 19 20 21 22 10 24 [1;32m10800 0.83685676592697[0m
1 2 3 4 5 6 7 8 9 10 11 12 58 14 15 16 17 18 19 20 21 22 73 24 [1;32m31200 0.84453242859219[0m
1 2 3 4 3 6 7 8 9 10 11 12 58 14 15 16 17 18 19 24 21 22 86 24 [1;32m36000 0.89621826406325[0m
1 2 3 4 3 6 7 8 9 10 56 28 58 14 15 16 17 89 19 24 21 22 86 24 [1;32m54000 0.89674104586716[0m
1 2 3 4 3 6 7 8 9 10 56 28 58 14 15 16 17 89 20 24 45 22 86 24 [1;32m108000 0.90646615035177[0m
68 2 3 4 3 6 7 19 58 10 56 28 58 14 15 16 17 89 20 24 45 22 86 24 [1;32m463200 0.90750262616622[0m
68 2 3 4 3 6 7 19 58 66 56 28 58 14 15 16 17 89 20 24 45 22 86 24 [1;32m1219200 0.90780998100897[0m
79 2 3 4 3 6 7 19 58 66 56 28 58 14 15 16 17 89 20 24 45 22 86 24 [1;32m1320000 0.90794725913844[0m
seed 66
79 2 3 4 3 6 7 19 58 66 56 28 58 14 15 16 17 89 20 24 45 22 86 24 
100 99 
best 0.90794725913844
[0m
