1 2 3 4 5 6 7 8 9 10 11 12 13 14 15 16 17 18 19 20 21 22 23 24 [1;32m1200 0.0031196660943549[0m
1 2 3 64 5 6 72 8 9 10 11 12 13 14 15 16 66 18 19 20 21 22 23 24 [1;32m8400 0.069867141116978[0m
1 2 3 64 5 6 72 8 9 10 11 12 13 14 15 16 66 18 19 20 21 22 23 24 [1;32m9600 0.1222057558586[0m
23 2 3 64 5 6 72 8 9 10 11 12 13 62 15 76 66 18 19 20 21 94 23 43 [1;32m31200 0.25699347606922[0m
23 2 3 64 5 6 72 8 9 10 11 12 13 62 15 76 66 18 19 20 21 94 23 43 [1;32m32400 0.2646190485679[0m
23 2 3 64 5 6 72 8 9 10 11 12 13 62 64 76 66 18 19 20 21 94 23 43 [1;32m55200 0.34915069670291[0m
23 2 3 64 5 6 72 8 87 10 11 12 13 62 64 76 18 18 19 20 21 94 88 43 [1;32m150000 0.36577761901592[0m
23 2 3 64 5 6 72 8 87 10 11 12 13 62 64 76 18 18 19 20 21 94 88 43 [1;32m151200 0.36658637110912[0m
23 2 3 64 51 6 72 8 87 21 11 12 13 60 91 76 18 18 19 20 21 94 70 43 [1;32m153600 0.45909561239231[0m
seed 12
23 2 3 64 51 6 72 8 87 21 11 12 13 60 91 76 18 18 19 20 21 94 70 43 
100 99 
best 0.45909561239231
[0m
