1 2 3 4 5 6 7 8 9 10 11 12 13 14 15 16 17 18 19 20 21 22 23 24  [1;32 1200 0.033683258401815 [0 
1 2 3 4 28 6 7 8 9 10 11 12 13 14 15 16 17 18 19 20 21 52 23 11  [1;32 6000 0.10468520766691 [0 
1 36 3 4 87 6 7 8 9 10 11 12 38 7 15 98 17 18 19 20 37 52 23 11  [1;32 8400 0.18494567408389 [0 
1 36 3 46 87 6 7 8 28 69 36 12 38 7 15 98 17 18 20 20 37 52 23 11  [1;32 19200 0.45186180659721 [0 
1 36 3 19 87 6 7 8 25 69 36 12 38 7 15 98 17 18 56 20 37 52 23 11  [1;32 21600 0.64511428137231 [0 
1 36 3 19 58 6 7 8 25 69 36 12 38 7 15 98 17 18 56 20 37 52 23 11  [1;32 38400 0.72892892016202 [0 
1 36 3 19 58 6 7 56 25 69 36 12 38 7 73 98 17 18 26 20 37 52 23 81  [1;32 49200 0.81497612901155 [0 
1 36 3 19 58 6 7 56 25 69 36 12 38 7 73 98 17 18 26 20 37 52 23 81  [1;32 50400 0.89360087446649 [0 
seed 9
1 36 3 19 58 6 7 56 25 69 36 12 38 7 73 98 17 18 26 20 37 52 23 81 
100 99 
best 0.89360087446649
 [0 
