1 2 3 4 5 6 7 8 9 10 11 12 13 14 15 16 17 18 19 20 21 22 23 24  [1;32 1200 0.2198587069921 [0 
1 2 4 4 5 6 7 75 9 10 11 12 93 8 15 16 17 18 19 20 21 22 23 70  [1;32 9600 0.29852141286269 [0 
1 2 4 4 89 6 7 75 9 10 11 60 93 8 15 16 17 18 5 20 21 22 23 70  [1;32 12000 0.3792484053134 [0 
1 2 4 4 89 6 7 75 9 10 100 60 93 8 35 16 17 32 5 20 3 22 23 70  [1;32 14400 0.39334974281535 [0 
1 2 4 4 89 6 7 75 9 10 100 60 93 8 66 16 17 32 5 20 3 80 23 70  [1;32 16800 0.39443585208768 [0 
1 2 4 4 89 6 40 68 9 10 100 60 93 66 66 16 17 32 5 39 3 80 23 70  [1;32 88800 0.40933895796286 [0 
1 2 4 4 89 6 40 43 9 10 100 60 93 66 66 16 17 32 5 46 3 80 23 70  [1;32 114000 0.54458355550383 [0 
1 2 4 4 89 6 40 43 9 10 100 60 93 66 66 16 17 32 5 42 3 80 23 70  [1;32 135600 0.56610442012977 [0 
1 2 4 4 89 6 40 43 9 10 40 60 93 66 66 16 17 32 76 42 3 20 23 70  [1;32 139200 0.62051444202768 [0 
1 85 4 4 89 6 40 43 9 40 1 60 78 66 66 32 17 32 76 42 3 20 23 70  [1;32 145200 0.66158313423485 [0 
1 85 4 4 89 39 40 43 9 40 1 60 78 66 66 32 17 32 76 42 3 20 23 70  [1;32 165600 0.69037046369584 [0 
1 85 47 4 89 39 40 43 9 40 1 60 78 66 66 32 17 32 76 42 3 20 23 70  [1;32 201600 0.70059028727658 [0 
1 85 1 4 18 39 40 43 9 40 100 60 83 66 66 32 17 32 76 79 3 20 23 70  [1;32 433200 0.78346606626104 [0 
1 85 1 4 18 39 40 43 9 40 100 60 83 66 66 32 17 32 76 79 3 20 23 70  [1;32 434400 0.86294497732427 [0 
1 85 1 4 18 39 40 43 9 40 3 60 83 66 66 32 17 54 76 79 3 20 23 70  [1;32 444000 0.86589794028006 [0 
1 85 1 4 18 39 40 43 9 40 79 60 83 66 47 32 17 54 76 79 3 20 23 70  [1;32 458400 0.8669797696161 [0 
9 85 1 4 18 39 40 43 9 40 79 60 75 66 47 32 17 54 76 79 3 20 23 70  [1;32 644400 0.8681235272797 [0 
seed 54
9 85 1 4 18 39 40 43 9 40 79 60 75 66 47 32 17 54 76 79 3 20 23 70 
100 99 
best 0.8681235272797
 [0 
