69 2 3 4 5 76 7 8 9 10 11 56 13 72 15 16 17 1 19 20 21 22 23 24 [1;32m9600 0.19962286457571[0m
69 2 3 95 5 76 31 8 9 10 11 56 5 72 15 16 17 1 19 20 21 22 23 24 [1;32m1156800 0.33176310508658[0m
69 2 3 95 5 76 31 58 9 34 11 56 1 72 15 16 17 1 19 20 21 22 23 24 [1;32m1170000 0.33879914448424[0m
69 2 3 95 5 76 31 37 9 81 11 56 1 72 12 16 17 68 8 20 98 22 23 24 [1;32m1177200 0.33957551173802[0m
69 2 3 95 5 76 31 37 9 81 11 56 1 72 12 16 17 68 8 20 98 22 23 24 [1;32m1178400 0.55907181624231[0m
69 2 3 95 5 76 31 37 9 81 11 56 1 72 65 16 17 68 8 20 98 22 23 24 [1;32m1280400 0.82198688373333[0m
seed 4
69 2 3 95 5 76 31 37 9 81 11 56 1 72 65 16 17 68 8 20 98 22 23 24 
100 99 
best 0.82198688373333
[0m
