1 2 3 4 5 6 7 8 9 10 11 12 13 14 15 16 17 18 19 20 21 22 23 24 [1;32m1200 0.00082539931038637[0m
1 2 3 4 5 6 7 56 9 10 11 12 13 14 33 38 17 18 19 20 21 12 20 24 [1;32m8400 0.0071997174613456[0m
1 2 3 4 5 6 7 56 9 10 11 12 13 14 33 38 17 18 19 72 21 12 20 24 [1;32m13200 0.032825434194861[0m
1 2 3 4 5 6 7 56 9 10 11 12 13 14 92 38 17 18 19 63 21 12 20 24 [1;32m22800 0.066151474617417[0m
1 91 3 4 5 6 7 42 9 10 75 12 13 58 92 38 57 18 19 63 21 12 20 24 [1;32m55200 0.44089383701682[0m
1 91 3 4 5 6 7 42 9 10 75 12 13 58 92 38 57 18 19 63 21 12 51 24 [1;32m64800 0.464077166227[0m
1 91 3 4 5 6 7 42 9 57 75 12 13 58 92 38 57 18 19 63 21 12 51 24 [1;32m78000 0.56392596253118[0m
1 91 3 4 5 6 7 42 9 57 75 12 13 58 92 38 57 18 19 63 21 12 51 24 [1;32m79200 0.56561795730864[0m
1 91 3 4 5 6 7 42 9 57 75 12 13 58 92 38 57 18 19 63 21 12 51 24 [1;32m80400 0.5663867644041[0m
1 91 98 4 5 6 7 42 9 57 75 61 4 80 92 38 57 18 67 63 21 12 51 5 [1;32m136800 0.68675013767013[0m
1 91 98 4 5 6 7 42 9 57 75 96 4 80 92 38 57 18 67 63 21 12 51 5 [1;32m283200 0.73030946309946[0m
1 91 98 4 5 6 7 42 9 57 75 28 4 80 92 62 57 18 67 63 21 12 51 5 [1;32m438000 0.75590206133886[0m
1 91 98 4 5 6 7 42 9 57 75 28 4 80 68 62 57 18 67 63 21 12 51 5 [1;32m440400 0.7821701560325[0m
1 91 98 4 5 6 7 42 9 57 75 28 37 80 68 62 57 18 67 63 21 12 51 5 [1;32m591600 0.78636675620253[0m
seed 61
1 91 98 4 5 6 7 42 9 57 75 28 37 80 68 62 57 18 67 63 21 12 51 5 
100 99 
best 0.78636675620253
[0m
