1 2 3 4 5 6 7 8 9 10 11 12 13 14 15 16 17 18 19 20 21 22 23 24 [1;32m1200 0.00082539931038637[0m
1 2 3 4 5 6 64 8 9 10 11 12 53 14 15 16 42 18 19 27 21 22 23 24 [1;32m6000 0.089578092125305[0m
1 2 3 4 66 6 64 8 9 85 11 12 53 14 15 64 42 18 19 27 21 22 23 24 [1;32m31200 0.2006519036414[0m
1 2 3 4 66 6 64 8 9 85 11 12 53 14 15 64 42 18 19 27 21 27 23 24 [1;32m56400 0.34058794345756[0m
1 2 3 4 66 6 64 8 9 85 11 12 53 14 15 64 42 18 19 27 21 27 23 24 [1;32m57600 0.39867522126505[0m
1 2 3 4 66 6 64 8 9 85 11 12 53 14 15 64 42 18 19 27 21 27 23 24 [1;32m58800 0.44422566277497[0m
1 2 3 4 66 6 64 8 9 85 11 12 53 14 15 64 38 49 19 27 21 27 85 24 [1;32m63600 0.45914880896028[0m
1 2 3 4 66 6 64 8 9 85 11 12 53 14 15 64 38 49 19 27 21 27 85 24 [1;32m64800 0.46733613921775[0m
1 2 3 4 66 6 64 8 9 85 11 12 53 14 15 64 38 49 19 27 21 27 85 24 [1;32m66000 0.46767329833301[0m
1 2 3 4 66 6 64 8 9 85 11 12 53 14 15 64 38 49 19 27 21 27 85 24 [1;32m67200 0.4795232518536[0m
1 2 3 4 66 6 64 8 43 85 11 12 53 14 15 64 38 49 19 27 21 27 85 24 [1;32m102000 0.49537872935884[0m
1 2 3 4 66 6 64 8 43 85 11 12 53 14 15 64 38 49 19 27 21 27 85 24 [1;32m103200 0.49538833640373[0m
1 2 3 4 66 6 64 8 43 85 11 12 53 14 15 64 38 49 19 27 21 27 85 24 [1;32m104400 0.49539998270088[0m
15 2 81 4 66 6 64 8 43 85 11 12 53 14 15 64 14 49 19 20 21 60 85 24 [1;32m112800 0.64464457418588[0m
15 2 81 9 66 6 64 8 43 85 11 12 53 14 15 64 14 49 19 20 21 60 85 24 [1;32m116400 0.71513933487515[0m
28 2 81 9 66 6 82 8 43 85 11 12 4 14 15 64 99 49 19 20 21 89 85 24 [1;32m190800 0.73155263858243[0m
28 2 81 9 66 6 82 8 43 85 11 12 4 14 15 64 99 49 19 20 21 89 85 24 [1;32m192000 0.82495330291779[0m
28 2 81 9 66 6 82 8 43 85 11 12 4 14 15 64 99 49 19 20 21 89 85 24 [1;32m193200 0.82556801100764[0m
28 75 81 9 66 6 82 8 43 85 11 12 4 14 15 64 99 49 19 20 21 89 85 24 [1;32m231600 0.84025222298051[0m
28 73 41 9 66 6 82 8 43 75 11 12 4 14 15 64 99 49 19 20 21 89 85 24 [1;32m256800 0.84495338064742[0m
28 73 41 9 66 6 82 8 43 75 11 12 4 14 15 64 99 49 19 20 21 89 85 24 [1;32m258000 0.87453586532895[0m
28 73 41 9 66 6 82 8 43 75 11 12 4 14 15 64 99 49 19 20 21 89 85 24 [1;32m259200 0.87898950638903[0m
28 33 41 11 17 6 82 66 43 75 11 12 4 14 42 64 99 49 19 20 21 89 85 24 [1;32m343200 0.89235105646637[0m
28 33 41 11 17 6 82 66 43 26 11 12 4 14 42 64 99 49 19 20 21 89 85 24 [1;32m1236000 0.89627275208479[0m
seed 99
28 33 41 11 17 6 82 66 43 26 11 12 4 14 42 64 99 49 19 20 21 89 85 24 
100 99 
best 0.89627275208479
[0m
