1 2 3 4 5 6 7 8 9 10 11 12 14 14 73 16 17 18 19 20 21 22 23 24  [1;32 2400 0.00081934953718844 [0 
1 2 41 4 5 6 19 8 9 97 11 12 14 14 73 16 17 18 19 20 23 22 23 25  [1;32 21600 0.0029639684928857 [0 
1 2 41 82 5 6 19 89 9 13 11 12 14 14 73 16 17 18 19 20 23 22 23 25  [1;32 25200 0.0048669182888986 [0 
1 2 41 9 5 6 19 89 74 13 11 12 14 14 73 16 17 18 19 20 23 22 28 25  [1;32 44400 0.031739012780379 [0 
1 2 41 9 5 6 19 89 23 13 11 12 94 14 73 16 17 18 19 20 23 22 28 25  [1;32 46800 0.032573765597921 [0 
1 2 41 9 5 6 19 89 23 13 11 12 30 14 73 44 5 18 19 20 23 22 28 19  [1;32 50400 0.043673788731819 [0 
1 2 41 9 5 6 19 89 23 13 11 12 30 14 73 44 5 18 19 20 23 22 66 19  [1;32 57600 0.05110994739893 [0 
1 2 41 9 5 6 19 89 23 13 11 12 30 14 73 44 5 18 19 20 23 22 66 19  [1;32 58800 0.051759978328128 [0 
1 2 41 9 5 6 19 89 23 13 11 12 30 14 73 44 5 18 19 20 23 22 66 19  [1;32 60000 0.05513214472116 [0 
1 2 41 9 5 6 19 89 23 13 11 12 30 14 73 94 5 18 19 20 23 22 4 19  [1;32 63600 0.12315630141366 [0 
1 2 41 9 5 6 19 89 23 13 11 12 30 14 73 94 5 18 19 20 23 22 4 19  [1;32 64800 0.12409903715908 [0 
1 2 41 9 5 6 19 89 23 66 11 12 30 14 73 94 5 18 19 20 23 22 4 19  [1;32 74400 0.15592588959276 [0 
1 2 41 9 5 6 19 89 23 66 11 12 30 14 73 94 5 18 19 20 23 22 4 19  [1;32 75600 0.19320632437209 [0 
1 2 41 9 5 6 19 89 23 66 11 12 30 14 73 94 5 18 19 20 23 22 4 19  [1;32 76800 0.19648454677207 [0 
1 2 41 9 5 6 19 89 78 66 11 72 30 14 73 94 81 18 19 20 23 22 4 19  [1;32 231600 0.21529223562598 [0 
1 2 41 9 5 6 19 89 78 66 11 72 30 14 73 94 40 18 19 20 23 22 4 19  [1;32 250800 0.22539959664886 [0 
1 2 41 9 5 6 19 89 78 66 11 72 30 14 73 94 40 18 19 20 23 22 4 19  [1;32 252000 0.23119923210089 [0 
1 2 41 9 5 6 19 89 78 66 11 72 30 14 73 94 40 18 19 20 24 22 4 19  [1;32 325200 0.24191704484667 [0 
1 2 41 9 5 6 19 89 78 66 11 72 24 14 73 94 40 18 19 20 24 22 4 19  [1;32 328800 0.24522714397388 [0 
1 2 41 9 5 6 19 54 78 66 11 72 24 14 47 94 40 18 19 20 24 22 4 19  [1;32 538800 0.414501177492 [0 
1 2 41 9 5 6 19 54 78 66 11 72 24 14 47 94 40 18 19 20 24 22 4 19  [1;32 540000 0.41778323393435 [0 
1 2 50 9 5 6 19 54 78 66 59 72 24 14 47 94 40 18 19 54 53 22 4 19  [1;32 670800 0.49118535639057 [0 
1 2 50 9 5 6 19 54 78 66 59 72 24 14 47 94 40 18 19 54 53 22 4 19  [1;32 672000 0.75751390182796 [0 
1 2 50 9 5 55 19 54 78 66 59 72 24 14 47 94 40 18 19 54 53 22 4 19  [1;32 798000 0.77326495520502 [0 
1 2 50 9 5 55 19 40 78 66 59 72 24 14 47 94 40 18 19 54 53 22 4 19  [1;32 1032000 0.80334788892753 [0 
1 2 50 9 5 55 19 40 78 66 59 72 24 14 44 94 40 18 19 54 66 22 4 19  [1;32 1213200 0.87192940556767 [0 
seed 59
1 2 50 9 5 55 19 40 78 66 59 72 24 14 44 94 40 18 19 54 66 22 4 19 
100 99 
best 0.87192940556767
 [0 
