1 2 3 4 5 6 7 8 9 10 11 12 13 14 15 16 17 18 19 20 21 22 23 24 [1;32m1200 0.0016505109890559[0m
1 2 3 4 5 6 7 8 9 81 11 12 15 14 15 62 17 18 19 20 21 22 23 24 [1;32m24000 0.067615062914597[0m
1 2 3 4 70 18 7 8 9 81 11 12 15 14 15 62 17 18 19 20 94 22 59 24 [1;32m45600 0.21725851579978[0m
1 2 3 4 70 18 7 8 9 81 11 12 56 14 15 62 17 47 44 20 94 22 59 92 [1;32m50400 0.79593168616493[0m
1 2 3 4 70 18 7 8 9 81 11 12 56 14 15 62 17 47 44 20 94 22 59 92 [1;32m51600 0.84534642098453[0m
1 2 3 4 70 18 7 81 9 81 11 12 56 14 15 62 17 47 44 20 94 22 59 92 [1;32m62400 0.84550768224264[0m
1 2 3 4 70 43 7 81 96 81 11 20 23 14 15 62 17 47 44 20 94 22 8 92 [1;32m70800 0.87089030426245[0m
1 2 3 4 70 43 7 81 96 81 11 20 23 14 15 62 17 47 44 20 94 22 8 92 [1;32m72000 0.87249844478306[0m
1 45 3 4 70 43 7 81 96 81 11 20 23 14 15 62 57 47 44 20 94 22 8 92 [1;32m82800 0.87295912643199[0m
1 45 3 4 70 43 7 90 60 81 11 20 23 14 94 62 57 47 16 20 94 91 8 92 [1;32m85200 0.91193151389474[0m
seed 54
1 45 3 4 70 43 7 90 60 81 11 20 23 14 94 62 57 47 16 20 94 91 8 92 
100 99 
best 0.91193151389474
[0m
