1 2 3 4 5 6 7 8 9 10 11 12 13 14 15 16 17 18 19 20 21 22 23 24  [1;32 1200 0.51310489702366 [0 
1 2 3 4 5 6 7 8 9 10 11 12 13 14 15 16 17 18 19 20 21 22 23 24  [1;32 2400 0.55241623155909 [0 
55 2 3 4 5 6 7 30 9 10 11 12 58 14 15 16 81 18 19 20 21 22 23 50  [1;32 27600 0.64739857356226 [0 
55 2 98 4 5 6 7 30 9 10 22 12 58 14 15 16 91 18 19 20 21 22 23 50  [1;32 38400 0.83612977478079 [0 
55 2 98 4 5 6 7 30 9 10 22 12 58 14 15 16 91 18 19 20 21 22 23 50  [1;32 39600 0.84544026068878 [0 
55 2 98 4 5 6 7 30 9 10 22 8 58 14 15 16 91 18 19 20 21 22 23 50  [1;32 54000 0.87389677682552 [0 
11 2 98 4 5 6 7 30 9 10 22 8 58 14 15 16 91 18 19 20 21 22 23 50  [1;32 56400 0.87578363267677 [0 
11 2 25 4 5 6 7 2 9 10 22 8 75 14 15 16 91 18 19 20 97 22 88 50  [1;32 752400 0.89986892097262 [0 
seed 25
11 2 25 4 5 6 7 2 9 10 22 8 75 14 15 16 91 18 19 20 97 22 88 50 
100 99 
best 0.89986892097262
 [0 
