1 2 3 4 5 6 7 8 9 10 11 12 13 14 15 16 17 18 19 20 21 22 23 24 [1;32m1200 0.073353946320717[0m
18 2 3 4 5 6 41 18 63 88 11 12 13 14 15 16 17 18 19 20 21 22 23 24 [1;32m88800 0.077840217344033[0m
18 2 3 4 5 10 41 18 63 88 11 12 87 14 15 16 17 18 19 20 21 22 23 24 [1;32m96000 0.55527409186367[0m
18 2 3 4 5 10 41 18 63 88 11 12 87 14 15 16 17 18 19 20 21 22 23 24 [1;32m97200 0.61019974976835[0m
18 2 3 98 5 10 41 18 63 88 11 12 87 14 15 16 17 18 19 20 21 22 23 24 [1;32m110400 0.77354570413329[0m
18 2 3 98 5 10 41 18 63 88 11 12 87 14 15 16 17 18 19 20 21 22 23 24 [1;32m111600 0.80092315243727[0m
18 2 3 98 5 10 41 18 63 88 11 12 87 14 15 16 17 18 19 20 21 22 23 24 [1;32m112800 0.84744606049742[0m
18 95 11 98 5 10 41 18 63 88 11 12 87 14 15 16 17 18 19 20 21 22 23 24 [1;32m304800 0.85174871661713[0m
18 95 11 98 5 10 41 18 63 88 11 12 87 14 15 16 17 18 19 20 68 22 23 24 [1;32m308400 0.86074781770191[0m
18 95 11 98 5 10 41 18 63 88 11 12 87 14 15 16 17 18 19 20 68 22 23 24 [1;32m309600 0.88389179621255[0m
18 95 11 98 5 10 41 18 63 88 11 12 87 14 15 16 17 19 19 20 91 22 23 84 [1;32m478800 0.89622845822743[0m
18 43 11 98 5 10 41 18 63 88 11 12 87 14 15 16 17 19 19 20 91 22 23 84 [1;32m948000 0.89690396848793[0m
18 43 11 98 5 10 41 18 63 88 11 12 87 14 15 16 72 19 19 20 91 22 23 84 [1;32m1087200 0.90883800962416[0m
seed 37
18 43 11 98 5 10 41 18 63 88 11 12 87 14 15 16 72 19 19 20 91 22 23 84 
100 99 
best 0.90883800962416
[0m
