1 2 3 4 5 6 7 8 9 10 11 12 13 14 15 16 17 18 19 20 21 22 23 24  [1;32 1200 0.0033481269553717 [0 
1 2 3 5 5 6 7 8 23 68 10 12 13 14 15 16 17 18 19 20 21 22 11 24  [1;32 66000 0.063606700417931 [0 
1 82 3 5 5 6 7 8 23 68 10 12 13 12 15 16 17 18 19 22 21 22 11 24  [1;32 68400 0.07380476115321 [0 
1 82 3 5 5 6 7 8 87 68 10 12 72 12 15 16 17 18 19 22 21 22 11 24  [1;32 76800 0.098720341697237 [0 
1 82 3 5 5 6 7 8 87 68 10 12 72 12 15 16 17 18 19 22 21 22 11 24  [1;32 78000 0.10048060362672 [0 
1 82 3 5 5 6 7 8 87 68 10 12 72 12 15 16 17 18 19 22 21 22 11 24  [1;32 79200 0.13406087710215 [0 
1 82 3 5 5 88 7 8 28 68 10 12 72 12 15 16 17 18 19 99 21 22 96 24  [1;32 90000 0.27886342821086 [0 
1 82 3 5 5 88 7 8 28 68 10 12 72 12 15 16 17 18 19 99 21 22 96 24  [1;32 91200 0.34419290830418 [0 
43 82 3 97 5 88 7 8 71 68 10 12 72 12 54 16 17 18 19 99 21 22 96 60  [1;32 106800 0.49525534305696 [0 
43 82 3 97 5 88 7 8 71 68 10 12 72 12 54 16 17 18 19 99 21 22 96 60  [1;32 108000 0.56279160292627 [0 
43 82 3 93 5 88 7 8 71 68 10 12 72 12 54 16 17 18 19 99 21 22 96 60  [1;32 264000 0.56552278337761 [0 
43 82 3 93 5 88 7 8 94 68 10 12 72 12 54 16 91 18 19 99 21 22 96 60  [1;32 272400 0.6174432020111 [0 
43 89 38 79 5 88 7 8 94 68 50 12 72 12 54 16 7 18 19 12 21 22 96 60  [1;32 465600 0.65664876387851 [0 
43 89 38 79 5 88 7 8 94 68 50 12 72 12 54 16 7 18 19 12 21 22 96 60  [1;32 466800 0.78969455859059 [0 
43 89 38 79 5 88 11 8 49 68 50 48 72 12 54 16 7 18 19 12 21 22 96 60  [1;32 657600 0.79727505726846 [0 
83 89 38 8 5 88 11 4 49 68 50 48 72 12 31 16 7 18 19 12 21 22 96 60  [1;32 993600 0.83823477512191 [0 
83 89 38 8 5 88 11 4 49 68 50 48 72 12 31 16 7 18 19 12 21 22 96 60  [1;32 994800 0.85570955560753 [0 
83 89 38 8 5 88 11 4 49 68 50 48 72 12 31 16 7 18 19 12 21 22 96 60  [1;32 996000 0.89567717807478 [0 
seed 94
83 89 38 8 5 88 11 4 49 68 50 48 72 12 31 16 7 18 19 12 21 22 96 60 
100 99 
best 0.89567717807478
 [0 
