1 2 3 47 5 44 7 8 9 10 11 12 13 14 15 16 17 18 19 68 21 22 23 24  [1;32 717600 0.0063339173224846 [0 
43 72 3 47 5 44 7 8 33 10 11 12 13 14 15 40 15 18 19 68 21 22 23 24  [1;32 742800 0.17880053671312 [0 
43 72 3 47 5 44 7 8 33 10 11 12 13 14 15 99 15 18 19 68 21 22 23 80  [1;32 747600 0.41505547656396 [0 
43 72 3 47 5 44 7 8 33 10 11 12 13 14 15 99 15 18 19 68 21 22 23 80  [1;32 748800 0.42114157784493 [0 
43 72 3 47 5 44 7 8 33 16 11 12 13 14 15 99 15 18 19 68 21 22 23 80  [1;32 751200 0.42291242299891 [0 
43 72 3 47 5 44 7 8 33 16 11 12 13 14 15 52 15 18 19 68 21 22 23 80  [1;32 756000 0.47522598545162 [0 
43 72 3 47 5 44 7 11 33 16 11 12 13 14 15 52 15 18 19 68 21 22 23 80  [1;32 758400 0.47538552250654 [0 
43 72 7 47 5 44 7 11 33 16 11 12 60 22 15 86 15 18 19 68 21 22 23 80  [1;32 886800 0.49541838334098 [0 
43 72 7 7 5 44 7 11 33 16 11 12 60 22 15 84 15 18 19 68 21 22 94 80  [1;32 889200 0.49541845840241 [0 
43 34 71 7 85 44 30 11 33 61 11 12 60 22 15 84 15 18 19 68 21 22 94 80  [1;32 1010400 0.49542129624577 [0 
43 34 71 7 85 44 30 11 33 61 11 12 60 22 15 84 88 18 19 68 21 22 94 80  [1;32 1020000 0.49543456942597 [0 
43 34 71 7 85 44 30 15 33 61 85 12 60 22 15 84 66 18 19 68 21 100 94 80  [1;32 1155600 0.7734852628782 [0 
43 34 71 7 85 44 30 15 33 61 85 12 60 22 15 84 66 18 19 68 21 100 94 80  [1;32 1156800 0.85544790967817 [0 
43 34 71 7 85 44 30 15 33 61 85 12 69 22 47 84 66 18 19 68 21 100 94 80  [1;32 1167600 0.87075531382164 [0 
seed 96
43 34 71 7 85 44 30 15 33 61 85 12 69 22 47 84 66 18 19 68 21 100 94 80 
100 99 
best 0.87075531382164
 [0 
