1 2 3 4 5 6 7 8 9 10 11 12 13 14 15 16 17 18 19 20 21 22 23 24 [1;32m1200 0.00082539931038637[0m
1 2 3 4 5 6 7 8 9 10 11 12 13 14 15 16 17 18 19 25 84 22 90 24 [1;32m12000 0.00082646254798975[0m
1 2 3 4 5 6 7 8 9 10 11 12 13 14 15 16 17 18 19 46 84 22 90 24 [1;32m19200 0.080239125166721[0m
1 2 3 4 5 6 7 8 9 92 11 12 13 14 15 16 17 18 19 46 84 22 90 24 [1;32m110400 0.23027278169649[0m
1 2 3 4 5 65 7 8 9 92 11 12 13 80 15 16 17 18 24 46 84 22 90 24 [1;32m187200 0.37648113301702[0m
1 46 3 4 5 65 7 8 9 92 61 12 13 43 15 16 17 18 24 46 17 56 90 24 [1;32m259200 0.44021012609751[0m
1 46 69 4 84 65 7 8 9 56 61 12 13 43 15 16 17 18 24 88 92 56 90 24 [1;32m1308000 0.44998553832994[0m
1 46 69 4 84 65 7 86 9 56 61 12 13 43 15 16 17 18 24 88 92 56 90 24 [1;32m1400400 0.45015115933725[0m
seed 88
1 46 69 4 84 65 7 86 9 56 61 12 13 43 15 16 17 18 24 88 92 56 90 24 
100 99 
best 0.45015115933725
[0m
