72 2 3 4 35 6 7 8 9 10 11 52 13 14 15 51 17 18 19 20 21 22 53 24  [1;32 12000 0.27996341036667 [0 
72 2 3 80 26 6 7 10 9 10 11 52 13 14 35 51 17 18 19 20 21 39 53 24  [1;32 49200 0.58729256251216 [0 
72 2 3 80 26 6 7 10 9 10 11 52 13 14 35 51 17 18 19 20 21 39 53 24  [1;32 50400 0.72733608472071 [0 
72 2 3 80 26 6 7 10 9 10 11 52 13 14 35 51 17 18 19 20 21 39 53 24  [1;32 51600 0.81645283014209 [0 
72 2 57 80 1 6 85 10 9 10 11 52 13 46 35 51 17 18 19 20 21 39 53 24  [1;32 63600 0.84897322103354 [0 
72 2 57 15 1 62 85 10 9 10 11 52 13 46 35 51 17 18 19 20 21 39 53 24  [1;32 69600 0.84905309731382 [0 
72 2 57 15 1 26 85 10 9 47 11 52 13 46 35 51 17 18 19 20 21 39 53 24  [1;32 122400 0.85175257593362 [0 
72 29 57 39 97 26 85 10 9 49 11 52 13 46 35 51 17 18 19 20 21 44 53 24  [1;32 736800 0.85176935854419 [0 
seed 80
72 29 57 39 97 26 85 10 9 49 11 52 13 46 35 51 17 18 19 20 21 44 53 24 
100 99 
best 0.85176935854419
 [0 
