54 2 3 4 5 6 7 8 9 10 11 12 13 14 68 16 17 18 86 20 30 22 90 24  [1;32 21600 0.011292011708512 [0 
54 18 3 4 5 6 7 8 9 10 11 12 13 14 68 16 17 92 86 20 26 22 90 24  [1;32 33600 0.019611064787619 [0 
54 18 3 4 5 6 7 8 30 10 11 12 14 14 68 16 17 92 86 20 26 22 90 24  [1;32 58800 0.027536991648169 [0 
54 18 12 97 5 6 94 8 30 10 11 12 42 14 70 16 17 92 86 20 26 22 90 24  [1;32 230400 0.44277300015139 [0 
54 18 12 97 5 6 94 63 30 10 11 12 42 14 70 16 17 92 86 20 26 38 90 24  [1;32 234000 0.44638937129617 [0 
54 18 12 97 5 14 94 63 30 10 11 12 42 14 70 16 17 92 86 20 26 38 90 24  [1;32 453600 0.52544956224353 [0 
54 18 12 97 5 14 94 92 30 10 11 12 42 14 70 16 17 92 86 20 49 38 90 24  [1;32 745200 0.54436336036192 [0 
54 18 12 97 5 14 94 92 30 41 98 12 42 14 70 16 22 92 86 20 49 38 90 24  [1;32 972000 0.83091577131407 [0 
54 18 12 97 5 14 94 92 30 41 98 12 42 14 70 16 44 92 86 20 49 38 90 24  [1;32 1418400 0.85141747169641 [0 
10 18 12 63 5 14 94 92 30 41 98 12 42 14 70 16 44 93 86 20 24 38 90 76  [1;32 1434000 0.87560533341457 [0 
seed 78
10 18 12 63 5 14 94 92 30 41 98 12 42 14 70 16 44 93 86 20 24 38 90 76 
100 99 
best 0.87560533341457
 [0 
