1 2 3 4 5 6 7 8 9 10 11 12 13 14 15 16 17 18 19 20 21 22 23 24  [1;32 1200 0.21302974485991 [0 
1 98 3 4 5 6 7 8 9 10 11 12 13 14 15 16 17 18 19 20 21 22 23 24  [1;32 30000 0.2653712095939 [0 
1 98 3 4 5 6 7 8 9 10 11 12 13 14 15 16 36 18 19 20 21 22 23 1  [1;32 37200 0.29646777727252 [0 
1 98 3 4 5 6 7 8 39 10 11 12 16 14 64 64 36 18 19 20 77 22 23 1  [1;32 46800 0.44719133497566 [0 
1 98 3 4 5 6 7 8 39 10 11 12 16 14 64 64 36 18 19 20 77 22 23 1  [1;32 48000 0.47465125942979 [0 
1 98 3 4 5 6 7 8 39 10 11 12 16 14 64 64 36 18 19 20 77 22 23 1  [1;32 49200 0.4804745903043 [0 
1 98 3 4 5 6 7 8 39 10 11 12 16 14 64 64 36 18 19 20 77 22 23 1  [1;32 50400 0.48709432074358 [0 
1 98 3 4 5 6 7 8 39 10 11 12 16 14 64 64 36 18 19 20 77 22 23 1  [1;32 51600 0.48997065465856 [0 
1 98 3 4 5 6 7 8 39 10 11 12 16 14 64 64 36 18 19 20 77 22 23 1  [1;32 52800 0.49089993185595 [0 
1 98 3 4 5 6 7 8 39 10 11 12 16 14 64 67 36 18 19 20 77 69 41 1  [1;32 68400 0.56109202942033 [0 
1 98 3 4 5 6 7 8 39 10 11 12 16 14 64 67 36 18 19 20 77 69 41 1  [1;32 69600 0.56884420341298 [0 
1 98 3 4 5 2 7 8 39 10 11 12 16 14 64 67 36 18 19 20 77 69 41 1  [1;32 75600 0.5972482812165 [0 
1 98 3 4 5 2 7 8 39 48 11 12 38 14 64 67 36 18 19 20 77 68 41 1  [1;32 78000 0.65064963154803 [0 
1 98 16 4 5 2 7 8 39 48 11 12 38 14 64 67 36 18 19 20 77 68 41 46  [1;32 90000 0.72331052979284 [0 
1 98 16 4 5 2 7 8 39 48 11 12 38 14 64 67 36 18 19 20 77 68 41 46  [1;32 91200 0.73713586348683 [0 
1 98 16 4 5 2 7 8 39 48 11 12 38 15 64 67 9 18 19 20 77 68 41 46  [1;32 102000 0.78116354198589 [0 
1 98 16 4 5 2 7 8 39 48 11 12 38 15 64 10 9 18 19 20 77 68 41 46  [1;32 127200 0.8064536227894 [0 
1 98 16 4 5 58 7 8 39 48 11 12 38 15 64 10 9 18 19 20 77 68 41 46  [1;32 313200 0.85106531047152 [0 
1 98 16 4 5 76 7 8 39 48 46 12 38 15 64 10 9 18 19 8 77 68 41 46  [1;32 654000 0.85184112170088 [0 
1 98 16 4 5 76 7 8 39 48 46 12 38 15 64 10 9 83 19 8 77 68 41 46  [1;32 787200 0.85219897366145 [0 
1 98 16 4 5 76 7 8 39 48 46 12 38 15 64 10 9 83 68 13 61 78 41 46  [1;32 940800 0.85411425563037 [0 
seed 88
1 98 16 4 5 76 7 8 39 48 46 12 38 15 64 10 9 83 68 13 61 78 41 46 
100 99 
best 0.85411425563037
 [0 
