28 2 32 4 8 6 7 8 9 10 11 65 13 14 15 16 17 18 19 20 21 22 46 24 [1;32m20400 0.065162755778321[0m
28 2 32 4 8 6 7 8 9 10 11 65 13 14 15 16 17 18 19 20 21 22 46 24 [1;32m21600 0.14877641278145[0m
28 2 32 64 8 6 7 8 9 10 12 6 13 14 15 16 17 18 19 20 21 22 59 24 [1;32m30000 0.17203078612646[0m
28 2 32 64 8 52 7 4 9 10 58 6 13 14 15 83 17 18 19 40 21 22 59 24 [1;32m32400 0.21196528909096[0m
28 2 32 64 8 76 7 4 9 10 99 6 13 14 15 83 17 18 19 40 21 10 40 24 [1;32m46800 0.25847320368455[0m
28 2 32 64 8 76 7 4 9 10 99 6 13 14 15 83 17 18 19 40 21 10 40 24 [1;32m48000 0.28227108216195[0m
28 2 32 64 8 76 7 4 9 10 99 6 13 14 15 83 17 18 19 40 21 10 40 24 [1;32m49200 0.28410141773006[0m
82 2 32 64 8 76 7 4 9 10 99 74 27 14 15 83 17 18 19 40 21 10 40 24 [1;32m56400 0.49374446383266[0m
82 2 32 64 8 76 7 4 9 10 99 74 27 14 15 83 17 18 19 40 21 10 40 24 [1;32m57600 0.49539693101586[0m
82 2 32 64 8 76 7 4 9 10 99 74 27 14 15 83 17 18 19 40 21 10 40 24 [1;32m58800 0.49541142860769[0m
82 2 32 64 8 76 7 18 9 10 99 36 27 31 15 83 17 18 19 40 21 10 40 24 [1;32m88800 0.49543100011654[0m
82 46 32 64 8 76 7 72 9 10 99 59 27 31 15 83 67 18 19 40 21 10 40 24 [1;32m387600 0.49543126129917[0m
82 46 32 64 8 76 7 72 9 10 99 59 27 31 15 83 67 18 19 40 21 77 56 24 [1;32m783600 0.49543631050147[0m
seed 10
82 46 32 64 8 76 7 72 9 10 99 59 27 31 15 83 67 18 19 40 21 77 56 24 
100 99 
best 0.49543631050147
[0m
