1 2 90 4 5 6 7 8 9 10 88 12 13 14 15 16 17 18 19 67 21 22 23 24 [1;32m2400 0.42793833523672[0m
1 2 90 4 5 6 7 8 9 10 88 12 13 72 15 16 1 78 19 67 21 22 23 24 [1;32m156000 0.43323514932696[0m
1 2 90 4 5 6 7 8 9 10 88 12 13 72 15 16 1 78 19 67 21 22 23 24 [1;32m157200 0.72678486248523[0m
44 2 90 4 5 6 7 8 9 10 88 7 13 72 15 16 1 78 19 67 21 22 23 24 [1;32m168000 0.75719343315793[0m
44 2 90 4 5 6 7 8 9 10 88 7 13 53 31 16 1 72 19 67 21 22 23 24 [1;32m208800 0.76613033126681[0m
44 2 90 64 5 6 7 8 9 10 88 32 34 53 31 16 1 72 19 67 38 22 23 24 [1;32m212400 0.78041618536678[0m
44 2 90 1 5 6 7 8 9 10 88 32 34 53 31 16 1 72 19 67 38 22 23 82 [1;32m230400 0.8556175650677[0m
44 2 90 1 5 6 7 24 9 10 88 51 7 53 31 16 1 72 19 67 54 41 23 82 [1;32m252000 0.87101424715135[0m
seed 34
44 2 90 1 5 6 7 24 9 10 88 51 7 53 31 16 1 72 19 67 54 41 23 82 
100 99 
best 0.87101424715135
[0m
