32 2 38 4 5 6 7 8 9 10 11 12 14 14 15 16 17 18 19 20 21 22 23 24 [1;32m8400 0.35756734077127[0m
32 2 38 4 5 6 7 80 9 10 11 12 14 14 15 16 17 18 19 20 21 22 23 24 [1;32m97200 0.42822917087154[0m
38 2 38 4 5 6 7 21 9 10 11 12 14 14 15 16 17 18 19 20 79 22 23 24 [1;32m114000 0.43329763347293[0m
38 2 38 4 5 6 7 21 9 10 11 12 14 14 15 16 17 18 19 20 79 22 23 24 [1;32m115200 0.76308242244074[0m
9 2 38 4 5 6 7 21 9 10 11 12 14 14 15 16 17 18 19 20 79 22 23 24 [1;32m147600 0.83241800572188[0m
9 2 38 4 80 6 7 21 9 10 11 12 14 14 15 16 17 18 19 20 79 22 23 24 [1;32m424800 0.83423741881645[0m
58 2 38 4 80 6 7 21 9 10 11 12 14 14 15 16 17 18 19 20 79 22 23 24 [1;32m493200 0.83700254204991[0m
58 2 38 4 40 8 7 21 65 10 11 12 14 14 15 16 17 18 34 20 79 22 46 24 [1;32m718800 0.83887499748519[0m
58 2 38 4 40 8 7 21 65 10 11 12 14 14 15 15 17 18 34 20 79 22 46 24 [1;32m846000 0.84734276727819[0m
58 2 38 4 40 8 80 21 65 10 11 20 31 14 15 15 17 18 34 20 79 81 46 87 [1;32m924000 0.84897516187432[0m
seed 9
58 2 38 4 40 8 80 21 65 10 11 20 31 14 15 15 17 18 34 20 79 81 46 87 
100 99 
best 0.84897516187432
[0m
