1 2 3 4 5 6 7 8 9 10 11 12 13 14 15 16 17 18 19 20 21 22 23 24 [1;32m1200 0.35274796517804[0m
1 2 3 94 5 38 96 8 9 10 11 12 5 14 15 16 17 18 19 20 21 22 23 24 [1;32m14400 0.61732984310746[0m
55 2 3 94 5 38 96 84 74 10 11 12 5 43 15 16 17 18 19 20 90 22 23 24 [1;32m24000 0.7124590579451[0m
74 2 3 94 2 38 96 84 74 35 11 12 5 43 15 16 17 100 19 20 90 22 23 24 [1;32m264000 0.77120457429445[0m
74 2 3 94 2 38 96 84 74 35 11 12 48 43 15 16 17 100 19 20 90 22 23 24 [1;32m285600 0.77980761082309[0m
74 2 63 94 2 41 96 84 74 35 11 12 48 43 15 16 17 100 19 57 90 22 23 24 [1;32m417600 0.83343672970115[0m
74 2 63 94 2 41 96 84 74 35 87 12 48 43 65 16 17 100 19 57 62 22 23 24 [1;32m430800 0.83945608192806[0m
74 2 63 94 2 41 96 10 74 35 87 12 48 43 65 16 17 100 19 57 62 22 11 24 [1;32m459600 0.8455240117445[0m
43 8 63 94 2 41 96 10 74 35 87 12 48 43 65 16 17 100 19 57 62 22 11 24 [1;32m504000 0.86139833022189[0m
43 49 63 94 2 41 96 10 24 35 87 12 48 43 65 16 17 100 19 57 62 22 11 24 [1;32m514800 0.87188008779493[0m
16 49 63 94 2 41 96 10 24 35 87 12 48 43 46 16 17 47 19 57 62 31 11 24 [1;32m986400 0.87623099124479[0m
16 49 63 94 44 41 96 10 24 30 87 12 48 43 46 16 17 47 19 57 12 31 11 24 [1;32m1034400 0.88103796731086[0m
seed 56
16 49 63 94 44 41 96 10 24 30 87 12 48 43 46 16 17 47 19 57 12 31 11 24 
100 99 
best 0.88103796731086
[0m
