1 2 3 4 5 6 7 8 9 10 11 12 13 14 15 16 17 18 19 20 21 22 23 24  [1;32 1200 0.21105081123559 [0 
1 2 3 4 5 15 7 8 92 1 11 12 13 14 15 16 17 18 19 20 21 22 23 24  [1;32 210000 0.43360080869272 [0 
1 2 1 4 5 15 7 8 92 1 26 12 13 14 15 16 17 18 19 20 21 22 23 24  [1;32 238800 0.4342695866337 [0 
1 2 1 4 5 15 7 8 92 1 26 12 13 14 15 16 17 18 19 27 21 22 23 24  [1;32 403200 0.43470598417966 [0 
1 2 1 4 5 77 7 8 92 1 26 12 13 14 72 35 17 18 19 3 19 22 23 24  [1;32 688800 0.44995731020162 [0 
1 2 1 4 5 77 7 8 92 1 26 12 13 14 72 35 17 18 19 3 19 22 23 24  [1;32 690000 0.73522979919019 [0 
1 2 1 100 8 77 7 8 92 1 26 12 13 14 72 54 17 18 23 3 19 9 23 24  [1;32 693600 0.76888745189437 [0 
15 23 1 100 8 77 7 8 92 4 86 12 83 14 72 54 17 18 23 3 19 9 23 24  [1;32 698400 0.79960051632575 [0 
15 23 1 100 8 77 7 8 92 4 86 12 83 14 72 54 17 18 23 3 19 9 23 24  [1;32 699600 0.8505664379052 [0 
15 23 1 100 8 77 7 8 92 4 86 75 83 14 72 54 17 18 23 3 19 9 23 86  [1;32 703200 0.85520813978652 [0 
15 23 1 100 8 77 7 89 49 4 100 75 61 14 72 54 17 18 23 3 19 9 2 86  [1;32 709200 0.86165443982823 [0 
15 23 1 100 8 77 7 89 49 4 100 75 61 14 72 54 48 18 23 15 19 9 2 37  [1;32 781200 0.86382106644614 [0 
51 29 1 100 16 77 7 89 49 4 68 75 61 14 80 54 48 18 23 15 19 9 2 37  [1;32 908400 0.86411043664016 [0 
51 29 1 48 27 77 7 43 49 4 23 75 61 54 80 54 75 18 23 15 19 9 2 37  [1;32 1078800 0.8650073406706 [0 
seed 50
51 29 1 48 27 77 7 43 49 4 23 75 61 54 80 54 75 18 23 15 19 9 2 37 
100 99 
best 0.8650073406706
 [0 
