1 2 7 4 3 6 7 8 9 10 11 12 13 72 15 16 88 18 19 47 21 22 91 24  [1;32 7200 0.26043825126957 [0 
1 2 7 4 3 6 65 87 9 10 11 45 13 72 57 16 88 17 19 47 21 22 91 24  [1;32 27600 0.35709499260024 [0 
1 2 98 4 3 6 65 87 9 10 11 45 13 72 57 16 88 17 19 47 21 22 91 24  [1;32 180000 0.42760399396911 [0 
1 2 98 4 3 6 65 87 9 10 11 45 13 72 57 16 88 17 19 60 21 22 91 24  [1;32 190800 0.89157817633177 [0 
35 2 98 100 3 6 65 87 9 10 11 45 13 78 36 4 88 17 19 60 21 22 91 24  [1;32 199200 0.90994703776668 [0 
35 2 98 100 3 6 65 87 9 10 11 45 13 78 36 4 47 17 19 60 21 22 91 24  [1;32 238800 0.91013671229411 [0 
35 2 98 100 3 6 65 27 9 10 11 45 13 78 36 4 47 17 19 60 21 22 91 24  [1;32 253200 0.91200321216621 [0 
35 2 98 100 3 6 65 27 9 10 11 45 85 78 36 4 47 17 19 60 21 22 91 24  [1;32 344400 0.9128596959208 [0 
35 2 72 9 3 6 65 27 79 10 11 45 85 78 36 4 47 17 100 60 21 22 91 24  [1;32 393600 0.91367723673541 [0 
35 2 72 9 3 6 65 27 79 10 11 45 85 78 36 4 47 17 100 60 21 22 91 17  [1;32 753600 0.91404888870036 [0 
seed 43
35 2 72 9 3 6 65 27 79 10 11 45 85 78 36 4 47 17 100 60 21 22 91 17 
100 99 
best 0.91404888870036
 [0 
