1 2 3 4 5 6 57 8 9 92 11 12 13 14 15 16 17 18 19 20 44 22 23 12  [1;32 24000 0.24088870311237 [0 
1 2 3 4 5 6 57 8 9 92 11 12 13 14 15 32 85 18 23 65 44 22 23 12  [1;32 78000 0.43348091630695 [0 
91 2 3 4 24 6 57 8 9 92 11 12 13 66 15 32 85 18 23 65 44 22 23 28  [1;32 94800 0.77492168204458 [0 
83 2 83 4 24 6 57 8 9 92 15 12 13 66 15 32 85 18 23 65 39 57 23 28  [1;32 105600 0.78498003964441 [0 
83 97 83 4 24 6 31 8 9 92 56 12 13 70 15 32 85 18 23 65 39 57 45 28  [1;32 117600 0.85109736376536 [0 
83 97 83 4 24 6 31 8 9 92 56 12 13 70 15 32 85 18 23 65 39 86 45 28  [1;32 138000 0.85137135936783 [0 
83 72 83 4 24 6 31 8 9 92 56 12 13 70 15 32 85 18 23 65 39 86 45 28  [1;32 230400 0.852044107 [0 
83 72 83 84 24 50 72 8 9 92 19 12 13 70 15 32 56 18 23 65 39 86 45 28  [1;32 750000 0.85395131126062 [0 
83 72 83 84 24 50 72 8 9 92 19 12 13 70 15 32 84 18 23 65 39 86 45 28  [1;32 850800 0.8540410827922 [0 
seed 90
83 72 83 84 24 50 72 8 9 92 19 12 13 70 15 32 84 18 23 65 39 86 45 28 
100 99 
best 0.8540410827922
 [0 
