1 2 3 4 5 6 7 8 9 10 11 12 13 14 15 16 17 18 19 20 21 22 23 24  [1;32 1200 0.2198587069921 [0 
26 2 3 4 5 6 7 8 9 10 11 12 13 14 15 53 40 18 19 20 21 22 23 24  [1;32 30000 0.44461327323128 [0 
26 2 3 4 5 17 7 8 9 10 11 12 13 14 15 53 40 18 19 20 21 22 23 24  [1;32 46800 0.45292294796878 [0 
26 2 3 4 52 17 7 8 9 10 11 12 13 14 15 2 40 18 19 20 21 22 23 24  [1;32 250800 0.50260249408637 [0 
26 2 3 4 52 17 25 8 9 10 44 12 13 63 15 2 40 18 19 20 75 22 23 85  [1;32 294000 0.54453406205331 [0 
26 2 3 4 52 17 25 8 9 10 65 12 13 63 15 2 47 18 19 20 75 22 23 85  [1;32 297600 0.56280181200155 [0 
59 2 3 4 52 17 25 8 9 10 65 12 13 63 15 2 47 18 19 20 75 22 23 85  [1;32 300000 0.59670077169023 [0 
59 2 3 4 52 17 25 8 9 43 65 12 98 63 15 2 37 18 19 20 75 22 23 98  [1;32 306000 0.60071840639233 [0 
59 2 3 4 52 17 25 8 9 43 40 12 98 63 15 2 37 18 19 20 75 22 23 98  [1;32 308400 0.60136743175464 [0 
59 2 3 4 52 17 25 8 9 43 40 12 98 63 100 2 37 18 81 96 75 42 23 98  [1;32 320400 0.65468764958749 [0 
16 2 11 4 52 17 65 8 9 32 40 12 98 63 100 2 37 18 81 96 75 42 23 98  [1;32 378000 0.68509612308152 [0 
16 2 11 4 52 17 65 8 9 32 40 12 98 63 100 2 37 18 81 96 75 42 23 98  [1;32 379200 0.80829805670908 [0 
16 2 11 4 52 17 65 8 9 32 40 12 98 63 100 2 37 18 81 96 75 42 23 98  [1;32 380400 0.8430962564333 [0 
16 2 11 4 52 17 65 8 9 32 40 12 98 63 100 2 37 18 81 96 75 42 23 98  [1;32 381600 0.86361376600429 [0 
16 2 11 6 52 17 65 8 9 32 40 12 98 63 56 2 37 18 81 96 89 56 23 98  [1;32 393600 0.86398774450583 [0 
70 2 11 6 52 17 65 8 9 32 40 12 98 63 56 2 37 18 81 96 89 56 23 98  [1;32 918000 0.86469935771857 [0 
seed 2
70 2 11 6 52 17 65 8 9 32 40 12 98 63 56 2 37 18 81 96 89 56 23 98 
100 99 
best 0.86469935771857
 [0 
