1 2 3 4 5 6 7 8 9 10 11 12 13 14 15 16 17 18 19 20 21 22 23 24 [1;32m1200 0.30884529847984[0m
1 80 3 4 5 6 7 8 9 10 11 12 13 14 15 16 32 18 19 20 21 22 23 24 [1;32m9600 0.34045136689787[0m
1 80 3 4 15 6 7 90 45 10 11 12 13 14 15 43 32 18 19 20 21 22 23 24 [1;32m96000 0.45682523108634[0m
1 80 3 4 15 6 7 90 26 25 11 12 13 14 15 43 32 18 19 20 21 22 23 24 [1;32m99600 0.59070670841354[0m
1 80 3 4 15 6 7 90 59 25 11 12 13 14 43 43 32 18 40 20 21 22 23 24 [1;32m102000 0.59832332001896[0m
1 80 3 4 15 6 7 90 59 25 11 12 13 14 43 43 32 18 40 20 21 22 23 24 [1;32m103200 0.63888780665652[0m
1 80 60 4 15 6 7 90 59 25 11 12 13 14 43 43 32 18 40 20 21 22 23 24 [1;32m122400 0.65079079265456[0m
1 80 10 4 56 59 7 90 59 25 11 12 13 14 43 43 32 18 40 20 21 22 23 24 [1;32m153600 0.65976143215151[0m
1 80 10 4 56 59 7 90 59 25 11 12 13 14 43 43 32 18 40 20 21 22 23 24 [1;32m154800 0.71128330321002[0m
1 80 10 4 56 59 7 90 59 25 11 12 13 14 22 43 32 80 40 20 55 22 100 24 [1;32m168000 0.80589776147343[0m
1 80 10 4 56 59 7 90 59 25 11 12 13 14 22 43 32 80 40 20 55 22 100 24 [1;32m169200 0.86326463891249[0m
1 80 10 4 56 59 7 90 59 8 11 12 13 14 22 43 32 80 40 20 55 22 100 24 [1;32m171600 0.87532832335163[0m
1 80 10 4 56 97 7 90 59 34 11 12 13 14 22 43 51 80 57 20 55 22 16 24 [1;32m309600 0.8925476294408[0m
1 56 10 4 56 97 7 90 59 34 11 12 13 14 22 43 51 80 57 20 55 22 16 24 [1;32m326400 0.8938972624729[0m
7 56 10 4 56 97 7 90 59 89 11 12 13 52 22 43 51 18 57 20 19 22 16 24 [1;32m817200 0.89535496438409[0m
7 56 76 4 56 97 7 90 59 89 11 12 13 52 22 43 51 18 57 20 19 22 16 24 [1;32m830400 0.89831520749508[0m
7 56 76 4 56 97 7 90 59 89 11 12 1 52 22 43 51 18 57 20 19 22 16 24 [1;32m1010400 0.89884008054326[0m
seed 22
7 56 76 4 56 97 7 90 59 89 11 12 1 52 22 43 51 18 57 20 19 22 16 24 
100 99 
best 0.89884008054326
[0m
