1 2 3 4 5 6 7 8 9 10 11 12 13 14 15 16 17 18 19 20 21 22 23 24  [1;32 1200 0.85483033532974 [0 
1 98 3 4 5 6 7 85 9 10 34 12 13 14 15 16 79 18 19 20 21 22 23 24  [1;32 3600 0.86897863267324 [0 
21 98 3 57 5 6 7 85 9 10 34 68 13 14 15 16 79 18 19 20 21 22 23 24  [1;32 25200 0.87264596137067 [0 
21 98 3 57 5 6 70 35 9 10 34 68 13 14 61 16 79 18 86 20 21 22 46 24  [1;32 54000 0.87672614322905 [0 
21 78 3 57 5 6 70 35 9 10 15 68 97 14 61 16 79 18 57 20 63 22 46 24  [1;32 328800 0.87677638957422 [0 
21 93 3 57 5 6 70 35 9 10 15 68 97 14 61 16 79 18 57 20 63 22 46 24  [1;32 568800 0.87810739247625 [0 
seed 19
21 93 3 57 5 6 70 35 9 10 15 68 97 14 61 16 79 18 57 20 63 22 46 24 
100 99 
best 0.87810739247625
 [0 
