1 2 3 4 5 6 7 8 9 10 11 12 13 14 15 16 17 18 19 20 21 22 23 24 [1;32m1200 0.0081717837894223[0m
1 2 3 4 5 6 7 8 12 68 11 12 51 1 15 16 68 18 19 86 21 22 23 24 [1;32m42000 0.53165327519514[0m
1 2 3 4 5 6 7 8 12 68 11 12 51 1 15 16 68 18 79 86 21 22 23 24 [1;32m126000 0.60661659552659[0m
13 2 3 4 5 6 7 8 12 68 11 12 51 1 15 54 68 18 79 86 21 15 92 24 [1;32m148800 0.76461413983885[0m
13 2 3 4 5 6 7 8 12 68 11 12 51 1 15 54 68 18 65 35 21 15 92 24 [1;32m482400 0.83574142364433[0m
13 2 3 4 5 6 7 8 12 68 11 12 51 1 15 54 63 18 65 35 21 15 92 38 [1;32m529200 0.84160001638116[0m
seed 32
13 2 3 4 5 6 7 8 12 68 11 12 51 1 15 54 63 18 65 35 21 15 92 38 
100 99 
best 0.84160001638116
[0m
