1 2 3 4 5 6 7 8 21 10 11 12 13 14 15 16 17 18 19 20 21 22 86 72 [1;32m6000 0.0016509749542691[0m
1 2 7 4 3 6 7 8 21 10 11 12 13 72 15 16 88 18 19 47 21 22 91 72 [1;32m8400 0.7801603083186[0m
1 2 7 4 3 6 7 8 21 10 11 12 13 72 15 16 88 18 19 47 21 22 91 72 [1;32m9600 0.90785889596732[0m
1 2 98 4 3 6 7 8 21 10 11 12 13 72 15 16 88 18 19 47 21 22 91 72 [1;32m343200 0.90902134116933[0m
1 2 90 29 3 6 7 8 21 10 11 12 13 72 15 16 88 18 19 46 21 13 91 4 [1;32m553200 0.91113039580968[0m
1 2 90 29 3 6 7 8 21 10 11 12 19 72 15 16 88 18 19 46 21 13 91 4 [1;32m601200 0.91339908322026[0m
seed 43
1 2 90 29 3 6 7 8 21 10 11 12 19 72 15 16 88 18 19 46 21 13 91 4 
100 99 
best 0.91339908322026
[0m
