1 2 3 4 5 6 35 8 9 10 11 34 13 14 15 16 17 18 58 2 21 22 23 24 [1;32m25200 0.31448015868972[0m
1 2 3 4 5 6 35 8 68 10 11 34 13 14 65 16 17 18 58 2 21 22 23 24 [1;32m30000 0.47090923371211[0m
1 2 3 4 32 6 35 8 68 10 11 34 13 15 42 16 17 18 58 2 21 22 23 24 [1;32m248400 0.79436237349399[0m
1 2 3 4 32 6 35 8 68 10 11 34 13 15 42 16 17 18 58 2 21 22 23 24 [1;32m249600 0.81937201407611[0m
1 2 3 4 32 6 35 8 68 10 11 33 13 25 42 16 17 18 58 2 21 22 23 24 [1;32m253200 0.83054778579087[0m
1 2 3 4 32 6 35 8 68 10 11 33 13 25 42 16 17 18 58 2 21 22 23 24 [1;32m254400 0.83123075627468[0m
1 2 3 4 85 6 35 8 68 10 11 33 13 25 42 16 17 18 58 2 21 22 23 24 [1;32m260400 0.85694571910524[0m
1 2 3 4 85 6 35 61 68 10 11 33 13 25 42 16 17 18 58 2 1 22 57 24 [1;32m421200 0.87122418887403[0m
1 2 3 4 85 13 35 61 68 10 11 33 13 25 42 16 17 18 58 2 1 22 57 24 [1;32m428400 0.87354444692526[0m
1 2 3 4 85 13 35 61 68 10 11 33 13 25 42 16 17 18 58 2 1 22 57 24 [1;32m429600 0.87372410933552[0m
1 2 3 4 85 13 35 61 68 10 11 33 13 25 42 16 17 18 58 2 1 22 57 24 [1;32m430800 0.87560562034806[0m
1 2 3 99 85 73 96 61 68 10 11 33 13 25 42 16 17 18 58 2 100 75 57 24 [1;32m864000 0.87817951225869[0m
1 2 3 99 85 73 96 61 68 10 11 33 13 25 42 16 17 18 58 2 100 10 57 24 [1;32m1206000 0.89915189640207[0m
seed 44
1 2 3 99 85 73 96 61 68 10 11 33 13 25 42 16 17 18 58 2 100 10 57 24 
100 99 
best 0.89915189640207
[0m
