1 2 3 4 5 6 7 8 9 10 11 12 13 14 15 16 17 18 19 20 21 22 23 24 [1;32m1200 0.21947487055668[0m
1 2 3 4 5 6 7 79 9 10 11 47 13 14 15 16 17 18 78 20 21 22 23 24 [1;32m21600 0.56186135347718[0m
1 2 3 4 91 6 7 79 9 10 11 47 13 14 15 16 17 18 78 66 21 22 23 24 [1;32m25200 0.58592656939874[0m
1 2 3 4 91 82 7 79 9 10 11 47 13 87 15 16 15 18 93 66 21 56 23 24 [1;32m27600 0.65838791706171[0m
1 2 3 4 91 82 7 79 9 10 11 84 13 61 15 11 32 18 96 66 21 8 23 24 [1;32m252000 0.75490027187861[0m
1 2 3 4 91 82 7 79 9 10 11 84 13 61 15 11 32 18 96 66 21 8 23 24 [1;32m253200 0.8587674723897[0m
1 2 3 4 91 74 7 79 9 10 11 84 13 61 15 11 32 18 47 66 21 8 72 24 [1;32m255600 0.86326363501809[0m
92 2 3 4 91 57 7 79 9 10 11 84 13 61 15 11 12 18 47 66 21 8 64 24 [1;32m558000 0.86535442229423[0m
92 2 3 4 91 57 7 79 9 10 73 84 13 61 15 11 12 18 47 10 68 8 64 24 [1;32m588000 0.8665653767444[0m
92 2 3 4 91 57 7 79 9 10 73 84 13 61 15 11 85 18 47 10 68 8 64 24 [1;32m628800 0.86742166834058[0m
seed 7
92 2 3 4 91 57 7 79 9 10 73 84 13 61 15 11 85 18 47 10 68 8 64 24 
100 99 
best 0.86742166834058
[0m
