1 2 3 4 5 6 7 8 9 10 11 12 13 14 15 16 17 18 19 20 21 22 23 24 [1;32m1200 0.00082539931038637[0m
83 2 3 11 5 6 7 17 9 10 11 44 13 14 15 16 17 18 19 20 49 22 23 24 [1;32m25200 0.0021494782588392[0m
83 2 3 11 5 6 97 17 9 10 11 44 13 14 15 16 17 18 19 20 49 22 23 24 [1;32m31200 0.0066167241438279[0m
83 2 3 11 5 6 97 17 9 10 11 44 13 14 15 16 17 18 19 20 49 22 23 24 [1;32m32400 0.0066816549565046[0m
83 2 3 11 5 6 97 17 9 10 11 44 13 14 15 16 17 18 19 20 49 22 23 24 [1;32m33600 0.0076805762205888[0m
83 2 46 11 5 6 97 17 71 10 11 44 13 14 15 16 17 49 63 20 49 22 23 24 [1;32m36000 0.028215015289267[0m
83 2 46 1 5 6 97 17 70 10 83 44 13 14 15 16 17 49 90 24 49 22 23 24 [1;32m40800 0.28737280667816[0m
83 2 46 1 52 6 97 17 70 10 83 44 13 23 15 16 17 49 90 24 49 22 26 24 [1;32m44400 0.57467987350249[0m
83 2 46 1 52 6 97 17 70 10 83 44 13 23 15 16 17 49 90 24 49 22 26 24 [1;32m45600 0.63767133132168[0m
83 2 46 1 46 45 97 17 70 44 63 44 13 23 15 16 17 49 90 24 49 22 26 24 [1;32m52800 0.78325546514256[0m
83 2 46 1 46 45 97 17 70 44 63 44 13 23 15 16 17 49 90 24 2 22 26 24 [1;32m134400 0.85525807960701[0m
83 2 46 1 46 45 97 17 70 44 63 44 13 23 15 16 17 49 90 24 2 38 26 24 [1;32m652800 0.85758257586543[0m
seed 11
83 2 46 1 46 45 97 17 70 44 63 44 13 23 15 16 17 49 90 24 2 38 26 24 
100 99 
best 0.85758257586543
[0m
