1 2 3 4 5 6 7 8 9 10 11 12 13 14 15 16 17 18 19 20 21 22 23 24 [1;32m1200 0.21160109991143[0m
1 2 3 4 5 6 7 8 9 10 11 31 13 14 15 16 17 18 19 20 21 22 23 24 [1;32m16800 0.3438809118763[0m
1 2 3 4 31 6 7 8 9 10 11 31 64 14 15 16 17 18 19 20 21 22 23 24 [1;32m27600 0.40385215768021[0m
1 2 1 34 31 6 7 8 9 10 11 31 64 14 15 16 17 18 19 20 21 22 23 24 [1;32m277200 0.75291181782253[0m
1 2 1 34 31 6 7 8 9 10 11 31 64 14 15 16 17 18 19 20 21 22 23 24 [1;32m278400 0.81372863698274[0m
1 2 1 34 31 6 7 8 9 10 11 31 64 14 15 16 17 18 19 20 21 22 23 24 [1;32m279600 0.85465389477696[0m
1 2 1 34 31 6 7 22 9 10 11 31 64 14 15 16 17 18 19 80 21 22 23 24 [1;32m297600 0.85983413235906[0m
1 2 1 34 31 6 7 22 9 10 41 31 64 14 15 16 17 18 19 80 21 22 23 24 [1;32m381600 0.86335841999818[0m
1 2 1 34 31 6 7 83 9 10 41 31 9 54 15 16 9 39 19 80 21 22 23 24 [1;32m744000 0.86422392578273[0m
1 2 1 34 31 6 7 35 9 43 41 31 9 54 15 16 9 39 19 80 21 22 23 24 [1;32m1075200 0.86607751053025[0m
seed 50
1 2 1 34 31 6 7 35 9 43 41 31 9 54 15 16 9 39 19 80 21 22 23 24 
100 99 
best 0.86607751053025
[0m
