1 2 3 4 5 6 7 8 9 10 11 12 13 14 15 16 17 18 19 20 21 22 23 24 [1;32m1200 0.20399913890981[0m
1 2 3 4 5 6 7 8 9 10 11 12 13 5 15 45 17 18 19 20 21 22 23 24 [1;32m82800 0.35942129119493[0m
19 2 3 62 18 6 7 8 9 10 11 12 13 5 15 5 17 18 8 20 21 22 23 24 [1;32m134400 0.62204528497652[0m
19 2 3 62 18 6 7 8 9 10 21 12 13 5 15 5 17 18 8 20 21 22 23 24 [1;32m350400 0.63473114095341[0m
19 2 3 62 18 6 7 8 9 10 21 12 8 5 15 5 17 18 70 20 21 22 23 24 [1;32m465600 0.64637416612964[0m
19 2 96 62 18 6 7 8 9 10 21 23 100 5 15 69 17 18 70 20 91 22 23 24 [1;32m516000 0.73024639303714[0m
seed 58
19 2 96 62 18 6 7 8 9 10 21 23 100 5 15 69 17 18 70 20 91 22 23 24 
100 99 
best 0.73024639303714
[0m
