1 2 3 4 5 6 7 8 9 10 11 12 13 14 15 16 17 18 19 20 21 22 23 24 [1;32m1200 0.0016505109890559[0m
1 2 3 4 5 6 84 8 9 10 11 12 13 14 15 16 17 18 19 20 21 22 23 24 [1;32m24000 0.0062836896082722[0m
1 2 3 4 5 6 84 8 9 10 4 12 13 14 15 16 17 18 33 20 21 22 23 24 [1;32m32400 0.034896268214213[0m
1 2 3 4 5 61 84 8 9 10 4 12 7 14 15 16 17 18 33 20 21 22 23 24 [1;32m54000 0.14638913984943[0m
1 2 3 4 5 61 84 8 9 10 4 12 7 14 15 16 17 18 33 20 21 22 23 24 [1;32m55200 0.56773436817518[0m
1 2 3 4 5 79 84 4 9 10 4 12 7 14 15 16 87 3 33 20 21 22 23 24 [1;32m57600 0.63463172723654[0m
83 2 3 4 5 7 84 4 9 10 4 12 22 14 15 16 79 3 33 49 21 22 23 76 [1;32m72000 0.64437089301485[0m
47 2 3 48 5 7 84 4 9 10 4 12 22 56 30 16 79 3 33 49 21 22 23 76 [1;32m262800 0.76265379336252[0m
47 2 95 48 5 7 84 4 9 10 4 12 52 56 30 16 80 19 33 88 21 22 23 76 [1;32m866400 0.83092366207423[0m
seed 87
47 2 95 48 5 7 84 4 9 10 4 12 52 56 30 16 80 19 33 88 21 22 23 76 
100 99 
best 0.83092366207423
[0m
