98 56 3 4 5 6 7 8 84 20 7 12 13 14 15 16 17 18 19 20 21 22 23 24  [1;32 372000 0.043782285305583 [0 
98 56 9 4 5 6 7 97 84 20 7 12 13 80 15 16 17 18 19 20 21 22 23 24  [1;32 384000 0.12209891956218 [0 
98 56 9 4 5 6 72 97 84 20 7 12 13 80 15 16 17 18 19 20 21 22 23 24  [1;32 489600 0.36507917743281 [0 
98 56 9 4 5 47 72 25 86 20 7 12 13 80 15 16 24 94 19 20 21 22 23 24  [1;32 716400 0.37865108397759 [0 
98 56 9 4 5 47 72 25 83 54 7 12 13 80 34 47 24 94 19 20 21 33 23 24  [1;32 794400 0.39834064847854 [0 
98 56 9 4 5 47 77 25 83 54 7 12 13 80 34 47 24 94 19 20 21 14 22 24  [1;32 808800 0.42930007878283 [0 
seed 12
98 56 9 4 5 47 77 25 83 54 7 12 13 80 34 47 24 94 19 20 21 14 22 24 
100 99 
best 0.42930007878283
 [0 
