1 2 3 4 5 6 7 8 9 10 11 12 13 14 15 16 17 18 19 20 21 22 23 24  [1;32 1200 0.20410968368772 [0 
1 2 3 4 5 6 7 8 9 10 94 12 42 14 15 16 17 18 49 20 21 22 23 24  [1;32 16800 0.43331643806115 [0 
1 2 3 4 5 6 7 8 9 10 94 12 42 14 15 16 49 18 49 20 21 22 23 87  [1;32 24000 0.44253887472434 [0 
1 2 3 4 5 6 7 8 9 10 24 12 42 15 15 16 49 18 49 20 21 22 23 87  [1;32 30000 0.4432561971617 [0 
1 2 3 4 5 6 7 8 9 10 24 12 42 56 15 48 49 65 49 20 21 22 23 87  [1;32 205200 0.45176048806373 [0 
1 2 3 4 5 6 7 8 9 10 94 12 42 56 15 48 65 10 4 20 21 75 23 87  [1;32 423600 0.55920145236828 [0 
1 2 86 4 5 6 7 8 9 10 26 12 42 56 15 48 22 10 4 20 21 91 23 87  [1;32 427200 0.57322690956447 [0 
1 2 86 4 5 6 7 8 9 10 26 12 42 56 15 48 22 10 4 20 56 91 23 89  [1;32 429600 0.61861882303159 [0 
1 2 86 4 5 6 7 78 9 10 26 12 42 56 15 48 22 10 4 20 56 91 23 89  [1;32 440400 0.63510793301318 [0 
1 2 86 4 5 6 7 57 9 78 26 12 42 56 15 48 22 10 4 20 56 91 23 89  [1;32 472800 0.63712349177813 [0 
1 2 86 4 5 6 7 57 9 78 26 12 42 56 15 48 32 10 4 20 56 91 23 89  [1;32 550800 0.64004032666471 [0 
1 2 86 4 5 6 7 57 77 78 94 12 42 51 15 65 32 10 68 20 3 91 23 89  [1;32 553200 0.64398084834624 [0 
23 2 86 4 5 6 7 57 77 8 94 12 42 51 15 65 10 10 68 20 3 10 23 89  [1;32 786000 0.82571497906328 [0 
23 2 86 4 5 6 7 57 77 8 94 12 42 51 15 65 10 10 68 20 3 10 23 89  [1;32 787200 0.86638097676656 [0 
seed 82
23 2 86 4 5 6 7 57 77 8 94 12 42 51 15 65 10 10 68 20 3 10 23 89 
100 99 
best 0.86638097676656
 [0 
