1 2 3 4 5 6 7 8 9 10 11 12 13 14 15 16 17 18 19 20 21 22 23 24 [1;32m1200 0.0033037452952984[0m
1 2 48 4 5 6 37 8 9 10 100 12 13 14 15 16 17 18 19 20 21 22 23 24 [1;32m10800 0.069107765813687[0m
1 2 48 4 5 29 37 8 61 10 100 12 64 40 15 16 17 18 19 20 21 22 23 24 [1;32m49200 0.42997637285627[0m
1 2 48 4 5 29 37 8 61 10 100 12 64 40 39 14 17 18 19 20 21 22 23 24 [1;32m478800 0.44252986370546[0m
1 2 48 4 64 29 37 97 61 10 54 12 64 40 32 14 17 18 19 15 21 49 23 24 [1;32m864000 0.6505111407102[0m
1 2 65 4 64 29 37 97 61 10 54 96 64 93 32 79 17 18 19 15 68 49 23 24 [1;32m906000 0.68317137893585[0m
1 15 65 4 64 29 37 97 61 10 54 96 64 93 32 79 17 18 19 15 68 49 23 24 [1;32m908400 0.72387406387747[0m
1 15 65 19 64 29 37 97 61 10 54 96 64 92 32 70 17 18 19 15 29 49 23 24 [1;32m920400 0.86598371966498[0m
seed 23
1 15 65 19 64 29 37 97 61 10 54 96 64 92 32 70 17 18 19 15 29 49 23 24 
100 99 
best 0.86598371966498
[0m
