1 2 3 4 5 6 7 8 9 10 11 12 13 14 15 16 17 18 19 20 21 22 23 24  [1;32 1200 0.21221266580654 [0 
1 2 3 4 31 6 7 8 9 10 11 12 64 14 15 16 17 18 19 20 21 22 23 24  [1;32 26400 0.40181646625427 [0 
1 2 3 4 31 6 7 68 9 17 11 12 64 14 15 16 66 18 19 20 21 22 23 24  [1;32 194400 0.41806544460439 [0 
1 2 1 34 31 6 7 68 9 17 11 12 64 14 15 16 66 18 19 20 21 22 23 24  [1;32 277200 0.81972782447395 [0 
1 2 1 34 31 6 7 68 9 17 11 12 64 14 15 16 66 18 19 20 21 22 23 24  [1;32 278400 0.84736796574515 [0 
1 2 1 34 31 6 7 68 9 17 11 12 64 14 15 16 66 80 19 20 21 6 23 24  [1;32 295200 0.85706705825438 [0 
1 2 1 34 31 6 7 22 9 17 11 12 64 14 15 16 66 80 19 80 21 6 23 24  [1;32 297600 0.86346930536859 [0 
1 2 1 34 31 6 7 22 9 17 11 12 64 14 15 16 30 80 19 80 21 50 23 24  [1;32 396000 0.86618095226124 [0 
1 2 1 34 31 6 7 22 9 17 11 12 64 29 15 16 30 80 19 80 21 96 23 24  [1;32 1078800 0.86646359740436 [0 
seed 50
1 2 1 34 31 6 7 22 9 17 11 12 64 29 15 16 30 80 19 80 21 96 23 24 
100 99 
best 0.86646359740436
 [0 
