1 2 3 4 5 90 7 8 9 10 11 25 13 14 15 16 36 18 90 37 48 22 23 24  [1;32 7200 0.0018278585055239 [0 
1 2 3 40 5 90 68 15 9 10 11 25 13 61 50 16 36 18 90 37 22 22 23 24  [1;32 16800 0.0072981277733282 [0 
1 58 37 40 5 90 68 4 9 10 11 25 13 61 50 16 36 18 90 37 9 22 23 24  [1;32 19200 0.0086098883718074 [0 
1 58 37 40 5 90 68 4 9 10 11 25 13 61 50 16 36 18 90 37 9 22 23 24  [1;32 20400 0.010173705786557 [0 
1 9 37 40 95 90 68 4 9 10 11 11 13 61 50 16 36 18 90 37 50 22 23 11  [1;32 26400 0.011209747367259 [0 
92 9 37 40 95 90 68 4 98 10 11 11 13 61 25 16 36 92 90 37 50 22 23 11  [1;32 28800 0.034408296083975 [0 
27 9 37 75 95 90 68 4 42 10 11 11 13 61 25 16 36 92 90 16 50 65 23 11  [1;32 45600 0.052103394191916 [0 
27 9 7 75 95 90 68 4 42 10 11 11 13 95 25 16 36 92 90 16 50 65 16 11  [1;32 58800 0.43078853214305 [0 
27 9 7 75 95 90 68 4 42 10 11 11 13 95 25 16 36 92 90 16 50 65 16 11  [1;32 60000 0.55642590382548 [0 
27 29 27 82 95 90 68 4 42 10 11 23 13 95 25 16 36 92 90 16 50 65 16 11  [1;32 88800 0.80417422476852 [0 
27 29 27 82 95 90 68 4 42 10 11 23 13 95 25 16 36 92 90 16 50 65 16 11  [1;32 90000 0.88585878538646 [0 
27 29 27 82 95 48 68 48 42 15 11 23 13 95 36 16 36 92 90 10 50 65 16 11  [1;32 117600 0.89032210666034 [0 
99 29 27 82 95 48 68 48 42 15 11 23 13 95 36 16 36 92 90 10 50 65 16 11  [1;32 1122000 0.89050679413188 [0 
3 29 27 5 65 48 68 48 42 15 11 23 13 95 36 16 36 58 90 10 50 32 16 11  [1;32 1155600 0.89207722243625 [0 
seed 63
3 29 27 5 65 48 68 48 42 15 11 23 13 95 36 16 36 58 90 10 50 32 16 11 
100 99 
best 0.89207722243625
 [0 
