1 2 3 4 5 6 7 8 9 10 11 12 13 14 15 16 17 18 19 20 21 22 23 24  [1;32 1200 0.0016505109890559 [0 
1 2 76 4 5 8 7 8 9 10 11 12 13 49 15 16 17 18 19 20 21 67 90 24  [1;32 7200 0.24688792744907 [0 
1 2 76 4 5 8 7 8 9 10 11 12 13 49 15 16 17 18 19 20 21 67 90 24  [1;32 8400 0.24770048965011 [0 
1 2 76 4 5 8 7 8 9 10 11 12 13 49 15 16 17 18 19 20 21 67 90 24  [1;32 9600 0.24770356381494 [0 
9 53 76 4 5 8 63 8 9 10 11 12 13 9 27 16 17 18 19 20 21 67 90 24  [1;32 289200 0.31108817788783 [0 
9 53 76 4 5 8 63 8 9 10 11 12 13 9 27 16 17 18 19 20 21 67 90 24  [1;32 290400 0.33649079731525 [0 
9 53 76 4 5 8 63 8 9 10 11 12 13 9 27 16 17 95 19 59 21 67 90 24  [1;32 351600 0.61274239067652 [0 
9 53 76 4 5 8 63 8 9 10 11 12 13 9 27 16 17 95 19 59 21 67 90 24  [1;32 352800 0.62776810108888 [0 
9 53 76 4 5 8 63 46 9 10 11 12 13 9 27 16 17 95 19 59 21 67 90 24  [1;32 355200 0.7881900989618 [0 
9 53 59 4 5 58 63 32 9 10 11 12 13 9 27 16 17 95 19 59 62 67 90 24  [1;32 542400 0.84176588401955 [0 
seed 98
9 53 59 4 5 58 63 32 9 10 11 12 13 9 27 16 17 95 19 59 62 67 90 24 
100 99 
best 0.84176588401955
 [0 
