1 2 3 4 5 6 7 8 9 10 11 12 13 14 15 16 17 18 19 20 21 22 23 24  [1;32 1200 0.2716413197722 [0 
1 2 3 4 5 6 7 8 9 10 11 12 13 14 15 16 17 18 19 20 21 22 23 24  [1;32 2400 0.28401934584812 [0 
1 2 3 15 5 6 100 8 9 10 11 12 13 14 15 16 17 18 26 20 21 22 23 24  [1;32 44400 0.4299491487936 [0 
1 2 3 15 5 6 100 8 9 10 11 12 13 14 15 16 17 18 26 20 21 22 23 24  [1;32 45600 0.4921331839325 [0 
1 2 3 15 5 6 100 8 10 10 11 12 13 14 15 16 17 18 26 99 21 22 23 24  [1;32 228000 0.49221569915999 [0 
1 2 3 15 5 6 100 8 10 10 11 12 13 14 15 16 17 18 26 99 21 22 23 24  [1;32 229200 0.49479037212643 [0 
1 2 3 15 5 6 100 8 10 10 11 12 13 14 15 16 17 18 26 99 21 36 23 24  [1;32 231600 0.49499084508426 [0 
1 2 3 37 40 6 100 8 10 10 53 12 13 14 45 78 17 18 26 99 21 36 23 58  [1;32 332400 0.49950658612604 [0 
1 2 3 37 40 6 100 8 10 10 47 12 13 14 2 78 17 18 26 99 21 36 23 58  [1;32 334800 0.50034340314881 [0 
seed 79
1 2 3 37 40 6 100 8 10 10 47 12 13 14 2 78 17 18 26 99 21 36 23 58 
100 99 
best 0.50034340314881
 [0 
