28 2 3 4 5 96 7 6 9 10 11 12 13 14 15 16 46 29 19 20 21 22 23 24 [1;32m1052400 0.00082691834761107[0m
28 2 3 4 99 96 7 6 9 10 11 12 13 14 42 16 52 29 19 21 21 22 23 24 [1;32m1118400 0.10620296355496[0m
28 2 3 4 99 96 7 6 9 10 11 12 13 14 42 16 52 29 19 21 21 22 23 24 [1;32m1119600 0.26136825398701[0m
28 2 3 4 99 96 7 6 9 10 11 12 13 14 42 16 52 29 57 21 21 22 23 24 [1;32m1131600 0.30964642115167[0m
28 2 3 4 99 96 7 6 9 10 11 12 13 14 68 16 52 17 57 73 21 22 23 49 [1;32m1189200 0.35628474151163[0m
28 2 3 4 99 96 100 6 9 10 11 12 13 14 68 16 52 17 47 73 55 22 23 22 [1;32m1197600 0.75056355849145[0m
28 2 3 4 99 96 100 6 9 10 49 34 13 85 68 16 52 4 47 73 55 22 23 22 [1;32m1376400 0.87329230079985[0m
28 2 89 4 99 96 100 6 9 10 49 34 13 85 68 16 52 4 47 73 55 22 23 22 [1;32m1413600 0.87711629710944[0m
28 2 89 4 99 96 100 6 9 10 49 34 13 85 68 16 52 4 47 73 55 22 23 22 [1;32m1414800 0.88252115599457[0m
28 74 89 4 99 96 100 6 9 10 49 62 13 85 77 16 52 60 47 78 55 22 23 22 [1;32m1418400 0.88754762454583[0m
seed 7
28 74 89 4 99 96 100 6 9 10 49 62 13 85 77 16 52 60 47 78 55 22 23 22 
100 99 
best 0.88754762454583
[0m
