54 2 3 4 5 6 7 8 9 10 11 12 13 14 68 16 17 18 86 20 30 22 90 24  [1;32 21600 0.17619578038597 [0 
54 26 3 4 5 6 7 8 9 10 11 12 13 14 68 16 17 18 86 20 30 22 90 24  [1;32 60000 0.19428728260252 [0 
54 26 3 4 5 6 7 8 9 10 11 51 13 14 68 16 17 18 86 20 22 22 90 24  [1;32 80400 0.44102895800363 [0 
28 26 3 4 5 6 7 24 29 10 11 51 92 14 68 16 17 18 86 20 22 22 90 24  [1;32 85200 0.44422790766222 [0 
28 26 3 4 5 6 7 24 29 10 11 51 92 14 68 16 17 18 86 20 49 22 90 24  [1;32 93600 0.44609084108704 [0 
28 26 3 4 5 6 7 79 29 10 11 51 92 14 68 16 17 18 86 20 49 22 90 24  [1;32 219600 0.46028777482322 [0 
28 26 3 4 5 6 30 79 29 10 11 51 92 14 68 16 81 18 86 20 49 22 90 24  [1;32 354000 0.46745507152644 [0 
28 26 3 4 5 6 30 79 29 10 11 51 92 14 68 16 81 18 86 20 49 93 90 24  [1;32 536400 0.75930605005118 [0 
28 14 3 51 5 6 30 79 39 10 11 31 17 14 68 16 81 18 86 20 49 93 90 24  [1;32 588000 0.84567173211305 [0 
28 14 3 51 5 6 30 79 39 10 11 31 17 14 68 16 81 18 86 20 49 93 90 24  [1;32 589200 0.86618959907222 [0 
28 14 3 51 5 6 30 79 39 10 11 31 17 14 68 16 81 18 86 20 49 93 90 24  [1;32 590400 0.88625789617799 [0 
28 14 3 51 5 6 100 24 3 10 11 31 17 14 68 16 81 18 86 20 49 93 90 15  [1;32 630000 0.89964476574405 [0 
seed 78
28 14 3 51 5 6 100 24 3 10 11 31 17 14 68 16 81 18 86 20 49 93 90 15 
100 99 
best 0.89964476574405
 [0 
