89 2 3 4 5 6 7 99 9 58 11 12 13 14 15 16 17 18 29 20 41 22 23 24 [1;32m44400 0.042327918828079[0m
89 2 3 4 5 6 7 99 9 58 11 12 13 14 15 16 17 99 29 20 41 22 23 24 [1;32m92400 0.30614809993481[0m
89 95 3 4 5 6 7 99 9 58 81 12 95 14 15 20 17 99 29 20 20 22 23 24 [1;32m106800 0.57026932045752[0m
89 95 3 4 5 6 7 99 9 58 81 12 95 14 15 20 17 99 29 20 20 22 23 24 [1;32m108000 0.63585231168647[0m
89 95 3 56 5 6 7 99 9 58 81 12 95 14 72 20 17 99 29 20 51 22 23 24 [1;32m118800 0.65326644131427[0m
89 95 3 56 5 6 7 99 9 58 81 12 95 14 72 20 17 99 29 20 51 22 23 24 [1;32m120000 0.67253098337668[0m
89 95 3 56 5 6 7 99 9 58 81 12 95 14 72 20 17 99 29 20 19 22 23 24 [1;32m128400 0.72260332212911[0m
89 95 3 56 5 6 7 99 9 58 81 12 95 14 72 20 17 99 29 20 19 22 23 24 [1;32m129600 0.75716636101394[0m
89 95 3 56 5 95 7 99 9 58 18 12 95 14 29 38 17 99 29 20 19 22 23 24 [1;32m336000 0.83007787057516[0m
89 95 3 56 23 95 7 99 9 58 18 12 95 14 29 76 27 99 29 10 19 50 11 24 [1;32m435600 0.84333542923938[0m
89 95 3 56 23 95 7 99 9 58 18 12 95 14 29 76 27 99 29 10 19 50 11 24 [1;32m436800 0.84369046548874[0m
89 95 3 56 23 95 7 99 9 58 18 12 95 14 29 76 27 99 29 10 19 50 11 24 [1;32m438000 0.8690854658[0m
89 95 3 61 23 95 7 99 9 58 18 12 95 14 83 76 10 99 29 10 19 50 11 24 [1;32m721200 0.87033272058064[0m
89 95 3 61 23 95 7 99 9 54 18 12 95 14 83 76 10 99 29 10 19 93 11 24 [1;32m1287600 0.87243896576659[0m
89 95 3 61 94 95 86 99 9 54 18 12 95 40 83 76 10 99 29 77 19 93 11 22 [1;32m1330800 0.88583337829739[0m
seed 7
89 95 3 61 94 95 86 99 9 54 18 12 95 40 83 76 10 99 29 77 19 93 11 22 
100 99 
best 0.88583337829739
[0m
