1 2 3 4 5 6 7 8 9 10 11 12 13 14 15 16 17 18 19 20 21 22 23 24  [1;32 1200 0.2198587069921 [0 
1 2 3 4 5 6 7 8 9 10 11 12 13 14 15 16 17 81 25 51 21 51 23 87  [1;32 16800 0.42563521441769 [0 
71 2 3 4 5 6 7 34 96 20 11 12 13 14 15 92 17 81 25 51 16 51 23 87  [1;32 322800 0.43786764286662 [0 
71 7 3 4 5 71 7 34 96 20 11 12 4 14 15 92 1 81 25 51 16 51 23 87  [1;32 331200 0.44884800641061 [0 
78 7 3 4 5 71 13 34 28 20 11 12 4 14 53 92 1 81 25 63 16 51 23 87  [1;32 465600 0.6986430871068 [0 
78 7 3 4 5 71 13 34 28 20 11 12 4 14 53 92 1 81 25 63 16 51 23 87  [1;32 466800 0.70563030936133 [0 
78 7 3 4 5 71 13 34 28 20 11 12 4 14 53 92 1 81 25 63 16 51 23 87  [1;32 468000 0.72894534123704 [0 
78 7 3 4 5 71 13 34 28 20 11 12 4 14 53 92 1 81 25 63 16 51 23 87  [1;32 469200 0.73261883383169 [0 
78 7 3 4 5 71 13 34 28 20 11 12 4 14 53 92 1 81 25 63 16 51 23 87  [1;32 471600 0.73322057987533 [0 
78 7 3 4 5 71 13 34 28 20 11 12 4 14 53 92 1 81 25 63 16 51 23 87  [1;32 472800 0.736629263251 [0 
78 7 3 4 5 45 31 34 28 20 11 12 4 14 53 92 1 66 25 36 16 51 23 87  [1;32 484800 0.74242057828694 [0 
78 7 3 4 5 45 31 34 28 20 11 12 4 14 53 92 1 66 25 60 16 51 23 87  [1;32 496800 0.81757168077032 [0 
78 7 3 4 5 45 31 34 28 20 11 12 4 14 53 92 1 66 25 60 16 51 23 87  [1;32 498000 0.8832173722587 [0 
78 7 3 67 5 45 31 34 28 69 11 12 4 95 53 92 1 66 25 80 16 51 23 87  [1;32 547200 0.90523498834027 [0 
seed 11
78 7 3 67 5 45 31 34 28 69 11 12 4 95 53 92 1 66 25 80 16 51 23 87 
100 99 
best 0.90523498834027
 [0 
