1 2 3 4 5 6 7 8 9 10 11 12 13 14 15 16 17 18 19 20 21 22 23 24 [1;32m1200 0.17340573058766[0m
1 2 3 4 5 6 7 8 9 10 11 12 13 14 15 16 17 18 19 20 21 22 23 24 [1;32m2400 0.17728927337942[0m
1 2 3 4 5 6 7 6 9 10 11 18 13 23 15 16 26 18 19 20 21 22 23 24 [1;32m6000 0.19897777050815[0m
1 2 3 4 57 6 7 6 9 52 11 87 13 23 15 16 26 18 19 20 21 89 23 24 [1;32m68400 0.33552504831283[0m
1 2 3 1 57 6 7 6 9 52 11 87 13 23 15 16 26 18 11 53 21 89 23 34 [1;32m76800 0.49702301196569[0m
1 2 3 1 57 6 7 6 9 52 40 87 75 23 15 16 26 18 96 53 21 38 23 34 [1;32m457200 0.49795736406317[0m
seed 28
1 2 3 1 57 6 7 6 9 52 40 87 75 23 15 16 26 18 96 53 21 38 23 34 
100 99 
best 0.49795736406317
[0m
