1 2 3 4 5 6 7 8 9 10 11 12 13 14 15 16 17 18 19 20 21 22 23 24 [1;32m1200 0.2198587069921[0m
1 2 3 4 5 6 30 76 9 21 97 2 13 14 15 16 17 18 19 20 21 22 23 24 [1;32m590400 0.54498904023505[0m
1 2 65 4 5 6 30 76 9 21 97 2 13 14 15 16 17 18 19 20 21 22 23 24 [1;32m627600 0.57911541789902[0m
1 22 65 71 5 6 30 76 63 84 46 58 13 14 15 16 17 18 19 20 21 22 23 24 [1;32m630000 0.62325610402901[0m
1 46 65 71 5 54 30 76 63 84 46 58 13 14 15 16 4 37 19 20 21 22 23 54 [1;32m751200 0.76597782384387[0m
seed 88
1 46 65 71 5 54 30 76 63 84 46 58 13 14 15 16 4 37 19 20 21 22 23 54 
100 99 
best 0.76597782384387
[0m
