1 4 3 4 5 6 20 8 9 18 11 12 60 14 15 16 17 18 19 20 21 22 23 24  [1;32 7200 0.00068183233952872 [0 
1 47 3 4 97 6 92 8 9 18 11 12 60 14 15 16 21 18 26 20 21 22 23 24  [1;32 12000 0.0052502304271886 [0 
1 47 3 4 97 6 92 53 9 18 11 57 60 14 15 16 21 18 26 78 49 22 23 24  [1;32 15600 0.069805921118227 [0 
1 47 3 4 97 6 92 53 9 18 11 57 60 14 15 16 21 18 26 78 49 22 23 24  [1;32 16800 0.074210050230565 [0 
1 47 3 4 97 6 92 53 9 18 11 57 60 14 15 16 21 18 26 78 49 22 23 24  [1;32 18000 0.075167264856932 [0 
1 44 79 4 97 6 92 53 9 18 11 57 6 14 15 16 21 18 26 78 49 22 23 24  [1;32 20400 0.10745199349173 [0 
60 44 79 4 97 6 92 53 87 18 11 57 6 25 15 16 21 18 26 78 49 22 23 24  [1;32 38400 0.10965199584124 [0 
60 44 14 4 97 6 56 53 79 18 11 57 6 25 15 16 21 18 26 78 49 22 23 24  [1;32 46800 0.13215108581307 [0 
76 44 14 4 97 6 56 53 79 18 11 57 6 25 15 16 21 18 26 78 49 22 23 24  [1;32 49200 0.1457853014546 [0 
28 44 62 82 97 6 56 93 79 18 11 57 6 25 38 16 21 18 26 78 49 22 23 24  [1;32 102000 0.18660088166868 [0 
28 44 62 82 97 6 56 93 79 18 11 57 6 25 38 16 21 18 26 78 49 22 23 24  [1;32 103200 0.20766997092529 [0 
28 82 62 30 97 6 56 93 79 81 32 57 6 25 38 16 21 18 26 42 49 22 23 24  [1;32 105600 0.23921315291887 [0 
28 82 10 30 97 6 56 17 79 81 32 57 6 25 5 16 21 18 26 42 49 22 64 24  [1;32 108000 0.36242742690744 [0 
28 82 10 30 97 6 56 17 79 19 32 57 6 25 5 72 21 18 26 100 94 22 64 24  [1;32 123600 0.64271032609152 [0 
28 82 10 30 97 6 56 17 79 50 32 57 80 25 5 72 21 18 26 100 94 22 64 24  [1;32 126000 0.6481463319177 [0 
28 82 10 30 97 6 56 17 79 50 32 57 80 25 5 72 21 18 26 100 94 22 64 24  [1;32 127200 0.75005381886301 [0 
28 82 10 30 97 6 56 17 79 50 32 57 80 25 5 72 21 18 26 100 94 22 64 24  [1;32 128400 0.80519916146765 [0 
55 82 4 30 97 6 56 17 11 50 32 96 80 25 5 72 21 18 22 100 94 22 64 24  [1;32 196800 0.85093427396821 [0 
12 82 4 30 97 6 56 17 11 50 32 96 80 25 5 72 21 18 22 100 94 22 64 24  [1;32 397200 0.87167277430859 [0 
seed 64
12 82 4 30 97 6 56 17 11 50 32 96 80 25 5 72 21 18 22 100 94 22 64 24 
100 99 
best 0.87167277430859
 [0 
