1 2 3 4 5 6 7 8 9 10 11 12 13 14 15 16 17 18 19 20 21 22 23 24 [1;32m1200 0.00082520525639804[0m
1 2 3 4 81 1 7 8 9 10 11 12 13 89 15 16 17 18 19 20 21 71 34 24 [1;32m7200 0.44658032526992[0m
1 2 3 39 81 17 7 8 54 10 11 12 13 89 22 16 79 18 19 20 21 71 34 46 [1;32m20400 0.75393159353736[0m
1 2 3 39 81 17 7 8 54 54 11 12 13 89 22 16 79 18 96 20 21 71 34 87 [1;32m52800 0.83262806116591[0m
1 2 3 39 81 17 7 8 54 54 11 12 13 21 47 16 79 18 11 20 21 71 34 87 [1;32m408000 0.85109749165184[0m
1 2 22 39 81 17 7 8 54 54 11 77 13 21 47 16 79 18 11 20 21 71 97 87 [1;32m529200 0.86227943266777[0m
1 2 68 39 81 17 7 8 54 54 11 77 13 21 47 16 79 18 11 20 21 71 97 87 [1;32m532800 0.90016925458846[0m
seed 64
1 2 68 39 81 17 7 8 54 54 11 77 13 21 47 16 79 18 11 20 21 71 97 87 
100 99 
best 0.90016925458846
[0m
