1 2 3 4 5 6 7 8 9 10 11 12 13 14 15 16 17 18 19 20 21 22 23 24  [1;32 1200 0.002256285673398 [0 
1 2 3 4 5 6 7 8 9 10 11 12 13 14 15 16 17 18 19 20 21 22 23 24  [1;32 2400 0.002872011820811 [0 
1 2 3 4 5 6 7 8 9 10 11 12 13 14 15 16 17 18 19 20 21 22 23 24  [1;32 3600 0.0039999412180986 [0 
1 2 3 4 5 6 7 8 9 10 11 12 13 14 15 16 17 18 19 20 21 22 23 24  [1;32 4800 0.0043206184940545 [0 
1 2 3 4 5 6 7 8 9 10 11 12 13 14 15 16 17 18 19 20 21 22 23 24  [1;32 6000 0.0058703349597519 [0 
37 2 3 4 5 6 7 8 9 10 11 12 13 14 15 14 17 18 19 6 21 22 23 24  [1;32 10800 0.0075248300543473 [0 
37 36 3 4 5 6 7 8 42 98 11 12 13 14 84 14 17 18 87 6 21 22 23 24  [1;32 16800 0.031338003937301 [0 
37 88 3 4 5 6 7 8 42 98 62 12 13 14 57 14 17 18 100 6 59 22 23 24  [1;32 33600 0.10049343818495 [0 
37 88 3 4 5 6 7 8 25 98 62 12 13 14 57 14 17 85 100 6 59 22 23 59  [1;32 188400 0.81545680171993 [0 
37 88 3 4 5 6 7 8 25 98 62 12 13 14 57 14 17 85 100 6 59 22 23 59  [1;32 189600 0.87247084147873 [0 
37 88 3 4 5 6 7 8 25 98 62 12 13 14 57 14 17 85 100 6 59 22 23 59  [1;32 190800 0.89065304599205 [0 
37 88 3 4 5 8 7 8 25 98 62 12 13 93 57 14 17 85 100 6 59 22 23 59  [1;32 200400 0.90159266380916 [0 
37 88 3 4 5 8 7 35 25 98 14 12 13 93 57 14 17 38 100 6 59 22 23 59  [1;32 208800 0.90233253241606 [0 
37 88 3 4 5 8 7 35 25 98 14 12 13 93 99 14 17 38 100 6 59 22 23 59  [1;32 212400 0.90316017715518 [0 
37 88 63 4 5 93 20 35 25 98 62 12 90 93 99 14 17 38 100 6 59 22 23 59  [1;32 230400 0.90325320248503 [0 
37 88 63 4 5 93 20 35 25 76 26 95 90 93 79 14 17 38 100 6 59 22 23 59  [1;32 357600 0.90357502521508 [0 
37 88 63 4 6 93 11 35 25 76 26 95 90 93 79 14 17 15 100 6 59 22 11 59  [1;32 458400 0.90421533053343 [0 
37 88 63 4 6 93 11 35 25 76 26 95 90 93 79 14 17 15 100 6 1 22 92 59  [1;32 679200 0.90683346010198 [0 
seed 40
37 88 63 4 6 93 11 35 25 76 26 95 90 93 79 14 17 15 100 6 1 22 92 59 
100 99 
best 0.90683346010198
 [0 
