1 2 3 4 5 6 7 8 9 10 11 12 13 14 15 16 17 18 19 20 21 22 23 24 [1;32m1200 0.20399702698903[0m
1 2 3 4 64 96 7 8 9 10 11 12 13 14 15 16 17 18 19 20 21 22 23 24 [1;32m4800 0.36108021755357[0m
1 2 3 4 64 96 7 8 9 10 11 12 13 14 15 16 17 18 19 20 21 22 23 24 [1;32m6000 0.40930476507422[0m
1 20 3 4 64 53 7 8 3 10 11 12 13 14 15 16 17 18 19 20 21 13 23 24 [1;32m12000 0.41456728326206[0m
1 20 3 4 64 53 7 8 3 10 11 12 13 99 4 22 17 18 19 20 21 100 20 24 [1;32m14400 0.80008671853064[0m
1 20 3 4 64 53 7 8 3 10 11 12 13 99 4 22 17 18 19 20 21 100 20 24 [1;32m15600 0.86610783901158[0m
1 20 47 4 64 60 7 8 3 82 11 12 13 99 4 22 17 18 19 20 85 100 20 48 [1;32m38400 0.8751600965507[0m
1 20 47 10 64 60 7 8 3 82 11 12 13 99 4 22 17 90 19 20 85 100 20 48 [1;32m141600 0.87577651627035[0m
9 20 2 10 64 60 7 21 3 82 11 12 60 99 1 89 17 90 19 20 85 100 20 48 [1;32m156000 0.87673505170712[0m
9 20 2 10 64 60 7 21 3 82 11 12 60 99 1 89 17 90 19 20 85 100 20 44 [1;32m655200 0.87687605729817[0m
9 20 2 10 64 60 7 21 3 82 41 12 60 99 1 89 17 90 19 20 63 100 20 44 [1;32m986400 0.87704778915171[0m
9 20 2 10 64 60 7 21 3 82 41 12 60 99 1 89 49 90 19 20 63 100 20 44 [1;32m1225200 0.87712998958861[0m
seed 10
9 20 2 10 64 60 7 21 3 82 41 12 60 99 1 89 49 90 19 20 63 100 20 44 
100 99 
best 0.87712998958861
[0m
