1 2 3 4 5 6 7 8 9 10 11 12 13 14 15 16 17 18 19 20 21 22 23 24 [1;32m1200 0.21302974485991[0m
1 98 3 4 5 6 7 8 9 10 11 12 13 14 15 16 17 18 19 20 21 22 23 24 [1;32m30000 0.2653712095939[0m
1 98 3 4 5 6 7 8 9 10 11 12 13 14 15 16 36 18 19 20 21 22 23 1 [1;32m37200 0.29646777727252[0m
1 98 3 4 5 6 7 8 39 10 11 12 16 14 64 64 36 18 19 20 77 22 23 1 [1;32m46800 0.44719133497566[0m
1 98 3 4 5 6 7 8 39 10 11 12 16 14 64 64 36 18 19 20 77 22 23 1 [1;32m48000 0.47465125942979[0m
1 98 3 4 5 6 7 8 39 10 11 12 16 14 64 64 36 18 19 20 77 22 23 1 [1;32m49200 0.4804745903043[0m
1 98 3 4 5 6 7 8 39 10 11 12 16 14 64 64 36 18 19 20 77 22 23 1 [1;32m50400 0.48709432074358[0m
1 98 3 4 5 6 7 8 39 10 11 12 16 14 64 64 36 18 19 20 77 22 23 1 [1;32m51600 0.48997065465856[0m
1 98 3 4 5 6 7 8 39 10 11 12 16 14 64 64 36 18 19 20 77 22 23 1 [1;32m52800 0.49089993185595[0m
1 98 3 4 5 6 7 8 39 10 11 12 16 14 64 67 36 18 19 20 77 69 41 1 [1;32m68400 0.56109202942033[0m
1 98 3 4 5 6 7 8 39 10 11 12 16 14 64 67 36 18 19 20 77 69 41 1 [1;32m69600 0.56884420341298[0m
1 98 3 4 5 2 7 8 39 10 11 12 16 14 64 67 36 18 19 20 77 69 41 1 [1;32m75600 0.5972482812165[0m
1 98 3 4 5 2 7 8 39 48 11 12 38 14 64 67 36 18 19 20 77 68 41 1 [1;32m78000 0.65064963154803[0m
1 98 16 4 5 2 7 8 39 48 11 12 38 14 64 67 36 18 19 20 77 68 41 46 [1;32m90000 0.72331052979284[0m
1 98 16 4 5 2 7 8 39 48 11 12 38 14 64 67 36 18 19 20 77 68 41 46 [1;32m91200 0.73713586348683[0m
1 98 16 4 5 2 7 8 39 48 11 12 38 15 64 67 9 18 19 20 77 68 41 46 [1;32m102000 0.78116354198589[0m
1 98 16 4 5 2 7 8 39 48 11 12 38 15 64 10 9 18 19 20 77 68 41 46 [1;32m127200 0.8064536227894[0m
1 98 16 4 5 58 7 8 39 48 11 12 38 15 64 10 9 18 19 20 77 68 41 46 [1;32m313200 0.85106531047152[0m
1 98 16 4 5 76 7 8 39 48 46 12 38 15 64 10 9 18 19 8 77 68 41 46 [1;32m654000 0.85184112170088[0m
1 98 16 4 5 76 7 8 39 48 46 12 38 15 64 10 9 83 19 8 77 68 41 46 [1;32m787200 0.85219897366145[0m
1 98 16 4 5 76 7 8 39 48 46 12 38 15 64 10 9 83 68 13 61 78 41 46 [1;32m940800 0.85411425563037[0m
seed 88
1 98 16 4 5 76 7 8 39 48 46 12 38 15 64 10 9 83 68 13 61 78 41 46 
100 99 
best 0.85411425563037
[0m
