1 2 3 4 5 6 7 8 9 10 11 12 13 14 15 16 17 18 19 20 21 22 23 24  [1;32 1200 0.00082539931038637 [0 
1 2 3 79 27 6 7 7 9 87 11 12 13 14 15 16 17 7 19 20 21 25 23 24  [1;32 20400 0.0065886401878011 [0 
1 2 3 79 27 6 7 45 9 87 11 83 13 14 15 16 17 7 19 20 21 25 23 24  [1;32 105600 0.007236393204412 [0 
1 2 3 79 27 6 7 45 9 87 11 83 13 14 15 16 17 76 19 20 21 25 23 24  [1;32 123600 0.2875802012478 [0 
1 2 3 79 27 6 7 45 9 87 11 83 13 14 15 16 17 76 19 20 21 25 23 24  [1;32 124800 0.74061078305602 [0 
1 2 3 79 27 6 7 45 3 87 11 83 13 14 15 7 17 76 68 93 21 25 61 24  [1;32 130800 0.83791400003965 [0 
1 2 3 79 27 6 7 74 3 87 11 83 13 14 15 7 17 76 68 93 21 25 61 24  [1;32 140400 0.86076600147268 [0 
1 2 3 79 27 6 7 74 3 87 11 83 13 14 15 7 17 76 68 93 21 25 61 24  [1;32 141600 0.86565413386657 [0 
1 2 3 79 27 15 7 74 38 87 11 83 13 14 15 7 17 76 68 93 21 25 61 24  [1;32 157200 0.89860042726861 [0 
1 2 3 79 27 15 7 74 38 87 11 83 34 14 15 7 17 76 68 93 21 25 61 24  [1;32 348000 0.89880260390701 [0 
1 2 60 79 27 15 11 39 38 87 11 83 34 14 15 7 17 76 68 93 21 25 61 24  [1;32 361200 0.90110329166138 [0 
1 2 60 79 27 15 11 39 38 87 11 83 34 14 18 7 17 76 68 93 21 25 61 24  [1;32 542400 0.90348925619366 [0 
42 2 60 79 27 15 11 39 38 87 11 83 34 14 18 93 17 76 68 93 21 25 61 24  [1;32 1047600 0.90355018773238 [0 
42 2 60 79 27 15 11 39 38 87 11 83 34 14 18 93 15 76 68 93 21 25 61 24  [1;32 1084800 0.90448931942316 [0 
seed 85
42 2 60 79 27 15 11 39 38 87 11 83 34 14 18 93 15 76 68 93 21 25 61 24 
100 99 
best 0.90448931942316
 [0 
