70 2 3 4 5 6 7 8 9 10 11 12 13 30 14 16 17 18 19 20 21 22 84 24  [1;32 46800 0.22689080890853 [0 
70 70 3 4 5 6 7 8 9 10 77 12 13 30 14 16 17 18 19 20 21 22 84 24  [1;32 74400 0.35928974740224 [0 
70 70 3 4 5 6 7 8 9 10 77 12 13 45 14 16 17 18 1 20 21 22 84 31  [1;32 942000 0.41677187111738 [0 
70 70 3 4 5 6 7 8 46 10 77 21 13 45 14 16 70 18 1 20 21 22 84 31  [1;32 1406400 0.65453574465188 [0 
70 70 3 4 5 6 7 8 46 70 77 21 13 45 14 16 70 18 12 20 21 22 84 31  [1;32 1410000 0.67597534526376 [0 
70 70 36 4 5 6 100 8 46 70 77 21 13 45 14 16 70 58 52 20 21 21 84 31  [1;32 1417200 0.68669845628205 [0 
seed 29
70 70 36 4 5 6 100 8 46 70 77 21 13 45 14 16 70 58 52 20 21 21 84 31 
100 99 
best 0.68669845628205
 [0 
