1 2 3 65 5 6 7 8 9 10 11 73 37 14 15 16 17 18 19 20 21 40 23 24  [1;32 7200 0.22160320832116 [0 
1 2 3 65 5 6 7 8 9 10 11 40 37 14 15 16 17 59 19 20 21 40 23 24  [1;32 14400 0.35481266238758 [0 
17 2 3 65 30 6 7 8 9 10 11 40 37 14 15 16 17 59 19 20 21 40 23 24  [1;32 18000 0.45796249358087 [0 
17 2 3 65 30 57 7 8 9 10 55 40 24 94 15 16 17 59 76 20 21 40 49 24  [1;32 22800 0.49815378883816 [0 
17 2 3 65 30 57 7 8 9 10 55 40 24 94 15 16 17 59 76 20 21 40 49 24  [1;32 24000 0.52756293073787 [0 
17 2 3 65 30 57 7 8 9 10 55 40 24 94 15 16 17 59 76 20 21 40 49 24  [1;32 25200 0.5649077306797 [0 
17 2 3 65 30 57 7 8 9 10 55 40 24 94 15 16 17 59 42 20 21 40 49 24  [1;32 27600 0.61183788151067 [0 
17 2 3 72 30 67 7 18 9 10 55 40 24 94 15 16 17 69 96 20 21 40 49 24  [1;32 45600 0.67690409624415 [0 
17 2 55 72 30 67 7 18 9 10 32 40 24 94 15 16 17 69 96 71 21 100 49 24  [1;32 73200 0.8774125268131 [0 
seed 67
17 2 55 72 30 67 7 18 9 10 32 40 24 94 15 16 17 69 96 71 21 100 49 24 
100 99 
best 0.8774125268131
 [0 
