1 2 3 4 5 6 7 8 9 10 11 12 13 14 15 16 17 18 19 20 21 22 23 24  [1;32 1200 0.00082539931038637 [0 
1 2 3 4 5 6 7 8 44 14 11 12 13 14 15 81 79 47 19 20 21 22 86 24  [1;32 78000 0.20861065957195 [0 
1 95 3 4 5 6 7 42 44 14 11 12 48 14 15 81 79 47 19 20 21 22 86 24  [1;32 102000 0.44392847153096 [0 
1 7 3 30 1 6 40 42 44 14 11 12 48 14 15 81 79 3 19 20 21 22 86 24  [1;32 346800 0.5611298414415 [0 
1 7 3 30 1 61 40 43 66 33 11 12 48 14 15 81 79 3 19 20 21 22 86 24  [1;32 402000 0.58179937188208 [0 
1 7 3 30 1 61 40 43 66 33 11 12 48 14 15 81 79 3 12 20 21 22 86 24  [1;32 410400 0.60841688065122 [0 
1 7 3 30 60 61 40 43 66 33 11 12 48 14 22 81 81 3 12 65 21 22 86 11  [1;32 838800 0.6421022429832 [0 
1 7 3 30 60 61 63 43 66 33 11 25 48 14 22 81 81 3 12 65 21 22 86 88  [1;32 902400 0.83586574803691 [0 
seed 6
1 7 3 30 60 61 63 43 66 33 11 25 48 14 22 81 81 3 12 65 21 22 86 88 
100 99 
best 0.83586574803691
 [0 
