1 2 3 9 5 6 7 16 9 10 11 12 13 14 15 16 17 18 19 20 21 22 23 24  [1;32 24000 0.0023128977036216 [0 
1 83 3 9 5 6 7 16 9 10 11 12 13 14 15 16 17 18 19 20 21 22 23 24  [1;32 54000 0.1335347466833 [0 
1 83 3 57 5 6 7 16 9 10 11 12 13 14 34 16 17 18 19 20 21 22 23 24  [1;32 434400 0.3932315525986 [0 
1 83 14 57 5 6 63 16 9 10 11 38 47 14 34 16 17 18 19 20 21 22 23 24  [1;32 544800 0.46753724637205 [0 
1 83 14 57 5 6 63 16 9 41 11 75 47 14 34 16 17 18 19 20 21 22 23 24  [1;32 568800 0.62872039137673 [0 
1 83 14 57 5 6 63 16 5 41 11 75 47 14 34 16 17 18 19 20 21 22 23 24  [1;32 708000 0.78161863292445 [0 
1 83 14 57 5 6 63 16 5 91 11 75 56 40 34 16 17 18 19 20 31 22 23 24  [1;32 1358400 0.86020758535783 [0 
seed 13
1 83 14 57 5 6 63 16 5 91 11 75 56 40 34 16 17 18 19 20 31 22 23 24 
100 99 
best 0.86020758535783
 [0 
