1 2 3 4 5 6 7 8 9 10 11 12 13 14 15 16 17 18 19 20 21 22 23 24 [1;32m1200 0.00082539931038637[0m
1 61 3 4 79 6 80 8 9 10 11 12 13 14 15 16 17 18 19 20 21 22 23 24 [1;32m36000 0.0060582981802067[0m
1 61 59 4 14 6 80 8 9 10 11 12 13 14 15 16 17 18 19 34 21 95 2 24 [1;32m124800 0.0080223152401789[0m
1 61 59 93 14 6 80 8 9 10 11 12 13 14 15 16 17 18 19 34 21 95 2 24 [1;32m129600 0.039417934681702[0m
79 57 59 93 14 6 80 8 93 10 11 12 13 14 15 16 17 70 19 34 21 95 2 24 [1;32m157200 0.31572962818018[0m
86 7 59 93 14 6 80 38 93 10 11 12 13 14 47 16 17 7 19 34 21 95 2 24 [1;32m184800 0.32097514167156[0m
86 7 59 93 14 6 80 38 93 10 11 12 13 14 47 16 80 7 19 34 21 95 2 24 [1;32m392400 0.62722279491577[0m
86 32 59 93 14 6 80 38 93 65 11 12 13 14 38 16 80 7 19 34 21 95 2 24 [1;32m400800 0.65644129035911[0m
80 32 59 25 14 6 80 38 15 65 11 12 88 42 38 16 80 7 5 34 21 95 2 24 [1;32m408000 0.676881843988[0m
80 32 59 25 14 6 73 92 15 53 11 12 88 42 38 16 80 7 5 34 21 95 2 24 [1;32m410400 0.69053978700959[0m
80 77 59 25 89 6 73 92 46 53 11 12 88 42 38 16 80 91 5 34 21 95 2 24 [1;32m415200 0.75331934380785[0m
80 77 59 25 89 6 73 92 46 53 11 12 88 42 38 16 80 91 5 34 21 95 2 24 [1;32m416400 0.82863763339625[0m
80 77 59 25 89 6 73 92 46 53 11 12 88 42 38 27 80 91 5 34 21 95 2 24 [1;32m568800 0.872969916201[0m
seed 3
80 77 59 25 89 6 73 92 46 53 11 12 88 42 38 27 80 91 5 34 21 95 2 24 
100 99 
best 0.872969916201
[0m
