1 2 3 4 5 6 7 8 9 10 11 12 13 14 15 16 17 18 19 20 21 22 23 24  [1;32 1200 0.2198587069921 [0 
1 71 3 4 6 6 7 8 9 10 11 12 13 14 15 16 17 18 19 20 21 5 23 24  [1;32 72000 0.41627434878563 [0 
1 71 3 4 68 6 88 8 9 10 11 12 13 14 15 16 17 18 19 20 21 5 23 24  [1;32 205200 0.41789552688017 [0 
1 71 3 4 68 6 88 8 9 10 11 12 13 14 15 16 17 18 19 20 21 5 23 24  [1;32 206400 0.42149009760664 [0 
1 6 3 4 68 6 88 85 9 10 11 12 13 14 15 71 17 18 19 20 21 5 23 24  [1;32 573600 0.44284345348065 [0 
1 6 3 4 68 6 13 85 9 10 11 12 13 14 15 71 27 18 19 20 21 5 13 24  [1;32 597600 0.44571991735503 [0 
1 6 3 4 68 6 24 85 9 68 11 12 13 14 15 71 27 89 19 20 21 71 67 24  [1;32 762000 0.80124010650418 [0 
1 6 3 4 68 6 24 85 9 68 11 12 13 14 15 71 27 89 19 20 21 71 67 24  [1;32 763200 0.86082455964992 [0 
1 6 3 4 68 6 24 85 9 68 45 12 13 27 15 71 27 89 19 13 21 71 46 24  [1;32 766800 0.86339710645677 [0 
1 6 3 4 68 96 24 85 9 68 67 54 13 27 15 71 27 89 19 13 21 71 46 24  [1;32 778800 0.86402629478077 [0 
seed 25
1 6 3 4 68 96 24 85 9 68 67 54 13 27 15 71 27 89 19 13 21 71 46 24 
100 99 
best 0.86402629478077
 [0 
