1 2 3 4 5 6 7 8 9 10 11 12 13 14 15 16 17 18 19 20 21 22 23 24 [1;32m1200 0.00082539931038637[0m
1 2 3 4 5 6 64 8 9 10 11 12 53 14 15 16 42 18 19 27 21 22 23 24 [1;32m6000 0.089578092125305[0m
1 2 3 4 66 6 64 8 9 85 11 12 53 14 15 64 42 18 19 27 21 22 23 24 [1;32m31200 0.2006519036414[0m
1 2 3 4 66 6 64 8 9 85 20 12 53 41 15 64 42 18 57 27 21 22 23 24 [1;32m62400 0.29858723175641[0m
1 2 3 45 66 6 64 8 9 21 20 12 53 41 89 64 42 18 57 27 21 22 23 24 [1;32m271200 0.41107779783299[0m
1 2 3 45 66 6 64 8 9 21 20 12 53 91 89 64 42 18 57 27 21 22 23 24 [1;32m274800 0.44221141921418[0m
30 2 3 45 66 6 74 8 9 21 18 12 53 91 89 64 42 18 57 41 21 22 2 24 [1;32m384000 0.44365574021657[0m
47 2 3 45 66 42 74 8 29 21 18 13 53 91 89 64 42 18 57 41 32 22 2 24 [1;32m434400 0.45617012011451[0m
27 2 3 45 66 13 74 8 29 21 18 13 53 31 89 64 42 18 57 64 32 22 2 24 [1;32m506400 0.6787709912556[0m
27 2 3 45 66 13 74 8 29 21 18 13 53 31 89 64 42 18 57 64 32 22 2 24 [1;32m507600 0.86501834340519[0m
27 2 3 45 66 13 74 8 29 21 18 13 53 31 89 64 42 18 57 64 32 22 2 24 [1;32m508800 0.87365079502721[0m
27 2 3 45 66 13 74 8 29 21 18 13 53 31 89 64 42 18 57 64 32 22 2 24 [1;32m510000 0.90443563804533[0m
27 2 3 45 66 13 74 8 29 45 18 13 53 31 89 64 42 18 57 64 32 22 2 24 [1;32m632400 0.90787860737792[0m
27 2 64 45 62 13 65 8 29 45 18 13 20 31 89 15 42 67 57 64 32 22 2 24 [1;32m999600 0.9084087901623[0m
seed 99
27 2 64 45 62 13 65 8 29 45 18 13 20 31 89 15 42 67 57 64 32 22 2 24 
100 99 
best 0.9084087901623
[0m
