1 2 3 4 5 6 7 8 9 10 11 12 13 14 15 16 17 18 19 20 21 22 23 24  [1;32 1200 0.21876664119201 [0 
1 35 3 4 5 6 7 8 9 10 96 12 3 14 15 37 17 18 19 20 21 22 23 24  [1;32 22800 0.39790752859842 [0 
1 35 3 4 5 6 7 8 9 10 96 12 3 14 15 37 17 18 19 20 9 22 23 24  [1;32 193200 0.55374803061248 [0 
28 35 3 4 55 6 7 8 9 10 96 12 3 59 15 37 17 1 19 20 9 22 23 24  [1;32 567600 0.64395708954847 [0 
28 77 3 4 58 6 21 8 9 10 96 100 3 59 15 37 17 1 19 20 9 22 47 24  [1;32 572400 0.73632835939142 [0 
28 77 3 4 58 6 82 8 9 10 96 37 82 95 15 37 17 1 19 20 9 22 18 24  [1;32 1342800 0.82264869177189 [0 
seed 97
28 77 3 4 58 6 82 8 9 10 96 37 82 95 15 37 17 1 19 20 9 22 18 24 
100 99 
best 0.82264869177189
 [0 
