1 2 3 4 5 6 7 8 9 10 11 12 13 14 15 16 17 18 19 20 21 22 23 24  [1;32 1200 0.0015557891626736 [0 
1 2 3 4 5 6 7 8 9 10 11 12 13 14 15 16 17 56 19 20 21 22 23 24  [1;32 12000 0.012513255147456 [0 
1 2 48 4 5 6 7 8 47 10 11 12 13 14 15 16 17 56 19 20 37 22 23 24  [1;32 247200 0.086191611182678 [0 
1 2 48 4 5 14 7 8 72 10 11 12 13 14 15 46 17 77 19 27 37 36 23 24  [1;32 249600 0.42540642428799 [0 
1 2 48 4 5 90 7 8 68 10 11 12 13 14 15 46 17 77 19 27 37 36 23 24  [1;32 253200 0.69636252633241 [0 
1 2 48 4 5 90 7 8 68 10 11 12 13 14 72 46 17 77 19 27 37 36 14 24  [1;32 286800 0.75746471355269 [0 
1 2 48 4 5 90 7 8 68 10 11 12 13 14 72 46 17 77 19 27 37 36 14 24  [1;32 288000 0.9112821510016 [0 
seed 37
1 2 48 4 5 90 7 8 68 10 11 12 13 14 72 46 17 77 19 27 37 36 14 24 
100 99 
best 0.9112821510016
 [0 
