1 2 3 4 5 6 7 8 9 10 11 12 13 14 15 16 17 18 19 20 21 22 23 24  [1;32 1200 0.060911207826567 [0 
1 2 3 4 5 83 7 8 9 10 11 12 8 14 15 16 70 46 19 20 21 22 23 24  [1;32 13200 0.80830349010041 [0 
1 2 3 4 5 83 7 8 9 40 23 12 8 14 15 16 70 46 19 20 21 22 69 24  [1;32 18000 0.85473229191194 [0 
1 2 3 4 16 83 7 8 9 40 23 53 8 14 15 16 70 46 19 20 21 22 69 24  [1;32 33600 0.85763613052119 [0 
87 2 3 4 16 83 7 46 9 40 23 53 72 14 15 16 70 46 50 62 21 22 69 24  [1;32 92400 0.86772186211078 [0 
87 2 3 4 16 83 7 46 33 40 23 53 72 14 15 16 70 46 50 62 21 22 69 24  [1;32 632400 0.86789229533319 [0 
87 2 3 4 12 83 7 46 33 40 89 53 72 22 15 16 70 46 50 62 21 22 69 24  [1;32 864000 0.87080296528191 [0 
87 94 3 4 12 83 81 46 33 19 89 53 72 22 15 16 70 46 50 95 21 22 69 24  [1;32 1060800 0.89156497514871 [0 
64 94 3 4 12 1 81 46 33 19 89 53 75 22 18 63 70 46 50 95 21 22 69 24  [1;32 1087200 0.89416321910954 [0 
64 94 3 4 12 1 81 46 33 19 89 53 75 22 18 63 70 46 50 95 74 22 69 24  [1;32 1108800 0.89910634065364 [0 
64 94 3 4 2 1 65 46 78 19 89 53 91 22 18 63 70 46 50 78 74 22 69 24  [1;32 1179600 0.89976052231183 [0 
64 94 3 4 18 1 65 46 78 19 89 53 91 22 22 63 70 37 50 78 74 22 23 24  [1;32 1292400 0.90574633354487 [0 
seed 26
64 94 3 4 18 1 65 46 78 19 89 53 91 22 22 63 70 37 50 78 74 22 23 24 
100 99 
best 0.90574633354487
 [0 
