1 2 3 4 5 6 7 8 9 10 11 12 13 14 15 16 17 18 19 20 21 22 23 24  [1;32 1200 0.0016510793677767 [0 
1 2 3 4 5 6 7 8 9 10 11 12 13 14 15 16 17 18 19 20 21 22 24 24  [1;32 9600 0.081744196160394 [0 
1 2 3 4 5 6 7 8 9 10 11 12 13 14 15 16 17 18 19 20 21 22 24 24  [1;32 10800 0.082560569421763 [0 
1 2 3 4 5 6 7 8 9 10 11 12 13 14 15 16 17 18 19 20 21 22 24 24  [1;32 12000 0.082569333639858 [0 
1 2 3 4 5 6 7 8 9 10 11 12 13 14 15 16 17 18 19 20 21 22 24 24  [1;32 13200 0.082580315430469 [0 
1 2 3 56 5 15 83 8 9 65 11 12 13 14 15 16 17 18 19 20 21 22 24 51  [1;32 15600 0.21219903172771 [0 
1 2 3 56 5 56 83 8 9 65 11 12 13 14 13 16 17 84 19 20 21 22 24 51  [1;32 25200 0.44329954111451 [0 
1 2 3 56 5 56 83 8 9 65 11 12 13 14 13 16 17 84 19 20 21 22 24 51  [1;32 26400 0.49540340088273 [0 
1 2 3 56 5 56 83 90 9 65 11 12 13 14 13 16 17 84 19 20 21 22 24 51  [1;32 99600 0.49621524608391 [0 
1 2 3 56 5 56 83 12 9 65 11 12 3 14 13 16 17 84 19 20 21 22 24 51  [1;32 174000 0.49785830344904 [0 
1 2 3 56 62 56 90 12 9 65 11 39 3 14 13 16 17 84 34 20 21 22 24 51  [1;32 243600 0.52126022625511 [0 
1 2 3 56 62 56 90 12 9 65 11 39 3 14 13 16 17 84 34 20 21 22 24 51  [1;32 244800 0.5284113301498 [0 
1 2 3 56 62 56 90 12 9 65 11 39 3 14 13 16 17 84 34 20 21 22 24 51  [1;32 246000 0.52843378862293 [0 
1 2 3 56 62 56 90 12 9 65 69 39 3 14 34 38 17 84 34 20 60 74 24 51  [1;32 252000 0.75884962624864 [0 
1 43 3 56 62 56 90 12 9 65 69 39 3 14 34 38 17 94 34 20 60 74 24 51  [1;32 308400 0.79146289474926 [0 
1 43 3 56 62 56 90 12 9 65 69 39 3 14 34 38 17 94 34 20 60 74 24 51  [1;32 309600 0.89604116584077 [0 
1 43 3 56 80 56 90 12 9 31 69 39 3 14 34 87 17 94 34 20 60 74 24 52  [1;32 450000 0.89673676660988 [0 
1 43 3 56 80 56 90 12 9 24 69 39 3 14 34 87 17 94 34 20 60 74 24 52  [1;32 463200 0.90133465208816 [0 
1 43 3 56 80 56 90 59 9 24 69 39 3 14 34 87 17 94 34 20 60 74 24 52  [1;32 640800 0.90241336797844 [0 
37 43 3 56 80 56 90 100 9 24 69 39 3 14 34 87 72 94 34 20 60 74 61 52  [1;32 1056000 0.90499513278467 [0 
37 87 3 56 63 56 90 100 9 24 69 39 17 14 34 87 72 94 34 20 60 74 61 52  [1;32 1299600 0.90745996275715 [0 
seed 34
37 87 3 56 63 56 90 100 9 24 69 39 17 14 34 87 72 94 34 20 60 74 61 52 
100 99 
best 0.90745996275715
 [0 
