1 2 3 4 5 6 7 8 9 10 11 12 13 14 15 16 17 18 19 20 21 22 23 24  [1;32 1200 0.00082539931038637 [0 
1 93 3 4 5 34 7 8 9 29 11 12 13 14 15 16 17 1 19 20 23 22 23 24  [1;32 238800 0.0078235363338117 [0 
6 93 7 4 5 34 72 8 9 29 11 12 13 14 15 16 17 1 45 20 23 22 23 91  [1;32 376800 0.0088978505750075 [0 
6 93 7 4 5 34 72 8 9 49 75 12 13 14 15 16 17 1 45 20 23 27 23 91  [1;32 399600 0.010000501389988 [0 
6 93 23 4 5 34 72 8 51 49 75 12 59 14 15 16 17 1 64 20 23 27 23 91  [1;32 525600 0.025839994504666 [0 
6 93 23 4 12 34 72 8 51 49 72 12 59 14 15 63 17 1 64 20 23 27 23 91  [1;32 537600 0.53856043898721 [0 
6 93 23 4 12 34 72 8 51 49 72 12 59 14 15 63 17 1 64 20 23 27 23 91  [1;32 538800 0.71511264934931 [0 
6 17 8 4 12 34 72 8 51 49 72 12 59 14 15 63 17 1 64 20 59 89 23 91  [1;32 577200 0.840558598655 [0 
seed 76
6 17 8 4 12 34 72 8 51 49 72 12 59 14 15 63 17 1 64 20 59 89 23 91 
100 99 
best 0.840558598655
 [0 
