1 2 3 4 5 6 7 8 9 10 11 12 13 14 15 16 17 18 19 20 21 22 23 24 [1;32m1200 0.0096519284672076[0m
1 2 13 4 5 99 7 53 9 10 37 12 13 14 89 16 17 18 19 20 21 22 23 24 [1;32m4800 0.010229170483673[0m
1 2 13 4 5 99 7 53 9 10 37 12 13 14 29 16 65 18 19 20 21 22 23 26 [1;32m8400 0.018219367503197[0m
1 2 13 4 49 99 24 53 9 10 37 74 13 14 29 16 65 18 19 20 21 97 23 26 [1;32m106800 0.020866636072427[0m
1 2 50 14 64 99 24 53 9 17 37 74 13 14 29 16 65 18 19 20 21 97 23 26 [1;32m114000 0.021384960033919[0m
1 27 3 14 64 99 24 53 9 34 37 74 13 14 29 16 65 18 19 20 21 97 23 26 [1;32m118800 0.4273551676666[0m
1 27 3 14 64 99 24 53 9 34 37 74 13 14 29 16 65 18 19 20 21 97 23 26 [1;32m120000 0.52899365147845[0m
1 27 3 14 46 99 24 53 9 34 37 74 13 14 29 16 83 18 19 20 29 97 23 26 [1;32m123600 0.60655378979421[0m
seed 77
1 27 3 14 46 99 24 53 9 34 37 74 13 14 29 16 83 18 19 20 29 97 23 26 
100 99 
best 0.60655378979421
[0m
