1 2 3 65 5 6 7 8 9 10 11 73 37 14 15 16 17 18 19 20 21 40 23 24 [1;32m7200 0.26207222383304[0m
1 2 3 65 5 6 7 8 9 10 11 73 37 14 15 16 17 18 42 20 21 40 23 24 [1;32m21600 0.44808099406066[0m
1 2 3 65 5 6 7 92 9 10 87 30 37 56 15 16 17 18 42 20 21 40 57 98 [1;32m46800 0.47143397397236[0m
1 2 3 65 5 6 7 92 9 10 87 30 37 56 15 16 17 18 42 20 21 40 76 98 [1;32m72000 0.67836663858656[0m
31 2 3 65 5 6 7 51 9 10 87 30 37 56 39 16 17 79 42 20 21 40 76 98 [1;32m79200 0.68942755632858[0m
31 2 3 65 5 6 7 51 9 10 87 30 37 56 39 16 17 79 42 20 21 40 76 98 [1;32m80400 0.86607343950468[0m
31 2 3 65 5 6 7 51 9 10 87 30 37 56 39 16 17 79 42 20 21 40 76 98 [1;32m81600 0.87015884205398[0m
31 2 3 65 5 6 7 51 9 10 87 30 37 56 39 16 17 79 42 20 21 40 76 98 [1;32m82800 0.87253352821314[0m
31 2 3 65 5 6 7 51 9 10 87 30 100 56 39 16 17 79 42 20 21 40 76 45 [1;32m104400 0.88073332148033[0m
31 2 3 65 5 6 7 51 9 10 87 30 100 56 50 16 17 79 42 20 21 40 76 70 [1;32m355200 0.89494521974982[0m
seed 67
31 2 3 65 5 6 7 51 9 10 87 30 100 56 50 16 17 79 42 20 21 40 76 70 
100 99 
best 0.89494521974982
[0m
