1 2 3 4 5 6 7 8 9 10 11 12 13 14 15 16 17 18 19 20 21 22 23 24  [1;32 1200 0.00082539931038637 [0 
1 2 3 4 5 6 7 8 9 10 11 12 57 14 15 16 17 18 19 20 21 22 23 24  [1;32 48000 0.0039575422546438 [0 
1 32 16 37 5 6 7 8 9 40 11 12 57 14 15 16 17 18 19 20 21 92 23 24  [1;32 92400 0.0096200499543851 [0 
1 32 16 37 5 6 7 8 32 42 11 75 57 14 15 16 17 18 19 20 21 92 23 24  [1;32 452400 0.021522454635526 [0 
32 32 16 37 5 6 7 8 32 42 11 75 57 14 15 16 17 18 19 20 21 92 23 24  [1;32 496800 0.035284114631877 [0 
32 32 84 37 5 31 7 75 58 42 11 75 44 14 15 16 17 18 19 20 21 92 23 24  [1;32 502800 0.28491450046264 [0 
32 32 32 37 5 31 7 75 58 42 11 75 44 14 15 16 17 18 19 20 21 92 23 24  [1;32 612000 0.82175707812586 [0 
32 32 32 37 5 31 7 75 58 42 11 75 44 14 15 16 97 18 19 20 21 52 23 24  [1;32 618000 0.8560085121038 [0 
74 32 32 37 5 31 7 1 58 42 11 75 44 29 15 16 97 29 19 20 21 52 23 24  [1;32 621600 0.85917774976314 [0 
74 32 32 37 5 31 7 1 58 42 11 75 44 29 15 42 97 29 19 20 21 52 23 24  [1;32 717600 0.86243242850743 [0 
74 32 32 85 5 31 7 1 58 42 11 75 44 29 50 42 97 29 19 20 98 52 23 24  [1;32 1155600 0.86247141047888 [0 
74 32 32 85 5 31 7 1 58 42 11 5 44 29 50 42 97 29 51 20 98 52 82 24  [1;32 1329600 0.86565431718351 [0 
seed 82
74 32 32 85 5 31 7 1 58 42 11 5 44 29 50 42 97 29 51 20 98 52 82 24 
100 99 
best 0.86565431718351
 [0 
