1 2 3 4 5 6 7 8 9 10 11 12 13 14 15 16 17 18 19 20 21 22 23 24  [1;32 1200 0.2190387197946 [0 
1 2 3 4 5 6 7 8 9 10 11 12 13 14 15 16 17 18 9 20 21 22 23 24  [1;32 37200 0.33780055504836 [0 
1 2 3 4 5 71 7 8 9 47 11 11 13 18 15 16 17 18 9 20 21 22 54 24  [1;32 127200 0.40811150561643 [0 
1 2 3 65 21 3 7 8 71 47 11 11 13 18 15 16 9 18 9 20 21 22 68 24  [1;32 146400 0.46902188432927 [0 
1 2 3 65 21 3 7 8 71 47 11 11 13 18 15 16 9 18 9 20 21 22 68 24  [1;32 147600 0.8457353928933 [0 
1 2 3 65 21 3 7 8 71 47 11 11 13 18 15 16 9 18 9 20 21 22 68 24  [1;32 148800 0.85552868062604 [0 
1 2 3 65 21 3 7 8 71 47 11 11 13 18 15 16 9 18 9 20 21 22 68 24  [1;32 150000 0.86331819169834 [0 
80 2 3 65 21 3 7 8 71 47 11 11 97 18 15 16 9 18 9 20 21 22 68 100  [1;32 160800 0.87260792865922 [0 
80 2 3 65 97 3 7 8 71 37 11 11 99 18 15 16 9 18 9 20 21 22 68 100  [1;32 198000 0.9015643161087 [0 
80 2 3 65 97 3 28 8 85 37 11 11 57 18 15 16 9 18 9 20 21 22 43 100  [1;32 536400 0.90506666320111 [0 
seed 91
80 2 3 65 97 3 28 8 85 37 11 11 57 18 15 16 9 18 9 20 21 22 43 100 
100 99 
best 0.90506666320111
 [0 
