96 2 74 87 5 6 7 4 9 10 11 12 13 14 15 16 17 18 19 20 21 67 23 24  [1;32 36000 0.033256727590202 [0 
96 2 95 87 5 6 7 4 9 10 11 12 91 30 15 61 17 18 19 20 21 67 23 24  [1;32 128400 0.36038196125763 [0 
96 2 95 87 5 6 7 4 9 10 11 12 91 30 15 61 17 18 19 20 21 76 23 24  [1;32 135600 0.38739249619441 [0 
96 2 95 87 5 6 7 4 9 10 11 12 91 30 15 61 17 18 19 20 21 76 23 24  [1;32 136800 0.54903401951268 [0 
49 2 95 87 5 6 7 4 9 9 11 12 91 68 86 61 17 18 19 20 80 32 23 24  [1;32 384000 0.55342678050402 [0 
49 30 95 87 5 6 7 53 9 9 11 12 91 30 86 61 17 39 19 20 55 32 23 24  [1;32 386400 0.55552730744638 [0 
49 30 95 87 5 6 7 53 9 9 11 12 91 30 86 61 17 39 19 60 55 32 23 24  [1;32 456000 0.5888573079192 [0 
49 47 95 87 5 6 7 53 9 9 11 12 91 30 86 61 17 39 19 60 55 32 23 24  [1;32 510000 0.63378018333361 [0 
seed 94
49 47 95 87 5 6 7 53 9 9 11 12 91 30 86 61 17 39 19 60 55 32 23 24 
100 99 
best 0.63378018333361
 [0 
