1 2 3 4 5 6 7 8 9 10 11 12 13 14 15 16 17 18 19 20 21 22 23 24 [1;32m1200 0.20158289892644[0m
1 2 3 4 5 6 46 8 9 62 11 12 13 14 15 16 17 18 19 20 21 28 23 7 [1;32m450000 0.25881068798376[0m
54 2 3 4 5 6 46 8 9 62 78 12 13 68 15 16 17 18 19 20 21 64 23 7 [1;32m583200 0.34893462400959[0m
54 2 3 4 5 6 46 8 9 62 78 12 13 68 15 16 17 18 19 20 21 64 23 19 [1;32m679200 0.40519581153529[0m
54 2 3 4 5 6 46 8 9 62 78 12 13 68 15 27 17 18 19 20 21 64 23 19 [1;32m766800 0.41111674673658[0m
54 2 3 4 5 6 46 8 79 64 78 12 78 68 15 27 17 18 19 20 21 64 43 19 [1;32m780000 0.41361434312591[0m
54 2 3 4 5 6 31 8 79 64 78 12 21 68 15 27 9 18 19 20 21 64 43 19 [1;32m864000 0.55367124685231[0m
54 2 3 4 5 6 31 8 79 64 78 12 21 68 15 27 9 18 19 20 21 64 43 19 [1;32m865200 0.84611051835829[0m
54 37 3 4 5 6 31 67 79 97 78 12 21 68 15 27 9 35 19 20 21 64 43 43 [1;32m880800 0.85070173146559[0m
54 37 3 4 5 6 31 3 79 97 78 12 21 68 15 27 49 9 19 20 21 64 43 17 [1;32m907200 0.86159202649763[0m
54 37 3 4 5 6 31 3 27 97 78 12 21 68 37 27 49 9 19 20 21 64 43 17 [1;32m946800 0.86447432794542[0m
seed 84
54 37 3 4 5 6 31 3 27 97 78 12 21 68 37 27 49 9 19 20 21 64 43 17 
100 99 
best 0.86447432794542
[0m
