1 2 3 4 5 6 7 8 9 10 11 12 13 14 15 16 17 18 19 20 21 22 23 24  [1;32 1200 0.16858192921513 [0 
1 2 3 4 5 6 7 8 9 10 11 12 13 14 15 16 17 18 19 20 21 22 23 24  [1;32 2400 0.24769836709855 [0 
1 2 3 4 5 6 7 8 9 10 11 12 13 14 15 16 17 18 19 20 21 22 23 24  [1;32 3600 0.24770120177872 [0 
12 2 3 4 5 6 7 8 9 10 11 12 13 14 15 16 17 18 19 20 21 22 23 24  [1;32 68400 0.28421976922052 [0 
12 94 3 67 33 6 7 8 9 10 11 25 13 14 3 16 17 18 19 20 21 22 23 20  [1;32 126000 0.29404370977226 [0 
12 94 3 67 74 6 7 8 9 10 11 25 13 14 3 16 17 18 19 20 35 22 23 20  [1;32 145200 0.41692086057067 [0 
12 94 3 67 74 6 7 8 9 10 11 25 13 14 3 16 17 70 19 20 35 22 23 20  [1;32 153600 0.42631372387171 [0 
12 94 3 67 74 6 7 8 75 10 11 25 13 14 3 16 17 6 19 20 62 22 23 20  [1;32 273600 0.49210629960187 [0 
12 94 3 67 74 6 7 8 75 10 11 25 13 14 3 16 17 6 19 20 62 22 23 20  [1;32 274800 0.49541953219316 [0 
12 32 72 67 74 63 7 8 75 10 11 25 13 47 3 16 17 6 19 80 62 22 23 20  [1;32 769200 0.5687615250705 [0 
12 32 72 67 74 63 7 8 75 10 11 25 13 47 3 16 17 6 19 80 62 22 23 20  [1;32 770400 0.57464483807605 [0 
12 32 72 67 74 63 7 8 75 10 11 25 13 47 3 16 17 6 19 80 62 22 23 20  [1;32 771600 0.57603063711735 [0 
12 32 72 67 74 63 7 8 75 10 11 25 13 47 3 16 17 6 19 80 62 22 23 20  [1;32 772800 0.57795783253223 [0 
12 32 72 67 74 65 7 8 75 10 21 25 69 47 3 16 17 6 19 80 62 14 23 20  [1;32 897600 0.67262777281988 [0 
12 32 72 67 74 65 7 8 75 10 21 25 69 47 3 16 17 6 19 80 62 14 23 20  [1;32 898800 0.685343632491 [0 
12 32 72 67 74 65 7 8 75 10 21 25 69 47 3 16 17 6 19 80 62 14 23 20  [1;32 900000 0.70301620229322 [0 
12 32 72 67 74 65 7 8 75 10 57 25 69 90 3 16 17 6 19 80 8 14 23 20  [1;32 902400 0.70526932562644 [0 
12 32 72 67 74 65 7 8 8 89 75 25 45 90 3 16 34 6 19 80 8 14 23 20  [1;32 920400 0.72419424619639 [0 
seed 55
12 32 72 67 74 65 7 8 8 89 75 25 45 90 3 16 34 6 19 80 8 14 23 20 
100 99 
best 0.72419424619639
 [0 
