61 2 3 4 5 6 7 8 9 10 11 12 13 14 15 16 17 18 80 20 21 22 23 79  [1;32 8400 0.011688842249138 [0 
82 2 3 4 2 6 7 8 37 10 11 61 13 28 15 16 17 46 80 20 21 22 23 79  [1;32 130800 0.21354435720017 [0 
82 2 3 4 2 6 7 59 37 10 11 2 13 72 15 16 17 46 80 66 21 70 23 79  [1;32 134400 0.23190740047273 [0 
82 2 3 4 50 6 7 59 37 53 11 2 13 72 15 16 17 46 80 88 4 70 50 79  [1;32 139200 0.40541479446673 [0 
82 2 3 4 50 6 7 59 37 53 11 2 13 72 15 16 17 46 80 88 4 70 50 79  [1;32 140400 0.42908821008973 [0 
82 2 83 4 50 48 7 68 37 53 11 2 61 72 15 16 17 46 80 72 4 70 50 79  [1;32 145200 0.44940606676425 [0 
82 2 83 16 50 48 7 68 37 53 11 2 61 72 15 16 17 46 80 72 4 70 50 79  [1;32 148800 0.45610265047253 [0 
82 2 83 16 50 48 7 68 37 53 24 2 61 72 15 16 12 46 80 72 74 70 50 79  [1;32 156000 0.45795640034182 [0 
62 2 83 16 50 48 7 68 37 53 24 2 61 72 15 16 12 46 80 72 74 70 50 79  [1;32 164400 0.46915017566393 [0 
62 2 83 16 50 48 7 68 37 53 24 2 61 72 15 16 12 46 80 72 74 70 50 79  [1;32 165600 0.47225589327003 [0 
62 2 83 16 50 48 7 48 37 14 15 2 89 72 15 16 21 46 80 72 74 70 50 79  [1;32 169200 0.58416199012134 [0 
62 2 83 16 50 48 7 48 37 14 15 2 89 72 15 16 21 46 80 72 74 70 50 79  [1;32 170400 0.61475856954344 [0 
62 2 83 16 50 48 7 48 37 14 15 2 89 72 15 16 21 46 80 72 74 70 50 79  [1;32 171600 0.6176543892093 [0 
62 2 83 16 50 48 7 48 37 14 15 2 89 72 15 16 21 46 80 72 74 70 50 79  [1;32 172800 0.62537154516751 [0 
62 2 83 16 50 48 24 48 37 14 15 2 89 72 15 16 21 46 80 72 74 62 50 79  [1;32 176400 0.62551950084062 [0 
62 2 83 16 50 48 24 48 37 14 15 2 89 72 15 16 24 43 80 72 74 62 50 79  [1;32 276000 0.67407346768336 [0 
62 2 83 16 50 48 24 48 37 14 15 2 89 72 15 16 24 43 80 72 69 62 50 79  [1;32 355200 0.69357628973496 [0 
62 2 83 16 50 48 24 48 37 14 15 2 89 72 15 16 24 43 80 15 69 62 50 79  [1;32 427200 0.73543972655448 [0 
62 2 83 16 50 48 24 20 37 14 15 2 89 72 15 16 24 43 80 15 69 62 50 79  [1;32 1360800 0.74082905501589 [0 
seed 69
62 2 83 16 50 48 24 20 37 14 15 2 89 72 15 16 24 43 80 15 69 62 50 79 
100 99 
best 0.74082905501589
 [0 
