1 2 3 4 5 6 7 8 9 10 11 12 13 14 15 16 17 18 19 20 21 22 23 24  [1;32 1200 0.00082539931038637 [0 
15 1 3 4 5 6 7 8 9 10 11 35 13 72 15 16 76 18 19 20 21 22 39 24  [1;32 442800 0.0016537963380347 [0 
15 1 3 4 5 6 7 8 9 10 11 35 8 72 15 16 49 18 19 20 21 86 39 24  [1;32 470400 0.025811253368217 [0 
15 1 3 57 5 6 86 8 9 41 11 35 8 72 15 16 49 18 19 20 21 86 39 6  [1;32 506400 0.49538677355691 [0 
15 1 3 57 5 6 86 8 9 41 11 35 8 72 15 16 49 18 19 20 21 86 39 6  [1;32 507600 0.49539928102284 [0 
15 1 3 57 5 6 86 8 9 41 11 35 8 72 15 16 49 18 19 20 21 86 39 6  [1;32 508800 0.49542615811454 [0 
seed 2
15 1 3 57 5 6 86 8 9 41 11 35 8 72 15 16 49 18 19 20 21 86 39 6 
100 99 
best 0.49542615811454
 [0 
