1 2 3 4 5 6 7 8 9 10 11 12 13 14 15 16 17 18 19 20 21 22 23 24  [1;32 1200 0.035585042992317 [0 
1 2 3 4 5 6 7 37 9 10 11 12 13 14 15 16 17 18 19 20 21 22 41 24  [1;32 8400 0.42440031403985 [0 
1 2 3 4 3 6 7 37 9 10 35 12 13 14 15 16 17 18 19 26 21 22 41 96  [1;32 19200 0.70160511645145 [0 
1 2 2 4 3 6 26 37 9 10 39 12 13 14 15 16 17 18 19 26 21 22 41 96  [1;32 111600 0.71345601395187 [0 
1 2 2 4 3 6 26 37 9 10 39 12 13 14 15 16 17 18 19 26 21 22 41 96  [1;32 112800 0.76927560893983 [0 
1 2 2 4 3 6 44 37 9 37 39 12 13 14 15 16 17 70 19 26 21 22 41 96  [1;32 115200 0.77000274444065 [0 
1 2 2 4 3 6 44 37 9 37 39 12 13 14 15 16 17 70 19 26 21 22 41 96  [1;32 116400 0.85113999374886 [0 
1 2 2 4 3 6 44 37 9 37 39 12 13 14 15 81 17 70 19 26 21 22 41 96  [1;32 1096800 0.85199696811812 [0 
seed 86
1 2 2 4 3 6 44 37 9 37 39 12 13 14 15 81 17 70 19 26 21 22 41 96 
100 99 
best 0.85199696811812
 [0 
