1 2 3 4 5 6 7 8 9 10 11 12 13 14 15 16 17 18 19 20 21 22 23 24 [1;32m1200 0.14006626571339[0m
1 2 3 13 63 6 7 8 9 10 92 12 13 14 15 16 17 18 19 20 21 22 23 89 [1;32m70800 0.14547690462166[0m
1 2 3 13 63 6 7 8 9 10 92 12 13 14 15 16 17 18 19 20 21 22 23 89 [1;32m72000 0.247020794077[0m
1 2 3 13 63 6 7 8 9 10 92 12 13 14 2 16 17 18 19 20 21 22 23 89 [1;32m90000 0.24771168719876[0m
1 2 3 13 63 4 7 8 9 10 92 12 13 14 2 16 17 18 19 20 21 22 23 89 [1;32m92400 0.24891714570233[0m
1 2 3 13 63 4 7 8 9 10 92 12 70 14 2 16 17 18 19 20 21 22 23 89 [1;32m135600 0.25504727194677[0m
1 2 3 13 63 52 7 8 9 10 92 12 70 14 2 16 17 18 19 20 21 22 23 89 [1;32m362400 0.29106837477794[0m
1 2 98 13 63 77 99 8 80 10 92 12 70 14 2 16 17 18 19 20 5 22 23 89 [1;32m1132800 0.48687028557203[0m
1 2 98 13 63 77 99 8 80 10 92 12 70 14 2 16 17 18 19 20 5 22 23 89 [1;32m1134000 0.48753653163996[0m
seed 42
1 2 98 13 63 77 99 8 80 10 92 12 70 14 2 16 17 18 19 20 5 22 23 89 
100 99 
best 0.48753653163996
[0m
