1 2 3 4 5 6 7 8 9 10 11 12 13 14 15 16 17 18 19 20 21 22 23 24 [1;32m1200 0.00082539931038637[0m
1 75 3 4 94 50 7 8 9 10 11 12 13 14 15 16 17 18 19 20 21 22 23 24 [1;32m30000 0.0021366707248886[0m
1 75 3 4 94 50 7 23 9 93 11 12 13 14 15 16 17 44 19 80 1 22 23 24 [1;32m51600 0.089074962181743[0m
1 75 3 4 94 50 7 23 9 12 41 86 13 14 15 16 17 44 19 80 1 22 23 24 [1;32m64800 0.15269480248724[0m
1 75 3 4 94 99 31 4 9 59 41 86 13 14 15 16 17 100 19 80 1 22 23 24 [1;32m114000 0.18988146499909[0m
1 75 3 4 94 99 31 4 9 59 41 86 13 14 45 16 17 100 19 80 1 92 23 24 [1;32m163200 0.20514148113235[0m
1 75 3 4 27 95 31 4 33 59 41 86 13 14 45 16 17 100 19 80 29 92 23 20 [1;32m199200 0.49184243075777[0m
1 75 3 4 27 95 31 4 33 59 41 86 13 14 45 16 17 100 19 80 29 92 63 20 [1;32m260400 0.5376317198235[0m
1 75 3 4 27 95 31 4 33 59 41 86 13 14 45 16 17 100 19 80 29 92 63 20 [1;32m261600 0.70740177489081[0m
31 75 3 4 27 13 31 4 33 59 41 86 13 14 45 16 17 100 19 80 68 92 63 20 [1;32m507600 0.72354246974426[0m
seed 54
31 75 3 4 27 13 31 4 33 59 41 86 13 14 45 16 17 100 19 80 68 92 63 20 
100 99 
best 0.72354246974426
[0m
