1 2 3 4 5 6 7 8 9 10 11 12 13 14 15 16 17 18 19 20 21 22 23 24  [1;32 1200 0.0096519284672076 [0 
1 2 13 4 5 99 7 53 9 10 37 12 13 14 89 16 17 18 19 20 21 22 23 24  [1;32 4800 0.010229170483673 [0 
1 2 13 4 5 99 7 53 9 10 37 12 13 14 29 16 65 18 19 20 21 22 23 26  [1;32 8400 0.018219367503197 [0 
1 2 13 4 49 99 24 53 9 10 37 74 13 14 29 16 65 18 19 20 21 97 23 26  [1;32 106800 0.020866636072427 [0 
1 2 50 14 64 99 24 53 9 17 37 74 13 14 29 16 65 18 19 20 21 97 23 26  [1;32 114000 0.021384960033919 [0 
1 27 3 14 64 99 24 53 9 34 37 74 13 14 29 16 65 18 19 20 21 97 23 26  [1;32 118800 0.4273551676666 [0 
1 27 3 14 64 99 24 53 9 34 37 74 13 14 29 16 65 18 19 20 21 97 23 26  [1;32 120000 0.52899365147845 [0 
1 27 3 14 46 99 24 53 9 34 37 74 13 14 29 16 83 18 19 20 29 97 23 26  [1;32 123600 0.60655378979421 [0 
seed 77
1 27 3 14 46 99 24 53 9 34 37 74 13 14 29 16 83 18 19 20 29 97 23 26 
100 99 
best 0.60655378979421
 [0 
