1 2 3 4 5 6 7 8 9 10 11 12 13 14 15 16 17 18 19 20 21 22 23 24 [1;32m1200 0.16004093440965[0m
91 87 44 12 5 6 7 8 9 10 11 12 13 14 15 16 17 23 19 20 21 22 23 24 [1;32m34800 0.19146243531134[0m
91 87 44 12 5 6 7 8 9 10 72 93 13 72 15 16 20 23 19 20 21 22 98 24 [1;32m37200 0.84074690397223[0m
91 87 44 12 5 6 7 8 9 10 72 93 13 72 15 16 20 23 19 20 21 22 98 24 [1;32m38400 0.89687564049826[0m
91 87 44 12 5 6 7 8 9 10 59 93 13 72 15 16 20 23 19 20 21 22 98 24 [1;32m73200 0.89839941909388[0m
91 87 44 12 5 13 7 8 9 10 59 93 13 72 15 16 20 23 19 20 21 22 98 24 [1;32m84000 0.89951640390676[0m
91 87 44 84 5 13 7 53 9 10 59 93 13 72 15 16 20 23 35 20 21 22 98 24 [1;32m139200 0.90076730437629[0m
91 87 44 84 5 13 7 53 7 10 59 93 9 72 15 16 13 23 35 20 21 22 98 24 [1;32m570000 0.90233117075955[0m
seed 53
91 87 44 84 5 13 7 53 7 10 59 93 9 72 15 16 13 23 35 20 21 22 98 24 
100 99 
best 0.90233117075955
[0m
