1 2 3 4 5 6 7 8 9 10 11 12 13 14 15 16 17 18 19 20 21 22 23 24 [1;32m1200 0.21265832906607[0m
1 2 3 4 5 6 7 8 9 10 11 12 13 14 15 29 94 18 19 20 4 22 23 24 [1;32m261600 0.27548828024964[0m
1 2 3 4 5 6 21 8 9 10 11 12 13 4 15 29 94 18 19 20 4 22 23 24 [1;32m462000 0.29622362149527[0m
13 2 3 4 5 6 21 8 9 10 11 12 13 4 15 29 94 18 41 20 73 22 76 24 [1;32m577200 0.84042506066809[0m
13 2 3 4 5 6 21 8 9 10 11 12 13 4 15 29 94 18 41 20 73 22 76 24 [1;32m578400 0.89037427700777[0m
13 2 3 4 84 6 21 8 9 10 11 29 13 4 15 29 94 58 41 20 73 22 76 24 [1;32m582000 0.89699141757881[0m
13 2 3 4 84 6 50 8 9 10 11 29 77 4 15 29 94 58 41 20 73 22 24 24 [1;32m609600 0.90012956463386[0m
13 2 3 4 84 6 50 8 9 10 71 84 77 4 15 29 88 58 41 20 73 22 24 24 [1;32m692400 0.90228672960969[0m
seed 88
13 2 3 4 84 6 50 8 9 10 71 84 77 4 15 29 88 58 41 20 73 22 24 24 
100 99 
best 0.90228672960969
[0m
