1 2 3 4 5 6 7 8 9 10 11 12 13 14 15 16 17 18 19 20 21 22 23 24 [1;32m1200 0.20411051313306[0m
1 2 44 4 5 4 7 8 9 10 11 12 63 14 15 16 52 18 19 20 21 22 23 69 [1;32m148800 0.63917713759336[0m
1 2 44 4 5 4 7 8 9 10 11 12 63 14 15 16 52 18 19 20 21 22 23 69 [1;32m150000 0.83752432154642[0m
1 2 44 4 5 4 7 8 9 10 11 12 63 14 15 16 52 18 19 20 21 22 23 69 [1;32m151200 0.88549937485131[0m
1 2 44 4 5 4 7 8 9 10 11 12 63 14 15 16 25 18 19 20 21 22 23 69 [1;32m158400 0.89601780619626[0m
1 2 52 4 5 4 7 8 9 10 11 12 63 14 15 16 98 18 19 20 21 22 23 69 [1;32m171600 0.90248425404596[0m
seed 25
1 2 52 4 5 4 7 8 9 10 11 12 63 14 15 16 98 18 19 20 21 22 23 69 
100 99 
best 0.90248425404596
[0m
