1 2 3 4 5 6 7 8 9 10 11 12 13 14 15 16 17 18 19 20 21 22 23 24 [1;32m1200 0.2198587069921[0m
18 46 3 4 5 6 30 66 9 10 11 12 13 14 15 16 17 18 19 19 21 22 23 24 [1;32m223200 0.6549803828673[0m
90 46 5 4 5 6 40 66 9 10 11 46 13 14 3 16 94 18 19 19 21 22 23 24 [1;32m390000 0.67036575979876[0m
90 46 5 4 5 42 40 66 9 54 11 46 13 14 3 16 94 18 19 49 21 22 23 24 [1;32m396000 0.72175608437747[0m
90 46 5 60 55 42 40 66 9 54 11 46 13 14 3 16 94 18 58 49 21 22 16 24 [1;32m1041600 0.72584292608901[0m
seed 61
90 46 5 60 55 42 40 66 9 54 11 46 13 14 3 16 94 18 58 49 21 22 16 24 
100 99 
best 0.72584292608901
[0m
