1 2 3 4 5 6 7 8 9 10 11 12 13 14 15 16 17 18 19 20 21 22 23 24 [1;32m1200 0.21676627010514[0m
5 2 61 4 5 6 7 43 9 10 11 85 13 14 15 16 17 18 19 27 21 52 23 24 [1;32m68400 0.40587596276975[0m
5 2 61 4 5 6 7 43 9 10 11 85 13 14 15 16 17 18 19 27 21 52 23 24 [1;32m69600 0.49364881162271[0m
44 2 27 4 5 6 7 43 9 10 11 85 13 14 15 16 17 18 19 27 21 52 23 24 [1;32m73200 0.4937208517696[0m
44 2 27 4 5 6 7 43 9 10 11 85 13 14 15 16 17 18 19 27 21 52 23 24 [1;32m74400 0.49539178423701[0m
44 2 27 4 5 6 7 43 9 10 11 85 13 14 15 16 17 18 19 27 21 52 23 24 [1;32m75600 0.49539416616787[0m
44 2 27 4 5 6 7 43 9 10 11 29 13 14 15 16 17 18 19 27 21 52 23 24 [1;32m92400 0.49540742887128[0m
44 2 27 4 99 32 7 84 9 10 11 29 13 14 15 16 17 18 19 27 21 52 23 24 [1;32m102000 0.53810191897047[0m
44 2 27 4 99 32 7 84 9 90 32 29 13 95 15 16 17 32 19 27 21 52 23 24 [1;32m117600 0.5779659504388[0m
44 2 27 4 99 32 7 84 9 90 32 29 13 95 15 16 17 32 19 27 21 52 23 24 [1;32m118800 0.57797158563746[0m
44 45 27 4 40 32 7 84 9 90 32 29 13 95 56 16 17 92 5 27 21 52 23 45 [1;32m152400 0.61033782765325[0m
44 45 27 4 40 32 2 84 9 90 32 29 38 95 56 16 17 92 5 27 21 52 20 45 [1;32m214800 0.68935461017889[0m
44 45 27 33 40 32 69 84 9 90 32 29 38 95 56 16 40 92 5 27 21 52 20 45 [1;32m236400 0.74340289909503[0m
44 45 27 33 40 32 69 84 9 90 32 29 38 95 34 16 40 92 5 27 21 52 20 45 [1;32m313200 0.77354653237736[0m
44 45 27 33 40 32 69 84 9 90 32 29 38 95 34 16 40 92 5 27 21 52 20 45 [1;32m314400 0.85420204142677[0m
seed 87
44 45 27 33 40 32 69 84 9 90 32 29 38 95 34 16 40 92 5 27 21 52 20 45 
100 99 
best 0.85420204142677
[0m
