1 2 78 4 5 6 90 8 9 10 11 9 13 14 15 16 36 18 19 20 21 22 23 24 [1;32m81600 0.080676137500342[0m
1 2 78 4 40 22 39 95 9 10 16 9 13 49 15 16 36 18 19 20 21 22 23 24 [1;32m88800 0.65056788513292[0m
1 2 78 4 40 22 39 95 9 10 16 9 13 49 15 16 36 18 19 20 21 22 23 24 [1;32m90000 0.78334719587198[0m
1 2 78 4 40 22 39 16 9 10 16 9 13 49 15 16 36 18 19 20 21 22 23 24 [1;32m166800 0.79634078490503[0m
1 2 78 4 40 22 39 16 9 10 16 9 13 49 15 16 36 18 19 20 21 22 84 24 [1;32m169200 0.79898323044452[0m
1 2 78 4 40 22 39 16 9 10 16 9 13 49 15 16 36 18 19 20 21 22 84 24 [1;32m170400 0.8030970194537[0m
1 2 78 4 40 22 39 16 9 17 16 9 13 49 15 16 36 18 19 20 21 22 84 24 [1;32m176400 0.81075742592427[0m
1 2 78 4 40 22 39 16 9 17 16 9 13 49 15 16 36 18 19 20 32 46 84 24 [1;32m208800 0.81665083597036[0m
1 2 78 4 40 22 39 16 9 17 16 9 13 49 15 16 36 60 19 20 32 46 84 24 [1;32m277200 0.82004866529083[0m
1 2 78 69 40 22 39 16 9 17 50 9 13 49 15 16 36 60 19 20 32 46 84 24 [1;32m392400 0.87269982479264[0m
1 2 78 69 40 22 39 16 9 10 50 9 13 49 15 16 36 60 19 20 32 46 84 24 [1;32m454800 0.87954816739963[0m
1 2 78 69 40 22 39 16 9 10 50 9 13 49 15 16 36 60 19 26 32 46 84 24 [1;32m517200 0.88021141299944[0m
1 2 78 69 40 22 39 16 9 10 50 9 13 49 15 16 78 60 19 26 32 46 84 24 [1;32m519600 0.90720171852098[0m
1 2 78 69 40 22 39 89 9 10 50 9 13 49 15 80 78 28 19 26 32 46 84 48 [1;32m801600 0.90862579150095[0m
46 2 78 69 40 22 39 89 9 3 50 9 13 49 45 80 78 28 19 89 32 99 84 48 [1;32m1269600 0.91040007196779[0m
seed 63
46 2 78 69 40 22 39 89 9 3 50 9 13 49 45 80 78 28 19 89 32 99 84 48 
100 99 
best 0.91040007196779
[0m
