1 2 3 4 5 6 7 8 9 10 11 12 13 14 15 16 17 18 19 20 21 22 23 24 [1;32m1200 0.20399532400896[0m
1 2 3 4 5 6 7 8 9 10 11 12 13 14 15 16 17 18 19 50 58 22 23 24 [1;32m871200 0.620142200558[0m
1 2 3 4 5 6 4 8 9 10 11 12 13 14 15 42 20 18 19 50 8 22 23 24 [1;32m880800 0.76756285785935[0m
1 2 3 4 5 6 4 8 9 10 11 12 13 14 15 42 20 18 19 50 8 22 23 24 [1;32m882000 0.87909714670826[0m
1 2 3 4 5 6 4 8 9 82 11 94 13 14 15 42 20 18 19 50 8 22 23 24 [1;32m1008000 0.90198014760693[0m
seed 73
1 2 3 4 5 6 4 8 9 82 11 94 13 14 15 42 20 18 19 50 8 22 23 24 
100 99 
best 0.90198014760693
[0m
