1 2 3 4 5 6 7 8 9 10 11 12 13 14 15 16 17 18 19 20 21 22 23 24 [1;32m1200 0.21677950258198[0m
1 2 3 4 5 6 7 39 9 10 11 12 13 91 15 16 17 18 19 20 21 22 83 24 [1;32m4800 0.3456115485073[0m
1 2 21 4 5 6 7 38 9 10 11 12 99 91 44 16 17 18 19 20 21 22 62 24 [1;32m165600 0.4061685416853[0m
1 2 21 4 5 6 7 38 9 10 11 12 99 91 32 16 17 18 42 20 21 22 62 54 [1;32m222000 0.64626769920429[0m
1 2 21 4 5 6 7 38 9 10 11 12 99 91 32 16 17 18 42 20 21 22 62 54 [1;32m223200 0.68781184713431[0m
1 2 73 4 5 6 16 38 72 10 11 12 2 91 32 16 17 18 42 20 21 22 62 54 [1;32m276000 0.68816570420038[0m
1 2 73 4 5 6 16 38 72 10 11 12 6 91 88 67 17 18 42 20 21 23 62 54 [1;32m283200 0.7811793396916[0m
1 2 73 4 5 6 16 38 72 10 11 12 6 91 88 67 17 18 42 20 21 23 62 54 [1;32m284400 0.83864870124876[0m
1 2 73 4 5 6 16 38 72 10 11 12 6 91 88 67 76 18 42 20 21 23 62 54 [1;32m297600 0.846976834338[0m
1 2 73 4 5 6 16 38 72 10 11 12 6 91 88 67 76 18 42 20 64 23 76 54 [1;32m319200 0.85012233643226[0m
83 2 99 52 5 6 16 38 99 10 11 12 6 91 88 67 76 18 42 20 64 23 76 54 [1;32m352800 0.85471034514649[0m
3 2 99 52 5 6 16 38 99 10 11 12 6 91 88 67 76 18 42 20 64 23 76 54 [1;32m577200 0.85679670558181[0m
3 2 99 52 5 6 16 38 99 10 11 12 6 91 88 67 76 18 42 20 19 23 76 54 [1;32m652800 0.85987298568986[0m
30 2 99 52 5 6 16 38 99 10 11 12 6 91 88 67 76 18 42 20 19 23 76 54 [1;32m1056000 0.86198210998635[0m
30 2 99 52 5 6 16 2 99 10 11 12 6 62 88 67 76 18 39 20 23 31 76 54 [1;32m1212000 0.8672342679063[0m
30 2 84 52 5 6 16 2 99 10 62 12 6 62 88 67 76 18 39 20 23 31 76 54 [1;32m1323600 0.86943966646725[0m
seed 17
30 2 84 52 5 6 16 2 99 10 62 12 6 62 88 67 76 18 39 20 23 31 76 54 
100 99 
best 0.86943966646725
[0m
