1 2 3 4 5 6 7 8 9 10 11 12 13 14 15 16 17 18 19 20 21 22 23 24  [1;32 1200 0.00082539931038637 [0 
1 2 3 83 5 6 7 8 9 10 83 12 13 14 15 16 17 18 19 20 66 39 23 24  [1;32 10800 0.023350523883839 [0 
1 26 3 83 5 6 7 8 9 10 83 12 13 14 87 53 17 18 19 20 66 39 23 24  [1;32 36000 0.051734012003958 [0 
1 26 3 83 5 6 7 8 9 10 78 12 13 70 87 53 17 18 19 20 66 39 31 24  [1;32 84000 0.58620253484913 [0 
1 4 3 83 5 6 7 8 9 10 78 12 13 70 87 53 17 18 19 20 66 39 31 24  [1;32 86400 0.61927658156999 [0 
1 4 3 83 95 37 44 8 9 49 78 12 13 70 87 53 17 18 19 20 66 39 31 24  [1;32 487200 0.79791442699412 [0 
1 4 3 83 95 37 44 8 9 49 78 15 13 70 87 53 17 18 19 20 66 39 31 24  [1;32 618000 0.84062770654057 [0 
1 67 3 83 95 37 18 8 9 55 78 15 13 70 87 53 17 18 83 20 66 11 31 24  [1;32 621600 0.85433695747352 [0 
1 67 3 83 23 37 18 8 9 28 78 15 13 70 87 53 17 42 83 20 66 11 31 24  [1;32 1270800 0.85903206279634 [0 
1 67 3 83 23 37 18 8 9 28 78 15 13 70 87 53 17 42 83 20 66 11 31 24  [1;32 1272000 0.8643384775934 [0 
1 67 3 83 23 37 18 8 9 28 78 15 13 70 87 53 17 42 83 20 66 11 31 24  [1;32 1273200 0.86851943499662 [0 
seed 19
1 67 3 83 23 37 18 8 9 28 78 15 13 70 87 53 17 42 83 20 66 11 31 24 
100 99 
best 0.86851943499662
 [0 
