36 2 56 4 5 6 7 8 9 10 11 12 13 44 15 16 17 59 19 45 21 22 23 24 [1;32m4800 0.082575395896705[0m
36 2 56 4 5 6 7 8 9 61 48 12 13 44 15 16 17 80 19 6 21 70 23 24 [1;32m376800 0.21787689863651[0m
36 2 56 4 5 6 7 8 9 61 48 12 13 44 15 16 17 80 19 6 21 70 23 24 [1;32m378000 0.22331908353123[0m
100 2 56 4 5 6 7 8 9 61 48 12 13 44 15 16 17 80 19 6 21 70 23 24 [1;32m384000 0.49458025132128[0m
100 2 56 4 5 6 7 8 9 61 48 12 13 44 15 16 17 80 19 6 21 70 23 24 [1;32m385200 0.49541348355016[0m
100 2 56 4 57 6 7 8 9 61 48 48 13 45 15 16 17 80 83 6 21 70 23 55 [1;32m387600 0.495442249719[0m
100 2 56 4 57 6 7 8 9 61 48 48 59 45 15 16 17 80 52 6 21 17 91 55 [1;32m440400 0.70379725308127[0m
100 2 3 4 57 6 7 8 9 61 48 48 59 45 15 16 17 80 52 6 21 17 91 55 [1;32m496800 0.73405091495995[0m
100 2 3 4 57 6 7 89 72 61 48 48 69 45 15 16 17 80 52 6 21 17 91 9 [1;32m541200 0.76698657443582[0m
100 2 3 4 57 6 7 89 72 61 48 48 69 45 15 98 17 98 52 6 21 17 55 9 [1;32m553200 0.84034434979599[0m
100 2 3 4 57 6 7 89 72 61 48 48 69 45 15 98 17 98 52 6 21 17 55 9 [1;32m554400 0.87234134163864[0m
100 2 65 4 14 4 7 89 72 61 82 48 69 45 15 98 17 98 52 6 21 7 55 9 [1;32m556800 0.87267264580574[0m
100 2 65 4 14 4 7 89 72 61 82 48 69 45 15 98 17 98 52 6 21 7 55 9 [1;32m558000 0.87329829731153[0m
100 2 65 4 14 4 7 89 72 61 82 48 69 45 15 98 17 98 52 6 21 7 55 9 [1;32m559200 0.90959083807991[0m
100 2 65 4 14 4 7 89 72 61 82 48 69 45 15 6 17 98 52 6 21 7 55 9 [1;32m852000 0.91029780381934[0m
100 2 65 4 14 4 15 89 52 61 82 48 69 45 15 26 17 68 52 6 21 7 55 9 [1;32m1286400 0.91044588540347[0m
seed 73
100 2 65 4 14 4 15 89 52 61 82 48 69 45 15 26 17 68 52 6 21 7 55 9 
100 99 
best 0.91044588540347
[0m
