54 2 3 4 5 6 7 8 9 10 11 12 13 14 68 16 17 18 86 20 30 22 90 24 [1;32m21600 0.17619578038597[0m
54 26 3 4 5 6 7 8 9 10 11 12 13 14 68 16 17 18 86 20 30 22 90 24 [1;32m60000 0.19428728260252[0m
54 26 3 4 5 6 7 8 9 10 11 51 13 14 68 16 17 18 86 20 22 22 90 24 [1;32m80400 0.44102895800363[0m
28 26 3 4 5 6 7 24 29 10 11 51 92 14 68 16 17 18 86 20 22 22 90 24 [1;32m85200 0.44422790766222[0m
28 26 3 4 5 6 7 24 29 10 11 51 92 14 68 16 17 18 86 20 49 22 90 24 [1;32m93600 0.44609084108704[0m
28 26 3 4 5 6 7 79 29 10 11 51 92 14 68 16 17 18 86 20 49 22 90 24 [1;32m219600 0.46028777482322[0m
28 26 3 4 5 6 30 79 29 10 11 51 92 14 68 16 81 18 86 20 49 22 90 24 [1;32m354000 0.46745507152644[0m
28 26 3 4 5 6 30 79 29 10 11 51 92 14 68 16 81 18 86 20 49 93 90 24 [1;32m536400 0.75930605005118[0m
28 14 3 51 5 6 30 79 39 10 11 31 17 14 68 16 81 18 86 20 49 93 90 24 [1;32m588000 0.84567173211305[0m
28 14 3 51 5 6 30 79 39 10 11 31 17 14 68 16 81 18 86 20 49 93 90 24 [1;32m589200 0.86618959907222[0m
28 14 3 51 5 6 30 79 39 10 11 31 17 14 68 16 81 18 86 20 49 93 90 24 [1;32m590400 0.88625789617799[0m
28 14 3 51 5 6 100 24 3 10 11 31 17 14 68 16 81 18 86 20 49 93 90 15 [1;32m630000 0.89964476574405[0m
seed 78
28 14 3 51 5 6 100 24 3 10 11 31 17 14 68 16 81 18 86 20 49 93 90 15 
100 99 
best 0.89964476574405
[0m
