1 2 3 4 5 78 7 8 76 10 11 12 13 14 82 16 17 18 19 5 21 22 23 24  [1;32 183600 0.34281569686646 [0 
1 2 3 4 5 78 7 8 76 10 11 12 13 14 82 16 17 18 19 5 21 22 23 24  [1;32 184800 0.39960792103409 [0 
1 2 3 4 5 78 7 8 76 10 11 12 13 14 82 16 17 18 19 5 21 22 23 24  [1;32 186000 0.40301466077543 [0 
1 2 3 4 5 78 7 8 76 76 11 12 13 14 82 16 17 18 19 66 21 22 23 24  [1;32 190800 0.59242124935951 [0 
1 35 3 4 5 78 85 8 76 66 11 12 13 14 82 16 17 18 19 66 21 22 23 24  [1;32 193200 0.63489447308279 [0 
1 35 3 4 5 78 85 8 76 66 11 12 13 14 82 16 17 18 19 66 21 22 23 24  [1;32 194400 0.64887491823139 [0 
1 35 3 4 5 78 85 8 76 66 11 12 13 14 82 16 17 18 19 66 21 22 23 24  [1;32 195600 0.67278452464279 [0 
1 79 3 4 50 78 85 43 36 66 11 12 13 24 82 16 17 18 19 66 21 22 23 24  [1;32 199200 0.72734623035875 [0 
1 79 3 4 50 78 85 43 36 66 11 12 13 24 82 16 17 18 19 66 21 22 23 24  [1;32 200400 0.79746632945864 [0 
1 79 3 4 50 78 85 43 36 66 11 12 13 24 82 16 17 18 19 66 21 22 23 24  [1;32 201600 0.80985441710806 [0 
1 79 3 4 50 78 85 43 36 66 11 12 13 24 82 16 17 18 19 84 95 22 23 24  [1;32 210000 0.84207825887316 [0 
1 79 3 4 64 78 85 43 36 66 11 12 13 17 82 16 17 18 2 84 95 22 23 24  [1;32 229200 0.84516069256471 [0 
1 79 3 4 64 78 85 43 36 66 11 19 13 17 82 16 17 18 2 84 95 22 23 24  [1;32 246000 0.85400236471171 [0 
1 79 3 4 64 78 85 43 36 66 11 19 13 17 82 16 17 18 2 84 95 22 23 24  [1;32 256800 0.86597961682028 [0 
1 79 3 4 64 78 85 43 36 66 11 19 13 17 82 16 17 18 2 48 98 48 23 24  [1;32 296400 0.88067025367148 [0 
1 88 3 4 64 78 85 43 36 66 11 19 13 17 82 16 17 18 2 48 45 48 23 24  [1;32 1000800 0.89622741662822 [0 
1 28 3 4 64 78 85 43 36 66 11 19 13 17 82 16 17 18 2 48 45 48 23 24  [1;32 1266000 0.89840281877479 [0 
seed 16
1 28 3 4 64 78 85 43 36 66 11 19 13 17 82 16 17 18 2 48 45 48 23 24 
100 99 
best 0.89840281877479
 [0 
