1 2 3 4 5 6 7 8 9 10 11 12 13 14 15 16 17 18 19 20 21 22 23 70  [1;32 8400 0.00060859269011058 [0 
1 2 3 4 5 6 7 8 9 10 71 12 13 14 15 16 17 18 19 20 21 22 23 70  [1;32 13200 0.0031946031244926 [0 
1 2 3 4 5 6 57 8 9 92 71 12 13 14 15 16 17 18 19 20 44 22 23 12  [1;32 26400 0.0080361023924539 [0 
1 2 3 4 5 6 57 8 81 92 71 12 13 14 15 16 17 18 19 12 44 22 23 12  [1;32 33600 0.11803218059389 [0 
1 2 3 4 5 6 57 8 81 92 71 12 13 14 15 16 17 18 19 12 96 22 23 12  [1;32 45600 0.65550299055694 [0 
1 2 3 4 10 6 57 8 81 92 71 12 13 14 15 16 17 18 19 12 96 22 23 12  [1;32 57600 0.75488709894797 [0 
1 2 3 4 10 6 57 8 81 92 71 12 13 14 15 16 17 18 19 96 96 22 23 11  [1;32 134400 0.8151645922514 [0 
1 2 3 4 10 6 57 8 44 92 71 12 13 14 15 16 17 18 19 96 96 22 23 11  [1;32 321600 0.84997655101512 [0 
75 2 3 89 10 6 88 8 44 92 71 12 13 60 15 16 17 18 19 96 23 22 23 11  [1;32 1035600 0.86386116051963 [0 
75 2 3 89 10 6 88 8 44 92 71 55 13 60 15 16 17 18 19 96 23 27 23 11  [1;32 1384800 0.86584230865042 [0 
seed 90
75 2 3 89 10 6 88 8 44 92 71 55 13 60 15 16 17 18 19 96 23 27 23 11 
100 99 
best 0.86584230865042
 [0 
