32 2 89 4 94 6 36 8 9 10 11 75 13 14 15 16 17 18 19 48 21 22 23 24  [1;32 133200 0.04976638162089 [0 
73 2 33 4 94 6 36 8 9 10 11 34 83 14 15 16 17 65 19 48 21 22 23 24  [1;32 152400 0.4355838928393 [0 
73 2 33 4 94 6 36 87 79 10 29 34 83 14 15 16 91 65 19 48 21 22 23 24  [1;32 493200 0.48953376004172 [0 
73 2 33 4 94 6 36 87 79 10 29 34 1 14 15 16 91 65 19 48 100 22 23 46  [1;32 673200 0.70241607989214 [0 
73 2 33 4 94 6 36 87 79 10 29 34 1 14 15 16 91 65 19 48 100 22 23 46  [1;32 674400 0.76501641171782 [0 
73 2 33 4 94 6 36 87 79 10 29 34 1 14 15 16 91 65 19 48 100 22 23 46  [1;32 675600 0.85482472852425 [0 
73 2 33 4 94 6 36 87 79 10 29 34 1 14 15 16 91 65 19 48 100 22 23 46  [1;32 676800 0.90742154627539 [0 
seed 44
73 2 33 4 94 6 36 87 79 10 29 34 1 14 15 16 91 65 19 48 100 22 23 46 
100 99 
best 0.90742154627539
 [0 
