1 2 3 4 5 6 7 8 21 10 11 12 13 14 15 16 17 18 19 20 21 22 86 72  [1;32 6000 0.0016509749542691 [0 
1 2 7 4 3 6 7 8 21 10 11 12 13 72 15 16 88 18 19 47 21 22 91 72  [1;32 8400 0.7801603083186 [0 
1 2 7 4 3 6 7 8 21 10 11 12 13 72 15 16 88 18 19 47 21 22 91 72  [1;32 9600 0.90785889596732 [0 
1 2 98 4 3 6 7 8 21 10 11 12 13 72 15 16 88 18 19 47 21 22 91 72  [1;32 343200 0.90902134116933 [0 
1 2 90 29 3 6 7 8 21 10 11 12 13 72 15 16 88 18 19 46 21 13 91 4  [1;32 553200 0.91113039580968 [0 
1 2 90 29 3 6 7 8 21 10 11 12 19 72 15 16 88 18 19 46 21 13 91 4  [1;32 601200 0.91339908322026 [0 
seed 43
1 2 90 29 3 6 7 8 21 10 11 12 19 72 15 16 88 18 19 46 21 13 91 4 
100 99 
best 0.91339908322026
 [0 
