61 2 3 4 5 6 7 8 9 10 11 12 13 14 15 16 17 18 80 20 21 22 23 79  [1;32 8400 0.011233534966204 [0 
61 2 3 4 5 14 7 8 56 10 11 12 2 14 15 16 17 18 80 20 21 22 23 79  [1;32 13200 0.012834986802676 [0 
61 2 3 4 5 14 7 8 56 10 81 54 2 14 53 16 17 45 80 20 21 22 23 24  [1;32 19200 0.55765823810838 [0 
61 2 3 4 5 14 7 8 56 10 81 54 2 14 53 16 17 45 80 20 21 22 23 24  [1;32 20400 0.85239446055271 [0 
61 2 3 4 5 14 7 8 56 10 81 54 2 14 53 16 17 45 80 20 21 22 23 24  [1;32 21600 0.85860109566974 [0 
61 69 3 4 5 14 93 8 56 10 81 54 2 14 53 16 7 45 80 20 21 22 23 24  [1;32 24000 0.8981508609816 [0 
seed 69
61 69 3 4 5 14 93 8 56 10 81 54 2 14 53 16 7 45 80 20 21 22 23 24 
100 99 
best 0.8981508609816
 [0 
