1 2 3 4 5 6 7 8 9 10 11 12 13 14 15 16 17 18 19 20 21 22 23 24  [1;32 1200 0.20411051313306 [0 
1 2 44 4 5 4 7 8 9 10 11 12 63 14 15 16 52 18 19 20 21 22 23 69  [1;32 148800 0.63917713759336 [0 
1 2 44 4 5 4 7 8 9 10 11 12 63 14 15 16 52 18 19 20 21 22 23 69  [1;32 150000 0.83752432154642 [0 
1 2 44 4 5 4 7 8 9 10 11 12 63 14 15 16 52 18 19 20 21 22 23 69  [1;32 151200 0.88549937485131 [0 
1 2 44 4 5 4 7 8 9 10 11 12 63 14 15 16 25 18 19 20 21 22 23 69  [1;32 158400 0.89601780619626 [0 
1 2 52 4 5 4 7 8 9 10 11 12 63 14 15 16 98 18 19 20 21 22 23 69  [1;32 171600 0.90248425404596 [0 
seed 25
1 2 52 4 5 4 7 8 9 10 11 12 63 14 15 16 98 18 19 20 21 22 23 69 
100 99 
best 0.90248425404596
 [0 
