1 2 3 4 5 6 7 8 9 10 11 12 13 14 15 16 17 18 19 20 21 22 23 24 [1;32m1200 0.00082539931038637[0m
1 2 3 4 5 6 7 8 9 10 11 12 13 14 15 83 73 14 19 24 21 22 23 24 [1;32m12000 0.24768899250284[0m
1 2 3 4 5 6 7 8 9 10 11 12 13 14 15 83 73 14 19 24 21 22 23 24 [1;32m13200 0.24770565554919[0m
1 2 74 4 55 6 25 8 9 10 11 12 93 14 15 83 73 30 19 24 21 22 23 24 [1;32m21600 0.24770996265168[0m
1 2 74 4 55 6 25 8 9 10 11 12 93 14 15 83 73 30 19 24 21 22 23 24 [1;32m22800 0.2477215001531[0m
1 2 74 4 55 6 69 8 9 10 11 12 93 14 15 83 73 2 19 24 21 58 62 24 [1;32m33600 0.38240345588577[0m
1 2 74 4 55 6 69 8 9 10 11 12 93 14 15 83 73 2 19 24 21 58 62 24 [1;32m34800 0.39199323700199[0m
1 2 74 4 55 6 69 8 9 10 11 12 93 14 15 83 73 2 19 24 21 58 62 24 [1;32m36000 0.40708526378628[0m
1 2 74 4 55 6 69 8 9 10 11 12 93 14 15 83 73 2 19 24 21 58 62 24 [1;32m37200 0.41140358838123[0m
1 2 74 4 55 6 69 8 9 10 11 12 93 14 15 83 73 2 19 24 21 58 62 24 [1;32m38400 0.42546828602165[0m
1 2 74 4 55 6 69 8 9 10 11 12 93 14 15 83 73 2 19 24 21 58 43 24 [1;32m43200 0.46803160047007[0m
1 2 74 4 55 6 69 8 72 10 11 12 93 14 15 83 73 2 19 24 21 58 43 24 [1;32m80400 0.49458851983392[0m
1 2 74 4 55 6 69 8 72 10 11 12 93 14 15 83 73 2 19 24 21 58 43 24 [1;32m81600 0.49538695559839[0m
1 2 74 4 55 6 69 8 72 10 11 12 93 14 15 83 73 2 19 24 64 58 43 24 [1;32m94800 0.83010420271031[0m
1 2 74 4 55 6 69 8 72 10 11 12 93 14 15 83 73 2 19 24 64 58 43 24 [1;32m96000 0.86845452820623[0m
1 2 74 4 55 6 69 8 8 10 11 12 93 14 15 83 73 2 19 24 64 58 43 24 [1;32m660000 0.90374619229964[0m
seed 41
1 2 74 4 55 6 69 8 8 10 11 12 93 14 15 83 73 2 19 24 64 58 43 24 
100 99 
best 0.90374619229964
[0m
