1 2 3 4 5 6 7 8 9 10 11 12 13 14 15 16 17 18 19 20 21 22 23 24 [1;32m1200 0.79794874040013[0m
1 2 3 4 5 6 7 8 9 10 11 12 13 14 15 16 17 18 19 20 21 22 23 24 [1;32m2400 0.82718978684092[0m
1 2 3 4 3 6 7 8 9 10 11 12 13 14 15 16 17 18 19 24 21 22 86 24 [1;32m31200 0.82847362585952[0m
2 2 3 3 14 6 7 8 9 10 11 77 13 14 15 16 17 18 19 24 21 22 86 24 [1;32m37200 0.83362841666225[0m
2 2 3 3 14 6 7 8 82 10 11 77 13 14 15 16 17 18 4 24 21 22 86 24 [1;32m42000 0.88646053238066[0m
48 2 2 3 14 6 7 8 82 10 22 77 13 14 15 15 17 18 4 24 21 22 86 24 [1;32m44400 0.89741529235411[0m
48 52 2 3 14 6 7 8 82 10 22 77 13 14 15 15 17 18 4 24 21 22 86 24 [1;32m46800 0.89989834938764[0m
84 52 2 3 14 6 7 8 82 34 43 49 13 66 83 15 17 18 4 24 21 22 86 24 [1;32m50400 0.90397511282759[0m
84 52 2 3 14 6 7 8 73 34 43 49 13 94 83 15 17 18 4 24 21 22 86 24 [1;32m207600 0.90487701025749[0m
seed 66
84 52 2 3 14 6 7 8 73 34 43 49 13 94 83 15 17 18 4 24 21 22 86 24 
100 99 
best 0.90487701025749
[0m
