1 2 3 4 5 6 7 8 9 10 11 12 13 14 15 16 17 18 19 20 21 22 23 24  [1;32 1200 0.12404094115831 [0 
1 2 3 4 5 6 7 8 9 63 11 12 13 14 15 16 17 18 52 20 21 22 23 24  [1;32 12000 0.13279223845061 [0 
1 3 3 4 5 6 7 8 9 63 11 12 13 14 27 16 17 18 64 20 21 54 23 24  [1;32 21600 0.19158862105152 [0 
1 3 3 4 5 6 7 8 9 63 11 12 13 14 27 16 17 18 64 20 21 54 23 24  [1;32 22800 0.21569337847414 [0 
1 3 3 4 5 6 7 8 9 63 61 12 13 97 27 16 17 18 64 20 21 54 23 24  [1;32 27600 0.28695988836071 [0 
77 3 3 4 22 6 7 75 9 12 61 12 13 97 27 16 17 14 64 20 21 54 23 62  [1;32 42000 0.51920683184011 [0 
77 3 3 4 22 6 7 75 9 12 61 12 13 97 27 16 17 14 64 20 21 54 23 62  [1;32 43200 0.55700337506771 [0 
77 63 3 4 22 6 7 75 9 12 61 12 13 97 27 16 17 14 64 20 21 54 23 62  [1;32 63600 0.57419877905177 [0 
77 63 3 4 22 6 7 75 9 76 81 98 13 97 95 16 17 14 64 20 21 54 23 62  [1;32 82800 0.6805957730711 [0 
77 63 3 4 22 6 7 75 9 76 24 98 13 97 95 16 17 62 64 20 21 54 23 62  [1;32 1203600 0.71618383097936 [0 
seed 23
77 63 3 4 22 6 7 75 9 76 24 98 13 97 95 16 17 62 64 20 21 54 23 62 
100 99 
best 0.71618383097936
 [0 
