1 28 3 4 5 6 7 8 57 83 11 12 13 14 15 16 22 18 19 20 21 22 23 24  [1;32 2400 0.073489237516055 [0 
1 28 3 4 5 6 7 8 57 83 11 12 13 14 15 16 22 18 19 20 21 22 23 24  [1;32 3600 0.075133842879881 [0 
90 28 84 4 5 6 7 8 57 83 11 12 13 14 78 16 74 18 19 32 21 22 23 24  [1;32 7200 0.088345134204371 [0 
90 28 84 4 5 6 7 8 57 83 11 12 13 14 78 16 74 18 19 32 21 22 23 24  [1;32 8400 0.089165152417546 [0 
90 28 84 4 5 6 7 8 57 83 11 12 13 14 78 16 74 18 19 32 21 22 23 24  [1;32 9600 0.089171014661448 [0 
11 28 84 4 5 77 7 8 57 83 11 12 13 14 78 16 74 18 19 32 21 42 23 32  [1;32 15600 0.16325343428519 [0 
11 28 84 4 5 77 7 98 57 83 31 12 13 14 73 30 91 18 3 32 21 42 23 32  [1;32 25200 0.17425069788791 [0 
11 28 84 4 5 77 7 98 57 83 31 12 13 14 73 30 91 18 3 32 21 42 23 32  [1;32 26400 0.18432453273939 [0 
11 28 84 4 5 77 7 98 57 83 31 12 13 14 73 30 91 18 3 32 21 42 23 32  [1;32 27600 0.20023634124572 [0 
11 28 84 4 39 77 7 98 57 83 31 12 31 14 73 30 91 18 3 32 38 42 36 32  [1;32 30000 0.32380651820228 [0 
11 28 84 81 39 77 7 98 57 83 31 12 31 14 73 30 91 18 3 32 38 42 36 32  [1;32 32400 0.49003646346487 [0 
11 28 81 81 39 77 7 98 57 83 31 12 31 86 73 30 91 18 3 32 64 35 83 32  [1;32 46800 0.53389298898842 [0 
11 28 81 81 39 77 7 98 57 83 31 12 31 86 73 30 91 18 3 32 64 35 83 32  [1;32 48000 0.5696740206225 [0 
11 28 81 81 39 77 7 98 57 83 31 12 31 86 73 30 91 18 3 32 64 35 83 32  [1;32 49200 0.57218098578666 [0 
11 28 81 81 39 77 7 98 57 83 31 12 31 36 73 30 91 18 3 32 64 35 83 32  [1;32 85200 0.83152442296648 [0 
11 28 81 81 39 77 7 98 57 83 31 12 31 36 73 30 91 18 3 32 64 35 83 32  [1;32 86400 0.84483761691861 [0 
63 28 81 81 39 77 7 98 45 14 31 12 31 36 73 30 91 18 3 32 64 35 83 32  [1;32 170400 0.87110771011728 [0 
63 28 81 81 39 77 7 98 45 14 14 12 31 36 73 30 91 55 3 32 64 35 83 11  [1;32 300000 0.87820692092639 [0 
63 28 81 81 39 77 7 98 45 14 14 12 31 36 73 30 91 55 3 32 64 35 83 11  [1;32 301200 0.87874534702366 [0 
63 28 81 81 39 77 7 98 45 14 14 12 31 36 73 30 91 55 3 32 64 35 83 11  [1;32 302400 0.88129345028465 [0 
63 28 81 81 39 77 7 98 45 14 14 97 31 36 73 30 91 55 3 32 64 35 83 81  [1;32 360000 0.88617350699472 [0 
seed 72
63 28 81 81 39 77 7 98 45 14 14 97 31 36 73 30 91 55 3 32 64 35 83 81 
100 99 
best 0.88617350699472
 [0 
