1 2 3 4 5 6 7 8 9 10 11 12 13 14 15 16 17 18 19 20 21 22 23 24 [1;32m1200 0.21111030297414[0m
1 56 3 4 5 24 7 1 9 69 11 12 13 14 15 16 49 18 19 20 21 22 23 24 [1;32m8400 0.58151140640842[0m
1 56 3 4 5 24 7 1 9 69 11 12 13 14 15 16 49 18 19 20 21 22 23 24 [1;32m9600 0.61721592368725[0m
1 56 3 4 5 24 7 1 9 69 24 12 13 14 15 16 49 18 19 20 21 22 23 34 [1;32m49200 0.73849051194742[0m
1 56 3 4 5 24 7 1 9 69 24 12 13 14 15 16 49 18 19 20 21 22 23 34 [1;32m50400 0.88346770102891[0m
1 11 3 4 5 24 7 1 9 69 24 12 13 14 15 16 49 18 19 20 21 22 23 34 [1;32m102000 0.89401149260167[0m
1 11 3 4 5 24 7 1 12 69 24 12 13 14 15 16 49 18 19 20 21 22 100 34 [1;32m105600 0.90793929407554[0m
1 11 3 4 5 24 7 37 12 69 24 12 13 14 15 16 49 18 19 20 21 22 100 34 [1;32m746400 0.90829947533151[0m
1 11 3 4 5 24 7 37 12 69 24 27 13 14 15 16 49 18 19 20 21 83 21 34 [1;32m750000 0.90849954118219[0m
seed 98
1 11 3 4 5 24 7 37 12 69 24 27 13 14 15 16 49 18 19 20 21 83 21 34 
100 99 
best 0.90849954118219
[0m
