1 2 3 4 5 6 7 8 9 10 11 12 13 14 15 16 17 18 19 20 21 22 23 24 [1;32m1200 0.010485528243351[0m
1 2 3 4 5 6 7 8 9 10 11 12 13 14 15 16 38 18 19 53 21 64 79 75 [1;32m14400 0.052975092027816[0m
1 2 3 4 5 6 7 8 9 10 11 12 13 14 15 16 38 79 19 53 21 64 79 75 [1;32m39600 0.073240319593495[0m
1 2 3 4 5 6 7 8 9 10 11 14 32 14 15 16 38 79 19 53 54 64 79 75 [1;32m64800 0.11536457358398[0m
1 2 3 4 5 6 7 8 9 10 11 86 32 14 15 16 38 79 19 53 54 50 79 75 [1;32m68400 0.16522414835893[0m
1 2 3 4 25 6 7 8 9 10 11 86 32 14 15 16 38 79 19 53 54 50 79 75 [1;32m73200 0.23840311909452[0m
1 4 3 4 25 50 7 55 9 83 11 86 32 14 15 16 38 31 19 53 54 50 79 75 [1;32m103200 0.39023683431478[0m
1 4 3 4 25 50 7 55 9 83 11 8 32 14 15 16 38 31 19 53 54 50 79 75 [1;32m123600 0.41337171000843[0m
42 45 3 7 25 50 31 21 9 83 11 8 32 14 15 16 38 31 9 53 54 50 79 75 [1;32m128400 0.47274224167756[0m
42 45 3 7 25 50 31 21 9 83 11 8 32 14 15 16 38 31 9 53 54 50 79 75 [1;32m129600 0.56239807882366[0m
42 45 3 7 25 50 31 21 9 83 11 44 32 14 37 16 11 31 9 53 54 50 79 75 [1;32m175200 0.6094903052117[0m
42 45 3 7 25 50 31 21 9 83 11 44 32 14 37 16 11 31 9 53 54 50 79 75 [1;32m176400 0.62316169584507[0m
42 45 3 7 25 50 31 21 9 83 11 44 32 14 37 16 11 31 9 53 54 50 79 75 [1;32m177600 0.64877369644473[0m
42 45 3 7 25 38 31 21 9 83 11 44 32 14 37 16 11 31 9 53 54 50 79 75 [1;32m375600 0.64935520691558[0m
42 19 3 7 25 38 50 21 9 83 11 44 32 14 37 87 11 31 9 53 54 50 79 75 [1;32m427200 0.75385211004083[0m
42 19 3 7 25 86 23 21 9 83 11 44 32 14 37 87 11 31 9 53 54 50 79 75 [1;32m962400 0.84702791344901[0m
42 19 3 7 25 86 23 21 9 83 11 44 32 14 37 87 11 31 9 53 54 50 79 75 [1;32m963600 0.85387882034498[0m
seed 19
42 19 3 7 25 86 23 21 9 83 11 44 32 14 37 87 11 31 9 53 54 50 79 75 
100 99 
best 0.85387882034498
[0m
