1 2 3 4 5 6 7 8 9 10 11 12 13 14 15 16 17 18 19 20 21 22 23 24  [1;32 1200 0.00082539931038637 [0 
1 83 3 4 5 6 7 17 9 10 11 12 13 14 15 16 17 18 19 20 21 22 79 24  [1;32 20400 0.29546415247761 [0 
1 36 3 4 5 54 7 17 9 10 11 12 13 14 15 25 17 18 19 20 21 22 79 24  [1;32 487200 0.43873488177318 [0 
1 36 3 4 5 54 63 17 9 10 35 12 13 14 15 25 17 54 19 20 25 22 79 24  [1;32 492000 0.65045606258757 [0 
1 36 3 23 5 54 63 17 9 10 28 12 13 14 15 72 17 54 19 20 25 22 79 24  [1;32 498000 0.6822806323862 [0 
1 36 3 23 5 54 63 17 9 10 28 12 34 14 15 72 17 72 19 20 25 22 79 24  [1;32 504000 0.83374464449361 [0 
1 36 3 23 5 54 63 17 9 10 28 12 34 14 15 72 17 72 19 20 25 22 79 24  [1;32 505200 0.86265091079112 [0 
1 36 3 23 5 54 63 3 9 10 28 12 52 14 15 72 17 72 71 20 25 65 79 24  [1;32 578400 0.89603615887925 [0 
1 36 3 23 5 54 63 3 9 10 28 12 52 14 15 72 17 96 71 20 25 65 79 24  [1;32 687600 0.90178953227852 [0 
86 36 3 23 5 2 63 3 9 10 28 12 52 14 15 3 17 50 71 58 25 65 39 24  [1;32 732000 0.90775063667929 [0 
seed 6
86 36 3 23 5 2 63 3 9 10 28 12 52 14 15 3 17 50 71 58 25 65 39 24 
100 99 
best 0.90775063667929
 [0 
