1 2 3 13 5 6 7 95 9 10 11 12 13 14 61 16 26 13 19 20 95 22 23 24  [1;32 10800 0.00082573051311791 [0 
1 69 3 13 5 6 93 95 9 10 11 12 13 14 61 16 7 13 19 20 95 22 23 24  [1;32 19200 0.00082693865793259 [0 
1 69 3 13 5 22 93 95 9 10 11 12 13 14 61 16 7 13 3 20 95 22 41 39  [1;32 21600 0.49457559773811 [0 
1 69 3 13 5 22 93 95 9 10 11 12 13 14 61 16 7 13 3 20 95 22 41 39  [1;32 22800 0.49539047312094 [0 
1 69 3 13 5 22 93 95 9 10 11 12 13 14 61 16 7 13 3 20 95 22 41 39  [1;32 24000 0.4954117781414 [0 
64 69 3 13 5 22 76 95 9 10 11 12 13 72 61 16 7 13 3 20 95 22 25 39  [1;32 40800 0.4954164754534 [0 
64 71 3 13 5 22 76 95 9 10 11 12 13 72 61 16 16 13 3 10 83 22 25 39  [1;32 171600 0.90056198890122 [0 
64 71 3 13 5 58 76 95 9 38 11 12 13 72 61 16 16 13 3 65 83 22 25 39  [1;32 474000 0.90429962036629 [0 
64 71 3 13 5 58 76 95 9 38 11 12 13 72 61 16 16 13 3 65 83 22 71 39  [1;32 560400 0.90433725670343 [0 
64 71 3 13 5 58 76 95 9 38 11 12 13 72 61 16 16 13 3 65 83 22 71 58  [1;32 565200 0.906294488674 [0 
64 71 3 13 5 54 76 95 9 38 11 12 13 72 61 16 16 13 6 65 83 22 71 58  [1;32 609600 0.90867462658239 [0 
seed 69
64 71 3 13 5 54 76 95 9 38 11 12 13 72 61 16 16 13 6 65 83 22 71 58 
100 99 
best 0.90867462658239
 [0 
