1 2 3 4 5 6 7 8 9 10 11 12 13 14 15 16 17 18 77 20 21 22 23 24 [1;32m2400 0.046808519273336[0m
1 2 86 4 5 6 7 8 9 10 11 12 13 14 55 16 17 18 77 20 70 22 69 24 [1;32m421200 0.092271702779299[0m
1 2 86 4 5 6 7 8 9 10 11 12 35 14 55 16 17 18 77 20 70 96 69 24 [1;32m824400 0.24854410997954[0m
1 2 86 4 5 6 7 100 8 10 11 14 19 14 18 77 17 18 77 20 70 96 69 24 [1;32m1308000 0.25174630907598[0m
48 2 86 49 21 6 7 100 8 10 54 14 19 14 18 77 3 18 77 20 70 96 69 24 [1;32m1318800 0.2597746916466[0m
48 58 86 49 21 6 7 100 8 10 54 83 19 14 6 100 3 18 23 20 70 96 69 24 [1;32m1329600 0.26438052280325[0m
48 90 86 49 21 6 7 100 8 10 54 83 19 14 6 100 3 29 23 20 70 96 69 54 [1;32m1341600 0.26936183353815[0m
seed 70
48 90 86 49 21 6 7 100 8 10 54 83 19 14 6 100 3 29 23 20 70 96 69 54 
100 99 
best 0.26936183353815
[0m
