1 2 3 4 5 6 7 8 9 10 11 12 13 14 15 16 17 18 19 20 21 22 23 24 [1;32m1200 0.1745803316189[0m
1 2 3 4 5 6 7 8 9 10 11 12 13 14 15 16 17 18 19 20 21 58 23 24 [1;32m3600 0.26216683474885[0m
1 2 3 25 5 6 7 8 93 10 11 12 13 67 15 16 17 18 19 20 21 56 23 24 [1;32m7200 0.31296236292918[0m
1 2 3 75 58 6 7 8 93 10 63 12 13 67 84 16 17 18 19 20 21 56 58 24 [1;32m10800 0.54162980561832[0m
1 2 3 75 58 6 7 8 93 10 63 12 13 67 84 16 17 18 19 20 21 56 58 24 [1;32m12000 0.55484899661488[0m
1 2 3 75 58 6 7 8 93 10 63 12 13 67 84 16 17 18 19 20 21 56 58 24 [1;32m13200 0.5548870295791[0m
1 2 3 75 58 6 7 8 93 10 63 12 13 67 84 16 17 18 19 52 21 56 77 24 [1;32m19200 0.70890622175073[0m
1 2 3 75 58 53 64 8 93 10 63 12 13 67 61 16 17 18 19 52 21 56 77 24 [1;32m54000 0.76375218864807[0m
1 2 3 75 58 53 64 8 93 10 63 12 13 67 33 16 17 18 19 52 21 56 77 24 [1;32m157200 0.78023479743563[0m
1 2 3 75 58 53 64 8 93 10 63 12 13 67 33 16 17 18 19 52 21 56 77 48 [1;32m498000 0.84005987885513[0m
1 2 17 66 58 53 64 8 93 52 63 12 13 67 69 16 17 18 19 52 21 56 77 48 [1;32m1140000 0.85591785178679[0m
1 2 8 66 98 53 39 8 93 52 63 77 13 67 69 16 31 66 19 52 21 56 77 48 [1;32m1252800 0.86621833245972[0m
seed 95
1 2 8 66 98 53 39 8 93 52 63 77 13 67 69 16 31 66 19 52 21 56 77 48 
100 99 
best 0.86621833245972
[0m
