1 2 3 4 5 6 7 8 9 10 11 12 13 14 15 16 17 18 19 20 21 22 23 24  [1;32 1200 0.23484852814113 [0 
1 90 3 4 5 14 7 8 9 10 11 12 13 14 15 16 99 18 8 41 21 22 87 24  [1;32 117600 0.44025292954528 [0 
1 90 3 4 5 14 7 8 9 10 11 12 13 14 15 16 99 18 8 41 10 66 87 24  [1;32 124800 0.44306474499123 [0 
1 90 3 4 5 14 7 8 9 10 11 11 13 14 15 16 99 18 8 41 10 39 87 68  [1;32 129600 0.76771866660964 [0 
1 90 3 4 5 14 7 8 9 10 11 11 13 14 15 16 99 18 8 41 10 39 87 68  [1;32 130800 0.81175637910115 [0 
1 90 3 4 5 14 7 8 9 10 11 11 13 14 33 91 100 18 8 41 86 16 87 68  [1;32 192000 0.8778045538426 [0 
1 90 15 4 5 14 7 8 9 10 11 11 13 14 33 91 100 18 8 87 86 16 87 68  [1;32 466800 0.88527772864915 [0 
1 90 15 4 5 14 94 8 9 10 11 11 13 14 33 91 100 18 8 87 86 16 87 68  [1;32 537600 0.88733221066496 [0 
1 90 15 4 5 14 94 8 9 10 11 11 58 14 60 91 100 18 8 87 86 16 87 68  [1;32 619200 0.90532182517196 [0 
seed 32
1 90 15 4 5 14 94 8 9 10 11 11 58 14 60 91 100 18 8 87 86 16 87 68 
100 99 
best 0.90532182517196
 [0 
