1 2 3 4 5 6 7 8 23 10 86 12 13 14 15 16 73 18 19 20 21 22 23 83  [1;32 27600 0.00082636278327974 [0 
1 2 3 4 5 6 7 8 23 10 86 12 13 52 15 16 73 18 30 20 21 22 23 83  [1;32 48000 0.2792772793441 [0 
1 2 3 4 5 6 7 8 23 10 86 12 13 52 15 16 73 18 30 20 21 22 23 83  [1;32 49200 0.3539454012221 [0 
1 2 3 4 5 6 7 8 23 87 86 12 13 52 15 16 73 18 30 19 21 22 32 83  [1;32 63600 0.46994607866201 [0 
1 2 3 4 5 6 7 8 23 87 86 12 13 52 15 16 73 18 30 19 21 22 32 83  [1;32 64800 0.56556314482639 [0 
1 2 3 4 5 6 7 8 23 87 86 12 13 52 15 16 73 18 30 19 21 22 32 83  [1;32 66000 0.56723080147678 [0 
1 2 3 4 5 6 77 8 23 87 86 12 13 52 15 94 73 18 30 19 21 22 32 83  [1;32 177600 0.56724087320852 [0 
1 2 3 4 5 6 77 8 23 87 86 12 13 52 15 94 73 18 30 19 21 36 32 83  [1;32 195600 0.80268213029157 [0 
1 2 3 4 5 6 77 8 23 87 86 12 13 52 15 94 73 18 30 19 21 36 32 83  [1;32 196800 0.8076421004812 [0 
1 2 3 4 5 6 77 8 23 87 86 12 13 52 15 94 73 18 30 19 21 36 32 83  [1;32 198000 0.87224658408244 [0 
1 2 3 47 5 6 77 8 23 87 86 12 13 52 37 94 73 18 30 19 65 36 32 18  [1;32 324000 0.87433430809028 [0 
1 2 3 47 5 6 77 8 23 87 86 12 14 52 25 94 73 18 35 19 65 36 32 18  [1;32 362400 0.87614468810115 [0 
1 2 3 47 5 85 77 8 23 87 65 37 14 52 25 94 73 18 35 19 65 36 32 18  [1;32 630000 0.88199690484509 [0 
1 89 3 47 5 85 77 8 23 87 65 37 14 52 25 94 73 18 35 19 65 36 34 18  [1;32 691200 0.8820918713804 [0 
1 89 3 47 5 85 77 8 23 87 65 37 14 78 25 2 73 18 35 19 65 36 34 18  [1;32 781200 0.88476719678287 [0 
seed 48
1 89 3 47 5 85 77 8 23 87 65 37 14 78 25 2 73 18 35 19 65 36 34 18 
100 99 
best 0.88476719678287
 [0 
