1 2 97 4 93 6 81 8 9 10 11 12 31 14 15 16 1 18 19 20 21 22 23 24 [1;32m111600 0.0019787982687581[0m
1 2 97 66 93 6 81 8 9 10 11 12 31 23 15 16 1 18 19 20 26 22 23 24 [1;32m115200 0.0022130677596325[0m
1 2 97 66 93 6 81 8 9 98 11 12 31 23 94 16 93 18 19 20 26 3 23 24 [1;32m298800 0.00998468266457[0m
1 2 42 66 93 6 81 8 9 98 11 12 31 23 94 16 93 18 19 20 26 3 23 24 [1;32m604800 0.0099958736977269[0m
1 2 42 13 93 6 81 8 9 30 51 12 31 23 94 16 93 18 19 20 26 3 20 24 [1;32m669600 0.010638902864779[0m
seed 10
1 2 42 13 93 6 81 8 9 30 51 12 31 23 94 16 93 18 19 20 26 3 20 24 
100 99 
best 0.010638902864779
[0m
