1 2 3 4 5 6 7 8 9 10 11 12 13 14 15 16 17 18 19 20 21 22 23 24  [1;32 1200 0.00082539931038637 [0 
1 2 3 4 5 6 7 8 78 10 11 33 13 14 82 16 17 18 19 20 21 22 23 72  [1;32 4800 0.010266657492019 [0 
1 2 3 4 5 6 7 8 95 21 11 33 13 14 82 16 39 18 19 20 5 22 23 72  [1;32 76800 0.010451070526999 [0 
1 2 3 4 5 6 7 8 95 21 11 33 13 77 4 58 39 18 19 20 5 22 23 72  [1;32 88800 0.010466839542747 [0 
1 2 3 4 71 35 7 8 95 21 11 33 13 77 64 24 39 18 19 20 5 22 23 72  [1;32 115200 0.013853552141763 [0 
seed 76
1 2 3 4 71 35 7 8 95 21 11 33 13 77 64 24 39 18 19 20 5 22 23 72 
100 99 
best 0.013853552141763
 [0 
