1 2 3 4 5 6 7 8 9 10 11 12 13 14 15 16 17 18 19 20 21 22 23 24 [1;32m1200 0.00082539931038637[0m
74 2 3 4 5 6 7 8 9 36 11 12 13 14 15 16 17 18 19 73 21 22 23 24 [1;32m4800 0.23546523866652[0m
74 2 3 4 51 6 7 8 9 72 2 12 13 38 15 16 76 18 19 73 21 22 23 24 [1;32m110400 0.45161965652249[0m
74 2 3 4 2 6 7 8 9 72 2 12 13 74 15 16 76 18 19 22 21 93 23 24 [1;32m171600 0.76789371194704[0m
74 2 3 4 2 6 7 8 9 72 2 12 13 74 15 16 76 18 19 22 21 32 23 24 [1;32m271200 0.81351236151837[0m
77 2 3 97 2 6 7 8 9 72 2 12 13 74 53 16 76 18 19 22 21 32 23 24 [1;32m1164000 0.81798031732959[0m
seed 79
77 2 3 97 2 6 7 8 9 72 2 12 13 74 53 16 76 18 19 22 21 32 23 24 
100 99 
best 0.81798031732959
[0m
