1 2 3 4 5 6 7 8 9 10 11 12 13 14 15 16 17 18 19 20 21 22 23 24 [1;32m1200 0.0015557891626736[0m
1 2 3 4 5 6 7 8 9 10 11 12 13 14 15 16 17 56 19 20 21 22 23 24 [1;32m12000 0.012513255147456[0m
1 2 48 4 5 6 7 8 47 10 11 12 13 14 15 16 17 56 19 20 37 22 23 24 [1;32m247200 0.086191611182678[0m
1 2 48 4 5 14 7 8 72 10 11 12 13 14 15 46 17 77 19 27 37 36 23 24 [1;32m249600 0.42540642428799[0m
1 2 48 4 5 90 7 8 68 10 11 12 13 14 15 46 17 77 19 27 37 36 23 24 [1;32m253200 0.69636252633241[0m
1 2 48 4 5 90 7 8 68 10 11 12 13 14 72 46 17 77 19 27 37 36 14 24 [1;32m286800 0.75746471355269[0m
1 2 48 4 5 90 7 8 68 10 11 12 13 14 72 46 17 77 19 27 37 36 14 24 [1;32m288000 0.9112821510016[0m
seed 37
1 2 48 4 5 90 7 8 68 10 11 12 13 14 72 46 17 77 19 27 37 36 14 24 
100 99 
best 0.9112821510016
[0m
