70 2 3 4 5 6 7 8 9 10 11 12 13 14 15 16 17 18 19 20 21 22 76 24  [1;32 8400 0.0025615525581162 [0 
70 2 3 46 99 6 7 8 9 10 11 12 13 14 35 16 17 18 19 70 21 36 76 24  [1;32 19200 0.0098574273087175 [0 
70 2 3 36 99 6 7 8 9 10 11 12 13 14 8 16 17 18 83 70 21 36 76 24  [1;32 303600 0.017246931302751 [0 
70 69 3 47 99 6 7 99 9 10 11 5 13 14 8 71 17 18 83 70 21 36 80 24  [1;32 307200 0.16762438901282 [0 
70 69 3 47 99 6 7 99 9 24 11 5 22 28 8 50 17 18 83 70 21 36 13 95  [1;32 337200 0.36505429660652 [0 
70 69 3 47 99 6 7 99 9 24 11 5 22 28 8 50 17 18 83 70 21 36 13 95  [1;32 338400 0.38225732844738 [0 
70 69 3 47 99 6 7 99 9 24 11 5 22 28 8 50 17 18 83 70 21 36 13 95  [1;32 339600 0.39830894247508 [0 
70 69 3 47 99 6 7 99 9 24 11 5 22 28 8 50 17 18 83 70 21 36 13 95  [1;32 340800 0.41975517077461 [0 
seed 65
70 69 3 47 99 6 7 99 9 24 11 5 22 28 8 50 17 18 83 70 21 36 13 95 
100 99 
best 0.41975517077461
 [0 
