1 2 3 4 5 6 7 8 9 10 11 12 13 14 15 16 17 18 19 20 21 22 23 24  [1;32 1200 0.35274796517804 [0 
1 2 3 94 5 38 96 8 9 10 11 12 5 14 15 16 17 18 19 20 21 22 23 24  [1;32 14400 0.61732984310746 [0 
55 2 3 94 5 38 96 84 74 10 11 12 5 43 15 16 17 18 19 20 90 22 23 24  [1;32 24000 0.7124590579451 [0 
74 2 3 94 2 38 96 84 74 35 11 12 5 43 15 16 17 100 19 20 90 22 23 24  [1;32 264000 0.77120457429445 [0 
74 2 3 94 2 38 96 84 74 35 11 12 48 43 15 16 17 100 19 20 90 22 23 24  [1;32 285600 0.77980761082309 [0 
74 2 63 94 2 41 96 84 74 35 11 12 48 43 15 16 17 100 19 57 90 22 23 24  [1;32 417600 0.83343672970115 [0 
74 2 63 94 2 41 96 84 74 35 87 12 48 43 65 16 17 100 19 57 62 22 23 24  [1;32 430800 0.83945608192806 [0 
74 2 63 94 2 41 96 10 74 35 87 12 48 43 65 16 17 100 19 57 62 22 11 24  [1;32 459600 0.8455240117445 [0 
43 8 63 94 2 41 96 10 74 35 87 12 48 43 65 16 17 100 19 57 62 22 11 24  [1;32 504000 0.86139833022189 [0 
43 49 63 94 2 41 96 10 24 35 87 12 48 43 65 16 17 100 19 57 62 22 11 24  [1;32 514800 0.87188008779493 [0 
16 49 63 94 2 41 96 10 24 35 87 12 48 43 46 16 17 47 19 57 62 31 11 24  [1;32 986400 0.87623099124479 [0 
16 49 63 94 44 41 96 10 24 30 87 12 48 43 46 16 17 47 19 57 12 31 11 24  [1;32 1034400 0.88103796731086 [0 
seed 56
16 49 63 94 44 41 96 10 24 30 87 12 48 43 46 16 17 47 19 57 12 31 11 24 
100 99 
best 0.88103796731086
 [0 
