1 2 3 4 5 6 7 8 9 10 11 12 13 14 15 16 17 18 19 20 21 22 23 24  [1;32 1200 0.13412062503284 [0 
1 2 3 4 5 6 7 8 9 10 90 12 13 14 15 16 17 18 19 20 21 22 23 24  [1;32 7200 0.16419610249881 [0 
1 2 3 4 5 6 7 8 9 10 90 12 13 14 15 16 17 18 19 20 21 22 23 24  [1;32 8400 0.22182748124766 [0 
1 19 3 4 5 6 7 8 9 10 90 12 13 11 15 47 17 18 19 20 21 11 23 24  [1;32 14400 0.29529422317985 [0 
1 19 3 4 5 6 7 8 9 10 90 12 13 11 15 47 17 18 19 20 21 11 23 24  [1;32 15600 0.3112933847301 [0 
1 19 3 4 5 6 7 8 5 10 90 12 51 11 15 47 95 18 19 20 21 11 23 24  [1;32 31200 0.45142067808215 [0 
1 19 3 4 5 6 7 8 5 10 90 12 51 11 15 47 95 18 19 20 21 11 23 24  [1;32 32400 0.53128219710274 [0 
1 19 3 4 5 6 7 8 5 10 90 12 51 11 15 47 95 94 19 20 21 11 23 24  [1;32 507600 0.58573303458132 [0 
1 19 3 4 5 6 7 8 5 10 90 12 51 11 15 47 95 94 19 20 21 11 23 24  [1;32 508800 0.670006596815 [0 
seed 100
1 19 3 4 5 6 7 8 5 10 90 12 51 11 15 47 95 94 19 20 21 11 23 24 
100 99 
best 0.670006596815
 [0 
