1 2 3 4 5 6 7 8 9 10 11 12 13 14 15 16 17 18 19 20 21 22 23 24 [1;32m1200 0.1316629508045[0m
1 2 3 4 5 6 7 8 9 51 11 12 13 14 15 16 79 18 19 20 21 65 23 24 [1;32m85200 0.47442695542517[0m
1 19 3 51 5 6 7 8 9 51 11 12 13 14 15 16 79 39 49 20 21 65 23 24 [1;32m90000 0.54736882760443[0m
1 19 3 51 5 6 9 8 9 51 11 64 13 14 15 33 79 82 49 20 21 65 23 24 [1;32m106800 0.55724343415534[0m
1 19 3 51 5 6 9 8 9 51 11 64 13 14 24 33 79 82 49 20 21 65 23 24 [1;32m117600 0.63418863502779[0m
1 19 3 51 5 6 9 96 9 35 11 64 13 63 24 33 79 82 49 20 23 65 23 24 [1;32m165600 0.711989271871[0m
1 19 3 51 5 6 9 88 9 35 11 64 13 63 24 33 79 5 49 20 23 89 23 24 [1;32m168000 0.74961348106[0m
1 19 3 26 5 6 9 88 9 35 11 64 13 63 24 33 79 5 49 20 57 89 23 100 [1;32m195600 0.78766866585772[0m
1 19 3 26 5 6 9 88 9 35 11 64 13 63 24 33 79 5 49 20 57 89 23 100 [1;32m196800 0.84072476185334[0m
1 19 3 26 5 6 9 88 9 35 49 64 13 63 24 33 79 5 49 20 57 89 23 100 [1;32m487200 0.86605481143011[0m
seed 45
1 19 3 26 5 6 9 88 9 35 49 64 13 63 24 33 79 5 49 20 57 89 23 100 
100 99 
best 0.86605481143011
[0m
