1 2 3 90 5 68 7 8 9 10 19 12 13 14 15 16 17 18 19 20 21 22 75 94  [1;32 7200 0.0008254931420477 [0 
1 2 3 80 26 68 7 10 9 10 19 12 13 14 35 16 17 18 19 20 21 39 75 94  [1;32 49200 0.0016501545165743 [0 
1 2 3 85 26 68 83 10 73 10 19 12 13 14 35 99 17 18 19 20 51 39 75 94  [1;32 51600 0.091670894501444 [0 
1 2 57 85 1 68 85 10 73 10 19 12 13 46 35 99 17 18 19 20 51 39 75 94  [1;32 62400 0.32722571944984 [0 
1 2 57 85 1 68 85 10 73 10 19 12 13 46 35 73 17 18 90 20 51 39 75 94  [1;32 79200 0.43395379852879 [0 
1 2 57 85 1 68 85 10 73 10 19 12 13 46 35 73 17 18 90 20 51 39 75 9  [1;32 91200 0.43397203381291 [0 
1 2 57 19 1 41 61 10 73 10 74 12 13 46 35 73 17 18 90 20 51 39 75 9  [1;32 104400 0.75434773594316 [0 
1 2 57 48 1 41 61 10 73 10 74 12 6 46 35 73 17 18 90 20 51 14 68 9  [1;32 109200 0.79944918046439 [0 
1 2 16 48 1 72 61 10 73 10 74 18 6 51 35 73 17 18 90 51 51 14 68 9  [1;32 135600 0.85593754707161 [0 
1 2 41 48 1 18 61 10 73 10 51 18 14 51 35 73 17 18 90 51 84 14 68 9  [1;32 219600 0.8638434913621 [0 
1 2 41 19 1 18 61 10 73 10 51 22 14 51 35 73 17 18 90 51 84 14 68 9  [1;32 357600 0.86886804064118 [0 
seed 80
1 2 41 19 1 18 61 10 73 10 51 22 14 51 35 73 17 18 90 51 84 14 68 9 
100 99 
best 0.86886804064118
 [0 
