1 2 32 4 5 45 7 8 9 10 11 12 13 14 15 16 11 18 19 20 21 22 23 24  [1;32 40800 0.238848737996 [0 
52 2 32 84 5 45 7 8 9 10 11 93 13 14 15 16 11 18 19 20 21 22 23 24  [1;32 57600 0.33816179654143 [0 
52 2 32 84 5 45 7 8 9 10 11 93 13 14 15 16 11 18 19 20 21 22 23 54  [1;32 85200 0.39780344838113 [0 
52 2 32 84 5 45 7 8 9 10 11 93 13 64 15 16 76 91 19 78 21 22 23 74  [1;32 144000 0.42833348106277 [0 
52 2 32 84 5 45 7 8 9 6 11 93 13 64 15 16 76 91 19 78 21 22 23 74  [1;32 307200 0.47284573251522 [0 
52 2 32 84 5 63 7 50 9 6 100 93 13 96 15 5 76 91 19 78 21 22 23 74  [1;32 1137600 0.59134991192051 [0 
52 2 32 84 5 63 7 50 9 6 100 93 13 96 15 5 76 91 19 78 21 22 23 74  [1;32 1138800 0.65839040483196 [0 
52 2 32 84 5 63 7 50 9 6 100 93 13 96 15 5 76 91 19 7 21 22 23 74  [1;32 1143600 0.67220901585446 [0 
52 2 32 84 5 63 7 50 9 88 100 93 49 96 15 5 76 91 19 7 21 22 23 74  [1;32 1206000 0.67625039278183 [0 
52 93 32 84 5 63 15 50 9 25 100 93 49 44 15 5 76 91 19 7 21 22 23 63  [1;32 1243200 0.68468612866476 [0 
seed 33
52 93 32 84 5 63 15 50 9 25 100 93 49 44 15 5 76 91 19 7 21 22 23 63 
100 99 
best 0.68468612866476
 [0 
