1 2 3 4 5 6 7 8 9 10 11 12 13 14 15 16 17 18 19 20 21 22 23 24  [1;32 1200 0.00082511167866957 [0 
1 2 21 4 5 6 7 8 9 100 11 29 13 14 15 16 17 18 19 20 21 22 23 65  [1;32 10800 0.02700405302108 [0 
1 2 21 4 5 6 26 8 9 100 11 29 13 14 15 16 14 18 98 20 21 22 23 65  [1;32 13200 0.45042097397023 [0 
1 2 21 4 5 6 26 8 9 100 11 29 13 14 15 16 14 18 98 20 21 22 23 65  [1;32 14400 0.48328372633248 [0 
1 2 21 4 61 6 26 8 9 100 11 29 13 14 15 11 14 18 98 20 21 22 23 65  [1;32 16800 0.53388373202778 [0 
1 2 21 4 61 6 68 8 9 64 62 29 13 14 15 11 14 18 98 20 49 22 23 65  [1;32 57600 0.54396030508622 [0 
1 2 21 4 61 6 68 8 9 64 62 29 13 73 15 11 14 18 98 20 22 22 23 65  [1;32 67200 0.5951233271665 [0 
1 2 21 4 61 6 68 8 9 64 62 29 13 26 15 11 14 18 98 20 22 22 23 74  [1;32 103200 0.73753802791353 [0 
1 2 84 4 61 6 68 8 9 64 62 29 13 26 15 11 14 18 98 20 22 22 23 74  [1;32 218400 0.76510907298799 [0 
1 2 84 4 61 6 68 15 9 64 62 29 13 82 15 94 14 18 98 60 22 4 23 74  [1;32 232800 0.86219610976845 [0 
1 2 57 4 61 6 68 15 9 64 62 29 13 82 15 94 14 18 98 60 22 4 23 74  [1;32 314400 0.87275711314224 [0 
1 2 57 4 61 6 68 15 9 64 62 29 13 23 38 94 14 18 98 60 22 4 23 74  [1;32 348000 0.87858347251645 [0 
1 2 57 4 61 6 68 15 9 64 62 29 13 23 38 7 30 18 98 60 22 4 23 74  [1;32 350400 0.90624485557092 [0 
1 2 57 4 61 95 68 15 9 64 62 29 35 28 38 7 30 18 98 60 22 4 23 74  [1;32 758400 0.90830635244143 [0 
1 2 57 4 11 95 68 15 9 64 4 29 72 28 81 7 30 18 98 60 22 87 23 74  [1;32 817200 0.91203709773734 [0 
seed 51
1 2 57 4 11 95 68 15 9 64 4 29 72 28 81 7 30 18 98 60 22 87 23 74 
100 99 
best 0.91203709773734
 [0 
