1 2 3 4 5 6 7 8 9 10 11 12 13 14 15 16 17 18 19 20 21 22 23 24  [1;32 1200 0.32035410419149 [0 
1 2 3 4 5 6 7 8 9 10 11 12 13 14 15 16 17 18 19 20 21 22 23 24  [1;32 2400 0.33025353092216 [0 
1 2 3 4 5 6 7 8 9 10 11 12 13 14 15 16 17 18 19 20 21 22 23 24  [1;32 3600 0.33029350175642 [0 
1 2 3 4 5 6 7 8 9 10 11 51 22 14 96 16 17 18 81 20 21 22 23 24  [1;32 452400 0.39212320984725 [0 
26 2 3 4 5 6 97 8 9 10 11 51 22 14 96 16 17 18 81 16 21 22 23 24  [1;32 454800 0.42895369337517 [0 
26 2 3 4 5 6 97 8 9 10 11 51 22 14 96 16 17 18 81 16 21 22 23 24  [1;32 456000 0.45299499575366 [0 
26 2 3 4 5 6 97 8 9 10 11 51 22 14 96 16 17 18 81 16 21 81 23 24  [1;32 462000 0.49072553008603 [0 
26 2 3 44 5 6 97 8 9 10 11 51 22 14 96 16 17 63 81 16 21 81 23 24  [1;32 492000 0.49176859342471 [0 
26 2 3 44 5 6 97 8 9 10 11 51 22 14 96 16 17 63 81 16 21 81 23 24  [1;32 493200 0.49576307550379 [0 
26 2 3 44 5 6 97 8 72 1 11 51 22 14 96 16 17 63 31 16 21 81 23 24  [1;32 501600 0.53859507061647 [0 
26 2 3 44 5 6 37 8 72 1 11 51 22 14 96 24 17 63 16 16 21 81 23 24  [1;32 585600 0.54186527253403 [0 
26 2 57 44 5 6 37 8 2 1 11 51 67 14 96 24 17 63 16 95 21 81 23 24  [1;32 638400 0.60162884414488 [0 
26 2 57 44 5 6 37 8 2 1 11 51 67 14 96 24 17 63 16 95 21 81 23 24  [1;32 639600 0.6082972990031 [0 
26 2 57 44 5 6 37 8 2 1 11 51 67 14 96 24 17 63 16 95 21 81 23 24  [1;32 640800 0.62639659321169 [0 
26 2 57 44 5 6 37 8 2 1 11 51 67 14 96 24 17 63 16 95 21 81 23 24  [1;32 642000 0.63515800031197 [0 
14 2 57 44 5 6 11 8 2 63 11 51 67 90 96 24 17 63 16 6 21 81 23 3  [1;32 656400 0.6785269003835 [0 
14 2 57 44 5 6 11 8 2 63 11 51 67 90 96 24 17 63 16 6 21 81 23 3  [1;32 657600 0.75950158975329 [0 
14 2 57 44 5 6 11 8 2 63 11 51 67 90 96 24 17 63 16 6 21 81 23 3  [1;32 658800 0.77557053773423 [0 
14 2 57 44 5 6 11 8 2 63 11 51 67 90 96 24 17 63 16 6 21 81 23 3  [1;32 660000 0.82331001932814 [0 
14 2 57 44 72 6 11 8 7 63 11 51 67 90 96 24 17 63 16 6 21 81 23 3  [1;32 668400 0.83836068277966 [0 
14 2 57 44 72 12 11 30 7 58 11 51 67 90 96 24 17 63 16 6 68 81 23 3  [1;32 744000 0.84756808166527 [0 
14 2 57 44 72 12 11 30 7 58 11 51 67 37 96 24 17 63 16 6 68 81 23 3  [1;32 1179600 0.85350811770753 [0 
seed 37
14 2 57 44 72 12 11 30 7 58 11 51 67 37 96 24 17 63 16 6 68 81 23 3 
100 99 
best 0.85350811770753
 [0 
