1 2 3 4 62 6 22 76 9 10 11 12 13 14 15 62 17 18 19 20 92 22 23 24  [1;32 3600 0.02815046308726 [0 
1 2 3 4 62 6 22 76 9 10 11 12 13 14 15 62 17 18 19 20 92 22 23 24  [1;32 4800 0.03625348403205 [0 
1 2 3 4 62 6 22 76 9 10 11 12 13 14 15 62 17 18 19 20 92 22 23 24  [1;32 6000 0.069066889881214 [0 
1 2 69 4 80 6 22 15 9 10 11 12 13 74 15 26 17 18 19 20 92 88 23 24  [1;32 21600 0.078397276676566 [0 
74 2 69 4 80 6 22 15 9 99 11 12 13 74 15 82 17 71 19 46 92 88 47 24  [1;32 28800 0.24080872903919 [0 
74 2 69 4 80 49 22 15 9 24 11 12 87 74 15 82 17 71 48 46 92 1 47 24  [1;32 100800 0.25747013798068 [0 
74 2 69 4 80 49 22 15 9 24 11 12 87 74 15 82 17 71 48 46 92 1 47 24  [1;32 102000 0.26268352788794 [0 
74 2 69 4 80 49 22 15 9 24 11 12 87 74 15 81 17 71 48 46 25 87 47 24  [1;32 108000 0.33977470388577 [0 
74 2 69 4 80 49 22 15 9 24 11 12 87 74 15 81 17 71 48 84 25 86 47 24  [1;32 118800 0.35114793151078 [0 
74 30 69 4 80 6 22 15 9 24 11 12 87 74 15 81 64 71 48 43 25 86 47 24  [1;32 132000 0.37499093527842 [0 
74 30 69 79 80 6 22 15 9 24 96 12 87 74 34 81 64 71 48 43 25 86 47 70  [1;32 142800 0.38985223062175 [0 
74 30 69 79 80 6 22 15 20 66 96 12 80 74 34 81 64 71 48 43 25 86 47 70  [1;32 177600 0.43090145557283 [0 
74 64 69 79 80 6 22 15 20 66 96 12 80 74 34 81 64 71 48 43 25 86 47 70  [1;32 388800 0.46328231144492 [0 
74 64 69 79 80 6 22 15 20 66 96 12 80 74 34 81 64 71 48 43 25 86 47 70  [1;32 390000 0.46598978978037 [0 
74 64 69 79 80 6 22 15 20 66 77 12 80 74 34 68 64 71 48 43 25 86 47 70  [1;32 520800 0.5157406370627 [0 
74 64 69 24 80 6 22 15 20 66 77 12 55 74 34 68 64 71 48 43 25 86 47 70  [1;32 804000 0.53723797458081 [0 
74 64 69 24 80 6 22 15 20 53 99 12 55 74 34 68 64 71 48 43 25 86 47 70  [1;32 820800 0.58770687129725 [0 
74 64 69 24 80 6 22 15 20 53 99 12 55 74 34 68 64 71 48 43 25 86 47 70  [1;32 822000 0.58984836651122 [0 
74 64 69 24 80 6 34 15 20 53 99 12 55 74 34 68 64 71 48 43 25 86 47 70  [1;32 981600 0.59445452085817 [0 
74 64 69 24 80 6 34 64 20 53 99 12 55 98 34 44 64 71 48 43 25 86 47 70  [1;32 994800 0.59528339191882 [0 
74 64 69 24 39 6 34 64 20 83 51 12 37 98 34 44 64 71 48 43 25 86 62 70  [1;32 1113600 0.74879812204129 [0 
74 64 69 24 39 6 34 64 20 83 51 12 37 98 34 44 64 71 48 43 25 86 42 70  [1;32 1161600 0.75083071226107 [0 
74 64 69 24 39 6 34 64 20 83 51 12 37 62 34 44 64 71 48 43 25 86 42 70  [1;32 1255200 0.76228849252134 [0 
74 64 69 24 39 6 34 64 20 83 51 12 37 62 34 44 64 71 48 43 25 86 42 70  [1;32 1256400 0.76981734755203 [0 
74 64 69 24 39 6 34 64 20 83 51 12 37 62 34 44 64 71 48 43 25 86 42 70  [1;32 1257600 0.84046236243132 [0 
seed 71
74 64 69 24 39 6 34 64 20 83 51 12 37 62 34 44 64 71 48 43 25 86 42 70 
100 99 
best 0.84046236243132
 [0 
