58 2 3 4 5 6 30 8 9 10 11 12 4 14 29 16 17 18 19 20 21 22 8 24 [1;32m75600 0.089849147549848[0m
58 2 3 4 5 6 30 8 9 10 97 12 4 14 29 59 33 18 19 20 21 85 8 24 [1;32m82800 0.10941129340166[0m
58 2 3 4 5 6 30 84 9 10 97 12 4 14 29 59 33 18 19 20 21 85 8 11 [1;32m85200 0.42411227718412[0m
58 71 3 4 5 6 30 84 9 10 97 12 4 14 29 72 33 18 19 20 21 96 8 11 [1;32m90000 0.52021170605434[0m
58 71 3 4 5 6 30 84 9 10 97 12 4 14 29 72 33 18 19 20 21 96 8 11 [1;32m91200 0.54603493799231[0m
58 71 3 4 5 6 30 84 9 10 97 12 4 14 29 72 33 18 19 20 21 96 8 11 [1;32m92400 0.56111575585721[0m
58 71 3 4 5 6 30 84 9 10 97 12 4 14 29 72 33 18 19 20 21 96 8 11 [1;32m93600 0.56228227080134[0m
58 71 3 4 5 6 30 84 50 10 97 12 4 14 29 72 33 18 19 20 44 33 8 72 [1;32m103200 0.84510295218865[0m
58 71 3 4 5 6 30 84 50 10 97 12 4 14 29 72 33 18 19 20 44 33 8 72 [1;32m104400 0.84529115797142[0m
58 71 8 4 57 6 30 38 50 10 97 12 4 14 29 72 33 9 45 20 44 33 8 72 [1;32m111600 0.84674364918161[0m
58 71 8 4 57 6 30 38 50 10 97 12 4 14 29 72 33 9 45 20 44 33 8 72 [1;32m112800 0.84851071908494[0m
58 71 8 4 57 6 30 38 50 10 97 12 4 14 29 72 53 9 45 20 44 33 8 14 [1;32m243600 0.86542293371948[0m
58 71 8 4 57 6 30 38 50 10 97 43 4 14 29 72 53 9 45 20 44 33 8 14 [1;32m1222800 0.87178495952893[0m
seed 91
58 71 8 4 57 6 30 38 50 10 97 43 4 14 29 72 53 9 45 20 44 33 8 14 
100 99 
best 0.87178495952893
[0m
