1 2 3 4 5 6 7 8 9 10 11 12 14 14 73 16 17 18 19 20 21 22 23 24 [1;32m2400 0.00081934953718844[0m
1 2 41 4 5 6 19 8 9 97 11 12 14 14 73 16 17 18 19 20 23 22 23 25 [1;32m21600 0.0029639684928857[0m
1 2 41 82 5 6 19 89 9 13 11 12 14 14 73 16 17 18 19 20 23 22 23 25 [1;32m25200 0.0048669182888986[0m
1 2 41 9 5 6 19 89 74 13 11 12 14 14 73 16 17 18 19 20 23 22 28 25 [1;32m44400 0.031739012780379[0m
1 2 41 9 5 6 19 89 23 13 11 12 94 14 73 16 17 18 19 20 23 22 28 25 [1;32m46800 0.032573765597921[0m
1 2 41 9 5 6 19 89 23 13 11 12 30 14 73 44 5 18 19 20 23 22 28 19 [1;32m50400 0.043673788731819[0m
1 2 41 9 5 6 19 89 23 13 11 12 30 14 73 44 5 18 19 20 23 22 66 19 [1;32m57600 0.05110994739893[0m
1 2 41 9 5 6 19 89 23 13 11 12 30 14 73 44 5 18 19 20 23 22 66 19 [1;32m58800 0.051759978328128[0m
1 2 41 9 5 6 19 89 23 13 11 12 30 14 73 44 5 18 19 20 23 22 66 19 [1;32m60000 0.05513214472116[0m
1 2 41 9 5 6 19 89 23 13 11 12 30 14 73 94 5 18 19 20 23 22 4 19 [1;32m63600 0.12315630141366[0m
1 2 41 9 5 6 19 89 23 13 11 12 30 14 73 94 5 18 19 20 23 22 4 19 [1;32m64800 0.12409903715908[0m
1 2 41 9 5 6 19 89 23 66 11 12 30 14 73 94 5 18 19 20 23 22 4 19 [1;32m74400 0.15592588959276[0m
1 2 41 9 5 6 19 89 23 66 11 12 30 14 73 94 5 18 19 20 23 22 4 19 [1;32m75600 0.19320632437209[0m
1 2 41 9 5 6 19 89 23 66 11 12 30 14 73 94 5 18 19 20 23 22 4 19 [1;32m76800 0.19648454677207[0m
1 2 41 9 5 6 19 89 78 66 11 72 30 14 73 94 81 18 19 20 23 22 4 19 [1;32m231600 0.21529223562598[0m
1 2 41 9 5 6 19 89 78 66 11 72 30 14 73 94 40 18 19 20 23 22 4 19 [1;32m250800 0.22539959664886[0m
1 2 41 9 5 6 19 89 78 66 11 72 30 14 73 94 40 18 19 20 23 22 4 19 [1;32m252000 0.23119923210089[0m
1 2 41 9 5 6 19 89 78 66 11 72 30 14 73 94 40 18 19 20 24 22 4 19 [1;32m325200 0.24191704484667[0m
1 2 41 9 5 6 19 89 78 66 11 72 24 14 73 94 40 18 19 20 24 22 4 19 [1;32m328800 0.24522714397388[0m
1 2 41 9 5 6 19 54 78 66 11 72 24 14 47 94 40 18 19 20 24 22 4 19 [1;32m538800 0.414501177492[0m
1 2 41 9 5 6 19 54 78 66 11 72 24 14 47 94 40 18 19 20 24 22 4 19 [1;32m540000 0.41778323393435[0m
1 2 50 9 5 6 19 54 78 66 59 72 24 14 47 94 40 18 19 54 53 22 4 19 [1;32m670800 0.49118535639057[0m
1 2 50 9 5 6 19 54 78 66 59 72 24 14 47 94 40 18 19 54 53 22 4 19 [1;32m672000 0.75751390182796[0m
1 2 50 9 5 55 19 54 78 66 59 72 24 14 47 94 40 18 19 54 53 22 4 19 [1;32m798000 0.77326495520502[0m
1 2 50 9 5 55 19 40 78 66 59 72 24 14 47 94 40 18 19 54 53 22 4 19 [1;32m1032000 0.80334788892753[0m
1 2 50 9 5 55 19 40 78 66 59 72 24 14 44 94 40 18 19 54 66 22 4 19 [1;32m1213200 0.87192940556767[0m
seed 59
1 2 50 9 5 55 19 40 78 66 59 72 24 14 44 94 40 18 19 54 66 22 4 19 
100 99 
best 0.87192940556767
[0m
