1 2 3 4 5 6 7 8 9 10 11 12 13 14 15 16 17 18 19 20 21 22 23 24 [1;32m1200 0.00082596768910709[0m
1 2 3 4 5 6 7 8 9 10 11 12 13 14 15 16 17 18 19 20 21 79 41 63 [1;32m18000 0.71568173827101[0m
1 2 3 4 5 6 7 8 9 10 11 87 13 61 15 16 17 18 19 20 57 79 41 63 [1;32m30000 0.86089482956405[0m
1 2 3 4 5 6 7 8 9 10 11 87 13 61 15 16 55 18 19 20 57 79 41 63 [1;32m32400 0.87297457344823[0m
1 2 3 4 5 6 7 8 9 10 11 87 13 61 15 16 55 18 19 20 57 79 41 63 [1;32m33600 0.87571185030288[0m
1 2 3 4 5 6 7 8 9 10 11 87 13 61 15 16 55 18 19 20 57 79 41 63 [1;32m34800 0.87713684500151[0m
1 2 18 4 5 6 7 8 9 10 11 50 13 61 15 16 48 50 19 20 57 79 3 63 [1;32m60000 0.87731408382501[0m
71 2 18 4 5 6 7 8 9 26 61 50 13 61 15 16 48 50 19 20 57 79 3 63 [1;32m124800 0.88361976854699[0m
71 2 18 4 5 6 7 8 9 26 61 50 13 61 15 16 16 50 19 20 57 79 3 63 [1;32m145200 0.90148316045039[0m
seed 49
71 2 18 4 5 6 7 8 9 26 61 50 13 61 15 16 16 50 19 20 57 79 3 63 
100 99 
best 0.90148316045039
[0m
