1 2 3 4 5 6 7 8 9 10 11 12 13 14 15 16 17 18 19 20 21 22 23 24  [1;32 1200 0.011690445445473 [0 
1 3 3 4 5 6 39 8 9 10 54 12 60 14 15 16 17 18 19 28 21 22 79 24  [1;32 4800 0.37824258650464 [0 
1 3 3 4 5 6 39 8 9 10 54 12 60 14 15 16 17 18 19 28 21 22 79 24  [1;32 6000 0.41816073634723 [0 
1 3 3 4 5 6 39 8 9 10 54 12 60 14 15 16 17 18 19 28 21 22 79 24  [1;32 7200 0.44347909911169 [0 
1 3 3 4 5 6 39 8 9 10 54 12 60 14 15 16 17 18 19 28 21 22 79 24  [1;32 8400 0.45412617538876 [0 
1 3 3 4 58 6 39 4 9 10 54 12 60 78 15 16 17 18 99 29 21 22 79 24  [1;32 19200 0.49246949138799 [0 
1 3 3 4 58 6 39 4 9 10 54 12 60 78 15 16 17 18 99 29 21 22 79 24  [1;32 20400 0.51520359265557 [0 
1 3 3 4 58 6 39 4 9 10 54 12 60 78 15 16 17 18 99 29 21 22 79 24  [1;32 21600 0.51524464428014 [0 
83 21 3 4 58 6 39 4 9 10 64 12 60 78 15 16 17 18 99 29 21 52 79 44  [1;32 37200 0.54172866860142 [0 
83 21 3 4 58 6 39 4 9 10 64 12 60 78 15 16 17 18 99 29 21 52 79 44  [1;32 38400 0.58488151627776 [0 
83 21 71 73 58 6 39 13 9 10 64 12 60 78 15 16 17 88 99 29 21 93 79 44  [1;32 42000 0.58862834076509 [0 
57 21 71 73 58 6 39 13 9 10 4 12 60 78 15 16 17 88 99 29 21 93 79 44  [1;32 364800 0.6212263596387 [0 
57 21 71 73 58 6 39 13 9 10 4 12 60 78 15 16 17 88 99 29 21 93 79 44  [1;32 366000 0.67663879108547 [0 
57 21 89 73 58 6 64 13 9 10 4 12 60 78 15 16 17 88 99 29 8 93 79 44  [1;32 645600 0.850237533314 [0 
57 70 89 73 58 6 64 13 9 10 4 12 60 78 15 16 65 88 99 29 8 93 79 38  [1;32 1362000 0.86307989211119 [0 
57 70 89 73 58 6 64 13 9 10 4 12 60 78 15 16 65 88 99 29 8 93 79 38  [1;32 1363200 0.87470247045041 [0 
57 70 89 73 58 6 64 13 9 10 4 12 60 78 15 16 65 88 99 29 8 93 79 38  [1;32 1364400 0.88849126516036 [0 
seed 20
57 70 89 73 58 6 64 13 9 10 4 12 60 78 15 16 65 88 99 29 8 93 79 38 
100 99 
best 0.88849126516036
 [0 
