1 2 3 4 5 6 7 8 9 10 11 12 13 14 15 16 17 18 19 20 21 22 23 24  [1;32 1200 0.2198587069921 [0 
1 2 3 4 5 6 7 8 9 10 11 12 13 38 15 87 17 18 19 20 21 22 83 24  [1;32 121200 0.3403661525125 [0 
1 2 3 4 5 6 92 31 73 10 11 70 13 38 15 24 17 18 19 20 21 22 83 24  [1;32 160800 0.36079944789433 [0 
1 2 3 4 35 6 92 31 52 10 11 98 13 38 79 24 17 25 19 20 21 22 83 24  [1;32 234000 0.69003078456809 [0 
1 2 3 4 35 6 14 31 52 10 11 98 13 38 79 24 17 25 19 20 21 23 83 24  [1;32 402000 0.70016986878009 [0 
1 2 3 4 35 6 14 31 54 10 11 98 13 38 79 24 17 25 19 20 21 94 83 24  [1;32 690000 0.70259798023746 [0 
1 2 3 4 35 6 14 31 54 10 11 98 13 38 79 24 17 25 19 20 21 94 83 79  [1;32 726000 0.74800422492674 [0 
1 2 45 4 35 6 14 31 54 10 62 98 13 38 79 60 17 25 19 20 21 59 83 79  [1;32 746400 0.76961346178627 [0 
1 2 45 4 35 6 18 31 54 10 62 98 13 38 79 60 17 92 19 20 21 59 83 79  [1;32 752400 0.80546051880494 [0 
seed 28
1 2 45 4 35 6 18 31 54 10 62 98 13 38 79 60 17 92 19 20 21 59 83 79 
100 99 
best 0.80546051880494
 [0 
