1 2 3 4 5 6 7 8 9 10 11 12 13 14 15 16 17 18 19 20 21 22 23 24  [1;32 1200 0.087433096334799 [0 
1 2 3 4 5 6 7 8 9 10 11 12 13 14 15 16 17 18 19 20 76 22 23 24  [1;32 4800 0.35155695858879 [0 
1 69 3 4 5 6 7 8 9 10 11 12 13 14 15 16 17 83 32 20 76 38 23 24  [1;32 70800 0.35561597362849 [0 
1 69 3 4 5 6 7 8 9 10 11 12 13 14 15 16 17 83 32 20 76 38 23 24  [1;32 72000 0.3711011612909 [0 
1 69 3 4 5 6 7 8 9 10 11 69 13 14 15 16 17 83 32 41 76 38 21 24  [1;32 87600 0.4167159140723 [0 
1 69 3 4 5 6 7 8 9 84 71 69 13 14 15 16 17 83 32 41 76 67 21 24  [1;32 90000 0.547199716039 [0 
1 69 3 4 5 52 7 8 9 84 14 69 13 14 15 16 17 83 32 41 76 67 21 24  [1;32 111600 0.7483957313463 [0 
1 69 35 97 5 56 43 8 9 84 14 69 13 49 15 16 17 83 32 41 76 67 75 24  [1;32 234000 0.81458942915197 [0 
1 69 35 97 5 56 43 8 9 84 14 69 13 49 15 16 17 83 32 41 76 67 75 24  [1;32 235200 0.90534867315174 [0 
1 69 35 97 5 51 43 8 9 84 14 69 13 49 15 16 17 83 32 88 76 67 75 24  [1;32 381600 0.90815174075472 [0 
seed 50
1 69 35 97 5 51 43 8 9 84 14 69 13 49 15 16 17 83 32 88 76 67 75 24 
100 99 
best 0.90815174075472
 [0 
