1 2 3 4 5 6 7 8 9 10 11 12 13 14 15 16 17 18 19 20 21 22 23 24  [1;32 1200 0.2198587069921 [0 
9 2 3 99 5 6 7 8 9 10 11 12 13 14 68 10 17 18 19 20 21 22 56 24  [1;32 91200 0.55350384887205 [0 
9 2 40 57 5 6 7 8 9 10 60 12 13 80 68 10 17 18 19 20 35 22 56 24  [1;32 336000 0.56006753709535 [0 
9 2 40 57 5 79 7 8 9 10 60 12 13 80 68 10 17 18 19 20 35 22 56 24  [1;32 357600 0.65000822282641 [0 
9 2 40 57 5 79 7 8 9 10 60 12 13 80 68 10 17 18 19 20 35 22 56 24  [1;32 358800 0.85790332379591 [0 
9 2 40 57 5 79 7 8 9 10 60 12 13 80 68 10 17 18 19 20 35 22 56 24  [1;32 360000 0.86979375412327 [0 
9 2 40 57 5 79 7 8 9 10 60 12 13 80 68 10 17 18 19 20 35 22 56 24  [1;32 361200 0.88559636971316 [0 
9 2 89 57 5 79 7 8 52 50 60 12 13 80 68 10 17 18 19 20 35 22 56 24  [1;32 363600 0.88733502443825 [0 
9 2 89 57 5 79 7 8 74 50 60 12 13 80 68 10 17 18 19 20 35 77 56 24  [1;32 676800 0.89382834862121 [0 
seed 28
9 2 89 57 5 79 7 8 74 50 60 12 13 80 68 10 17 18 19 20 35 77 56 24 
100 99 
best 0.89382834862121
 [0 
