1 2 3 4 5 6 7 8 9 10 11 12 13 14 15 16 17 18 19 20 21 22 23 24 [1;32m1200 0.091340314793807[0m
1 2 3 69 5 6 7 35 9 10 11 12 13 14 15 16 17 18 19 20 21 30 23 84 [1;32m26400 0.49540587880521[0m
56 2 3 69 5 6 7 35 9 48 40 12 13 14 15 16 17 18 70 20 21 30 44 84 [1;32m453600 0.8508833484075[0m
56 2 3 69 5 6 7 35 9 48 40 12 13 14 15 16 17 18 70 20 21 30 44 84 [1;32m454800 0.85952843916176[0m
56 2 3 69 5 6 7 35 9 48 40 12 13 14 15 16 17 18 70 20 21 30 44 84 [1;32m456000 0.87529982498531[0m
56 2 3 69 5 6 60 35 9 48 40 12 13 14 15 16 17 18 70 20 21 30 44 84 [1;32m469200 0.88670721098603[0m
56 2 3 69 5 48 60 12 9 48 40 12 45 14 15 16 17 18 46 20 21 30 44 84 [1;32m472800 0.90274116204781[0m
56 2 3 69 5 48 60 12 27 48 40 12 45 2 15 99 17 47 46 20 21 30 44 84 [1;32m819600 0.90394093020391[0m
seed 95
56 2 3 69 5 48 60 12 27 48 40 12 45 2 15 99 17 47 46 20 21 30 44 84 
100 99 
best 0.90394093020391
[0m
