96 2 74 87 5 6 7 4 9 10 11 12 13 14 15 16 17 18 19 20 21 67 23 24 [1;32m36000 0.033256727590202[0m
96 2 95 87 5 6 7 4 9 10 11 12 91 30 15 61 17 18 19 20 21 67 23 24 [1;32m128400 0.36038196125763[0m
96 2 95 87 5 6 7 4 9 10 11 12 91 30 15 61 17 18 19 20 21 76 23 24 [1;32m135600 0.38739249619441[0m
96 2 95 87 5 6 7 4 9 10 11 12 91 30 15 61 17 18 19 20 21 76 23 24 [1;32m136800 0.54903401951268[0m
49 2 95 87 5 6 7 4 9 9 11 12 91 68 86 61 17 18 19 20 80 32 23 24 [1;32m384000 0.55342678050402[0m
49 30 95 87 5 6 7 53 9 9 11 12 91 30 86 61 17 39 19 20 55 32 23 24 [1;32m386400 0.55552730744638[0m
49 30 95 87 5 6 7 53 9 9 11 12 91 30 86 61 17 39 19 60 55 32 23 24 [1;32m456000 0.5888573079192[0m
49 47 95 87 5 6 7 53 9 9 11 12 91 30 86 61 17 39 19 60 55 32 23 24 [1;32m510000 0.63378018333361[0m
seed 94
49 47 95 87 5 6 7 53 9 9 11 12 91 30 86 61 17 39 19 60 55 32 23 24 
100 99 
best 0.63378018333361
[0m
