1 2 3 4 5 6 7 8 9 10 11 12 13 14 15 16 17 18 19 20 21 22 23 24  [1;32 1200 0.010797852451575 [0 
30 2 76 4 5 6 7 8 9 35 11 12 13 14 15 16 17 18 3 20 59 22 23 24  [1;32 218400 0.018119198157763 [0 
30 2 76 4 5 6 7 8 9 35 11 12 13 14 15 16 17 18 3 20 59 22 23 24  [1;32 219600 0.023208510814223 [0 
30 2 76 4 5 6 7 8 9 35 11 12 76 14 15 16 17 18 3 20 59 22 23 24  [1;32 254400 0.025355533686351 [0 
30 2 27 4 5 6 7 8 9 35 11 12 76 14 15 16 17 18 3 20 59 22 23 24  [1;32 376800 0.028986310050489 [0 
30 2 27 4 59 6 7 8 76 46 11 49 76 14 15 16 17 18 3 20 12 22 23 3  [1;32 511200 0.029669698716034 [0 
30 2 27 4 59 6 29 8 76 46 11 13 76 37 77 46 8 18 3 20 12 22 23 3  [1;32 901200 0.034949447607937 [0 
30 2 27 2 59 6 29 8 76 46 11 13 76 37 61 46 8 18 3 20 12 22 23 3  [1;32 1017600 0.036603839536819 [0 
30 2 27 2 59 6 29 8 76 75 11 13 76 37 61 46 8 18 3 20 12 22 23 3  [1;32 1212000 0.036639718791775 [0 
30 2 27 2 75 6 29 22 76 75 11 13 76 37 61 46 8 18 3 20 12 22 23 3  [1;32 1408800 0.037300145164796 [0 
seed 4
30 2 27 2 75 6 29 22 76 75 11 13 76 37 61 46 8 18 3 20 12 22 23 3 
100 99 
best 0.037300145164796
 [0 
