1 2 3 4 5 6 7 8 9 10 11 12 13 14 15 16 17 18 19 20 21 22 23 24 [1;32m1200 0.16146190547481[0m
97 74 3 4 5 6 7 8 9 10 11 51 25 14 9 16 17 18 19 20 21 22 23 24 [1;32m8400 0.33404373234764[0m
97 74 3 4 5 6 7 8 9 10 11 51 25 14 9 16 17 18 19 20 21 22 23 24 [1;32m9600 0.42017552414278[0m
97 74 3 4 5 6 7 8 9 10 11 51 25 14 9 16 17 18 19 20 21 22 23 24 [1;32m10800 0.43377232685002[0m
97 74 3 4 5 6 7 8 9 10 11 51 25 14 9 16 17 18 19 20 21 22 23 24 [1;32m12000 0.45514881452114[0m
97 74 3 4 5 6 7 8 62 10 11 51 25 58 9 16 17 18 19 20 21 22 23 24 [1;32m20400 0.49537031597906[0m
83 74 3 11 5 6 7 17 62 10 11 44 25 58 9 16 17 18 19 20 49 22 23 24 [1;32m31200 0.54176408360995[0m
83 74 3 6 5 6 7 17 62 10 11 36 25 58 18 16 17 18 19 20 49 98 23 24 [1;32m33600 0.57571127607323[0m
83 74 3 6 5 6 7 17 62 10 11 36 25 58 18 16 17 18 19 20 49 98 23 24 [1;32m34800 0.62680225003092[0m
83 85 3 6 5 6 7 17 62 10 11 36 25 58 18 90 17 10 19 20 49 98 23 24 [1;32m121200 0.63574594633812[0m
83 85 3 6 5 33 7 17 62 10 11 36 25 54 18 90 17 10 19 20 49 98 23 24 [1;32m164400 0.67169850085725[0m
83 83 3 6 5 34 7 17 62 10 11 34 25 54 5 90 17 10 53 60 49 98 23 24 [1;32m1044000 0.73128290864243[0m
83 83 43 6 5 34 52 76 62 10 63 34 25 54 5 90 17 10 53 60 15 98 23 24 [1;32m1176000 0.74512449021987[0m
83 83 43 6 68 34 52 76 62 10 63 34 25 54 5 90 17 10 53 60 15 98 23 24 [1;32m1202400 0.77882067367045[0m
83 83 43 6 68 34 17 76 62 10 63 34 25 84 5 90 17 10 53 60 15 98 23 24 [1;32m1380000 0.79093269818855[0m
83 83 43 6 68 34 17 76 62 10 63 34 25 84 5 90 17 10 53 60 15 98 23 24 [1;32m1381200 0.80813898768099[0m
seed 11
83 83 43 6 68 34 17 76 62 10 63 34 25 84 5 90 17 10 53 60 15 98 23 24 
100 99 
best 0.80813898768099
[0m
