1 2 3 4 5 6 7 8 9 10 11 12 13 14 15 16 17 18 19 20 21 22 23 24 [1;32m1200 0.00082539931038637[0m
1 2 3 4 5 6 7 8 97 10 11 12 13 48 15 16 17 18 19 12 84 93 23 24 [1;32m13200 0.22843364912727[0m
1 2 3 4 5 6 7 8 97 10 11 12 13 48 15 16 99 18 19 12 84 93 23 24 [1;32m97200 0.26270324608339[0m
18 2 3 4 5 6 7 8 78 10 11 12 13 48 15 16 99 20 19 12 84 93 23 24 [1;32m135600 0.46663347319174[0m
18 10 3 4 5 73 7 8 78 10 11 12 13 56 15 16 99 88 12 13 84 93 23 24 [1;32m303600 0.47914091647835[0m
18 10 3 4 5 73 7 8 78 10 11 12 13 56 15 16 99 88 12 13 84 93 23 24 [1;32m304800 0.49540346891363[0m
18 4 19 4 5 73 7 8 78 10 11 26 13 56 15 16 99 88 12 13 84 93 23 24 [1;32m309600 0.82529558448411[0m
4 4 36 4 6 73 7 8 78 10 11 26 13 56 15 16 99 88 12 13 84 93 23 24 [1;32m316800 0.86055658363683[0m
4 62 36 4 6 73 7 8 78 10 22 26 13 16 15 16 99 88 12 13 84 55 23 24 [1;32m343200 0.8666923867268[0m
4 59 95 4 6 73 7 8 78 10 22 26 13 16 15 16 99 88 12 13 84 55 23 24 [1;32m448800 0.88299275716375[0m
seed 3
4 59 95 4 6 73 7 8 78 10 22 26 13 16 15 16 99 88 12 13 84 55 23 24 
100 99 
best 0.88299275716375
[0m
