82 2 3 4 5 6 7 31 9 10 11 41 13 14 30 16 17 43 19 20 9 22 23 24  [1;32 4800 0.012722128635225 [0 
84 2 3 60 5 6 28 23 9 10 11 41 13 14 30 16 17 43 19 85 9 22 23 24  [1;32 12000 0.018221165672131 [0 
84 2 3 60 5 6 28 23 9 10 11 41 13 14 30 16 17 43 19 85 9 69 23 24  [1;32 20400 0.018583094902904 [0 
84 88 3 60 5 6 28 23 9 10 11 41 13 14 30 16 17 43 19 85 9 71 23 24  [1;32 39600 0.74609874032813 [0 
84 88 3 60 5 6 28 23 9 10 11 41 13 14 30 16 17 43 19 85 9 71 23 24  [1;32 40800 0.81879494980387 [0 
84 88 3 60 5 6 28 23 9 10 11 41 13 14 30 16 17 43 19 85 9 71 23 24  [1;32 42000 0.83386656279931 [0 
84 88 3 60 5 6 28 23 9 10 11 41 13 14 30 16 17 43 19 85 9 71 23 24  [1;32 43200 0.84583279690194 [0 
84 88 3 60 5 6 79 60 9 10 11 41 13 14 30 16 17 43 19 85 9 71 2 24  [1;32 236400 0.8512050680973 [0 
84 88 3 60 88 70 79 60 9 10 11 41 13 14 30 16 73 43 19 85 9 71 2 30  [1;32 268800 0.85293673486492 [0 
84 88 3 60 75 70 79 60 9 10 11 41 13 14 30 16 27 43 19 85 9 71 65 30  [1;32 410400 0.85902490816041 [0 
84 88 3 60 75 70 79 60 9 10 11 41 13 14 30 16 27 43 41 85 9 71 65 30  [1;32 550800 0.86101256015574 [0 
84 88 3 60 75 70 79 60 9 10 11 41 13 14 30 16 1 43 41 85 9 71 65 30  [1;32 558000 0.86234861666845 [0 
84 60 3 60 75 73 79 60 9 10 11 41 13 14 26 16 1 43 41 24 9 71 65 30  [1;32 632400 0.86290299972146 [0 
seed 74
84 60 3 60 75 73 79 60 9 10 11 41 13 14 26 16 1 43 41 24 9 71 65 30 
100 99 
best 0.86290299972146
 [0 
