1 2 3 65 5 6 7 8 9 10 11 73 37 14 15 16 17 18 19 20 21 40 23 24  [1;32 7200 0.23781479718611 [0 
1 2 3 65 5 6 7 8 9 10 11 73 37 14 15 16 17 18 19 20 21 40 23 24  [1;32 8400 0.25564369548511 [0 
1 2 3 65 5 6 7 8 9 10 11 73 37 14 15 16 17 18 19 20 21 40 23 24  [1;32 9600 0.25651785597541 [0 
1 2 3 65 5 80 7 8 9 10 11 73 37 14 15 16 17 45 43 20 21 40 23 24  [1;32 12000 0.26341750380965 [0 
1 2 3 65 5 80 7 58 71 74 11 73 37 98 12 16 17 45 43 20 21 40 23 24  [1;32 15600 0.4782968223152 [0 
1 2 3 65 5 80 7 58 71 74 11 73 37 98 12 16 17 45 43 20 21 40 23 24  [1;32 16800 0.51313812411479 [0 
1 2 3 65 5 80 7 58 71 74 11 73 37 98 12 16 17 45 42 20 21 40 23 24  [1;32 27600 0.797179434373 [0 
1 2 3 65 5 80 7 58 71 74 11 73 37 98 74 16 17 45 42 86 21 40 23 24  [1;32 57600 0.81695624524829 [0 
1 2 3 65 5 80 7 1 71 74 11 73 37 98 74 16 17 45 42 86 21 69 23 24  [1;32 129600 0.82776989305283 [0 
1 47 53 65 5 80 7 97 71 74 11 73 37 98 74 59 17 45 42 86 21 69 40 24  [1;32 708000 0.82884045146481 [0 
1 47 53 36 5 80 7 97 71 27 11 73 37 98 74 59 17 45 42 86 98 69 3 24  [1;32 746400 0.87762619255281 [0 
seed 67
1 47 53 36 5 80 7 97 71 27 11 73 37 98 74 59 17 45 42 86 98 69 3 24 
100 99 
best 0.87762619255281
 [0 
