1 2 3 4 5 6 7 8 9 10 11 12 13 14 15 16 17 18 19 20 21 22 23 24 [1;32m1200 0.2198587069921[0m
1 2 3 4 5 6 7 8 9 10 11 12 13 14 29 16 17 92 19 20 21 22 23 95 [1;32m626400 0.56299502056922[0m
1 2 3 79 5 6 7 8 9 10 11 12 13 14 29 16 17 92 19 20 21 22 96 95 [1;32m632400 0.56962159562729[0m
1 2 3 79 5 6 7 8 62 10 11 12 13 14 29 16 81 92 19 20 21 22 96 95 [1;32m638400 0.58617181626013[0m
1 2 3 79 5 6 7 8 8 10 11 40 43 14 29 28 81 92 19 20 21 22 64 95 [1;32m640800 0.63432598011763[0m
81 2 3 79 5 6 7 94 8 10 11 40 43 14 53 28 81 92 19 61 40 22 64 95 [1;32m643200 0.64675684817759[0m
81 2 3 79 5 6 7 94 8 10 11 40 43 14 53 28 81 92 19 61 40 95 64 95 [1;32m666000 0.64864387421152[0m
81 2 3 79 5 6 7 88 8 10 78 40 43 14 53 2 43 92 19 33 40 66 64 95 [1;32m958800 0.71790014699599[0m
81 2 3 83 5 6 7 88 48 18 78 40 43 14 53 19 43 92 20 33 40 66 64 95 [1;32m1052400 0.79040852343185[0m
81 2 3 83 5 6 7 88 48 18 78 40 43 14 53 19 43 92 20 33 40 66 64 95 [1;32m1053600 0.86125873268759[0m
seed 38
81 2 3 83 5 6 7 88 48 18 78 40 43 14 53 19 43 92 20 33 40 66 64 95 
100 99 
best 0.86125873268759
[0m
