1 2 3 4 5 6 7 8 9 10 11 12 13 14 15 16 17 18 19 20 21 22 23 24  [1;32 1200 0.00082511167866957 [0 
1 2 3 4 5 6 7 60 9 10 11 12 13 14 15 16 33 18 19 20 21 22 49 24  [1;32 8400 0.0028572803778477 [0 
1 2 44 4 5 6 7 60 9 10 11 12 18 14 15 16 33 4 19 20 21 90 49 24  [1;32 12000 0.062485334719973 [0 
1 2 44 4 5 6 7 60 9 10 11 12 18 14 62 16 33 4 19 20 21 90 49 24  [1;32 37200 0.22253039237569 [0 
1 2 44 4 5 6 7 60 9 10 11 12 18 14 62 16 33 4 19 20 21 90 49 24  [1;32 38400 0.2273591982263 [0 
1 2 44 4 5 6 7 36 9 100 11 12 18 14 62 16 33 4 19 20 21 90 49 24  [1;32 88800 0.29530832945735 [0 
1 2 44 4 5 6 7 36 9 100 11 84 18 14 62 16 33 4 19 20 21 90 49 24  [1;32 148800 0.36328473152904 [0 
1 2 44 4 5 6 7 36 9 100 11 84 18 14 62 16 33 4 19 20 21 90 49 24  [1;32 150000 0.37154970062366 [0 
1 2 5 4 5 29 7 36 9 100 11 84 18 14 62 16 33 17 19 20 21 90 49 24  [1;32 152400 0.37155645442207 [0 
1 62 5 4 76 29 7 36 9 100 11 84 18 14 62 16 33 17 19 20 21 90 49 24  [1;32 213600 0.40951609377448 [0 
1 62 5 4 76 29 7 36 9 100 11 84 18 14 62 16 33 17 19 20 21 90 49 24  [1;32 214800 0.40953261512515 [0 
1 62 5 4 76 29 7 36 9 100 11 84 18 14 62 16 33 17 19 20 21 90 49 24  [1;32 216000 0.41038484187063 [0 
1 62 5 4 76 29 7 36 9 100 11 84 18 94 62 16 33 17 19 20 21 90 49 24  [1;32 312000 0.42025760480689 [0 
1 62 5 4 76 29 7 36 9 100 11 84 18 94 62 16 33 17 19 20 21 90 49 24  [1;32 313200 0.42107847362476 [0 
1 62 5 4 76 29 7 36 9 100 11 84 18 94 62 16 33 17 19 20 21 90 49 24  [1;32 314400 0.42850933820964 [0 
1 62 15 4 76 29 7 36 9 100 11 84 18 94 62 16 33 17 19 20 21 90 49 24  [1;32 373200 0.45695406477087 [0 
1 62 15 4 76 29 7 36 9 100 11 84 18 94 62 16 33 17 19 20 21 90 49 24  [1;32 374400 0.4797862335133 [0 
1 62 15 4 76 29 7 36 9 100 11 84 18 94 62 16 33 17 19 20 21 90 49 24  [1;32 375600 0.48121354072218 [0 
1 62 15 4 76 29 7 36 9 100 11 84 18 94 62 16 33 17 19 20 1 90 49 24  [1;32 382800 0.48136147107912 [0 
1 62 15 4 76 29 7 36 9 100 11 84 18 94 89 16 33 17 19 20 1 90 49 24  [1;32 393600 0.56915351624424 [0 
3 62 15 4 76 29 18 36 76 100 11 84 18 94 89 50 33 17 19 20 47 90 49 24  [1;32 486000 0.61831612110305 [0 
3 38 81 4 76 29 18 36 76 100 11 84 18 94 32 50 33 17 19 20 47 90 49 6  [1;32 517200 0.78129062114451 [0 
3 38 81 4 76 29 18 36 76 100 11 84 18 94 32 50 33 17 19 20 47 90 49 6  [1;32 518400 0.86154509150104 [0 
66 38 81 4 76 29 18 36 76 100 11 84 18 94 32 50 33 17 19 20 47 90 49 6  [1;32 555600 0.88059108542942 [0 
66 38 81 4 76 29 18 36 76 100 11 84 18 94 32 31 33 17 19 20 47 90 49 6  [1;32 613200 0.89609986135591 [0 
seed 5
66 38 81 4 76 29 18 36 76 100 11 84 18 94 32 31 33 17 19 20 47 90 49 6 
100 99 
best 0.89609986135591
 [0 
