1 2 3 4 5 6 7 8 9 10 11 12 13 14 15 16 17 18 19 20 21 22 23 24 [1;32m1200 0.21735141557498[0m
61 2 3 4 5 6 7 8 9 10 11 12 13 14 15 16 17 3 19 20 21 22 23 21 [1;32m633600 0.38358690328336[0m
61 2 3 4 5 6 7 8 9 10 11 12 13 14 15 16 17 3 19 20 21 22 23 21 [1;32m634800 0.43044301737945[0m
61 100 3 82 5 6 7 8 9 53 11 12 13 14 55 16 17 3 19 20 55 98 23 21 [1;32m637200 0.4372135302705[0m
61 100 3 82 5 6 7 8 9 53 11 12 13 14 55 16 17 3 71 20 55 98 23 21 [1;32m668400 0.506416468394[0m
61 100 3 82 5 6 7 8 9 53 11 12 13 14 55 16 17 3 71 20 55 98 23 21 [1;32m669600 0.54692097077964[0m
61 100 3 82 5 6 7 8 9 53 11 12 13 14 55 16 17 3 71 20 55 98 23 21 [1;32m670800 0.58925472026604[0m
32 100 3 82 50 6 7 8 9 89 11 72 13 14 66 16 17 3 71 20 55 98 23 91 [1;32m684000 0.59126446520979[0m
32 100 3 82 50 79 7 8 9 89 11 72 13 6 66 16 17 3 71 20 32 67 23 91 [1;32m709200 0.60750805465644[0m
32 37 3 82 50 79 7 8 9 6 11 72 13 6 66 16 17 3 62 20 32 45 23 91 [1;32m711600 0.67004366615584[0m
2 37 3 82 50 79 7 8 9 6 11 72 13 6 66 16 17 3 62 20 32 49 78 91 [1;32m848400 0.6882970232006[0m
2 37 3 82 50 79 92 8 9 39 14 53 13 6 66 16 17 3 83 20 32 49 78 91 [1;32m879600 0.75517417907424[0m
2 37 5 29 50 79 92 8 9 39 14 53 49 6 66 16 17 3 83 50 32 49 78 91 [1;32m907200 0.7568265281241[0m
2 37 5 29 50 79 92 8 9 39 14 53 49 6 27 16 17 3 83 50 32 49 78 91 [1;32m918000 0.83084959734577[0m
seed 31
2 37 5 29 50 79 92 8 9 39 14 53 49 6 27 16 17 3 83 50 32 49 78 91 
100 99 
best 0.83084959734577
[0m
