1 2 3 4 5 6 72 8 9 10 11 12 13 14 15 16 17 18 19 20 21 22 23 24  [1;32 421200 0.036906507938566 [0 
1 2 3 4 5 6 72 8 9 10 11 12 13 14 15 67 17 18 19 28 21 22 23 24  [1;32 429600 0.06793995497113 [0 
1 2 3 4 5 6 72 3 9 10 84 12 13 14 15 67 17 64 19 28 21 22 23 24  [1;32 432000 0.094724670965407 [0 
1 2 3 4 5 6 72 3 9 10 84 12 13 14 15 67 17 64 19 58 21 22 23 24  [1;32 436800 0.31110698365726 [0 
1 2 3 4 90 6 72 3 9 10 19 12 44 26 15 67 17 64 19 58 21 22 23 24  [1;32 456000 0.80614845543989 [0 
1 2 3 4 90 6 72 3 9 10 19 12 44 26 15 67 17 64 19 58 21 22 23 24  [1;32 457200 0.89437632496392 [0 
1 2 3 4 90 6 72 59 9 22 19 12 44 26 15 67 17 64 19 58 21 22 23 24  [1;32 570000 0.89773808860654 [0 
1 2 3 4 90 6 72 59 9 22 19 12 44 26 15 81 17 64 19 58 21 22 23 24  [1;32 828000 0.90147380391913 [0 
1 2 25 60 90 6 72 59 9 22 27 12 44 26 15 81 17 64 19 58 21 22 23 24  [1;32 1161600 0.90495775859813 [0 
seed 24
1 2 25 60 90 6 72 59 9 22 27 12 44 26 15 81 17 64 19 58 21 22 23 24 
100 99 
best 0.90495775859813
 [0 
