1 2 3 4 5 6 7 8 9 10 11 12 13 14 15 16 17 18 19 20 21 22 23 24  [1;32 1200 0.0016512080832387 [0 
1 39 3 4 5 6 7 8 9 62 11 12 13 14 15 16 17 94 19 20 21 22 23 24  [1;32 52800 0.0027835774747425 [0 
1 39 3 4 5 6 7 8 9 62 11 12 13 14 15 16 17 94 19 20 21 22 23 24  [1;32 64800 0.057556776702005 [0 
73 39 3 4 5 6 7 8 15 9 11 12 13 14 15 16 17 94 19 20 21 22 23 24  [1;32 249600 0.074272863743335 [0 
11 39 3 4 5 6 7 8 15 9 11 12 13 14 15 16 17 94 19 20 21 22 23 24  [1;32 337200 0.42602578909045 [0 
11 39 3 4 5 18 7 8 15 9 11 7 74 14 47 74 17 94 19 20 21 22 23 24  [1;32 343200 0.42606330832916 [0 
seed 1
11 39 3 4 5 18 7 8 15 9 11 7 74 14 47 74 17 94 19 20 21 22 23 24 
100 99 
best 0.42606330832916
 [0 
