1 2 3 4 5 6 7 8 9 10 11 12 13 14 15 16 17 18 19 20 21 22 23 24  [1;32 1200 0.00082539931038637 [0 
83 2 3 11 5 6 7 17 9 10 11 44 13 14 15 16 17 18 19 20 49 22 23 24  [1;32 25200 0.0008258752046543 [0 
83 94 3 11 5 6 38 17 9 10 11 44 13 15 15 16 88 18 19 20 49 51 23 24  [1;32 28800 0.076816111668892 [0 
83 94 46 11 5 6 38 17 71 10 11 44 13 15 15 16 88 49 63 20 49 51 23 24  [1;32 33600 0.27282771799508 [0 
83 94 46 11 5 6 48 65 71 10 11 44 13 15 15 37 88 49 63 38 49 51 23 24  [1;32 56400 0.67985652062591 [0 
83 94 46 11 5 6 48 65 71 10 11 44 13 15 15 37 88 49 63 38 49 51 23 24  [1;32 57600 0.83995056668665 [0 
83 94 46 11 5 6 46 65 71 10 11 44 13 15 15 37 88 49 63 38 49 51 23 24  [1;32 69600 0.84725485164173 [0 
83 94 46 11 5 6 46 65 44 64 11 44 13 15 15 37 88 49 88 38 49 51 23 24  [1;32 266400 0.85087150752198 [0 
83 94 46 11 5 6 46 65 44 64 11 44 13 15 15 37 88 49 88 38 49 51 23 24  [1;32 267600 0.85750033526538 [0 
12 94 46 11 5 6 46 65 44 64 11 44 13 55 15 37 88 49 88 38 49 51 23 24  [1;32 270000 0.89463712124783 [0 
seed 11
12 94 46 11 5 6 46 65 44 64 11 44 13 55 15 37 88 49 88 38 49 51 23 24 
100 99 
best 0.89463712124783
 [0 
