1 2 3 4 5 6 7 8 9 10 11 12 13 14 15 16 17 18 19 20 21 22 23 24 [1;32m1200 0.00082539931038637[0m
1 2 3 4 5 6 7 8 9 10 11 12 57 14 15 16 17 18 19 20 21 22 23 24 [1;32m48000 0.0039575422546438[0m
1 32 16 37 5 6 7 8 9 40 11 12 57 14 15 16 17 18 19 20 21 92 23 24 [1;32m92400 0.0096200499543851[0m
1 32 16 37 5 6 7 8 32 42 11 75 57 14 15 16 17 18 19 20 21 92 23 24 [1;32m452400 0.021522454635526[0m
32 32 16 37 5 6 7 8 32 42 11 75 57 14 15 16 17 18 19 20 21 92 23 24 [1;32m496800 0.035284114631877[0m
32 32 84 37 5 31 7 75 58 42 11 75 44 14 15 16 17 18 19 20 21 92 23 24 [1;32m502800 0.28491450046264[0m
32 32 32 37 5 31 7 75 58 42 11 75 44 14 15 16 17 18 19 20 21 92 23 24 [1;32m612000 0.82175707812586[0m
32 32 32 37 5 31 7 75 58 42 11 75 44 14 15 16 97 18 19 20 21 52 23 24 [1;32m618000 0.8560085121038[0m
74 32 32 37 5 31 7 1 58 42 11 75 44 29 15 16 97 29 19 20 21 52 23 24 [1;32m621600 0.85917774976314[0m
74 32 32 37 5 31 7 1 58 42 11 75 44 29 15 42 97 29 19 20 21 52 23 24 [1;32m717600 0.86243242850743[0m
74 32 32 85 5 31 7 1 58 42 11 75 44 29 50 42 97 29 19 20 98 52 23 24 [1;32m1155600 0.86247141047888[0m
74 32 32 85 5 31 7 1 58 42 11 5 44 29 50 42 97 29 51 20 98 52 82 24 [1;32m1329600 0.86565431718351[0m
seed 82
74 32 32 85 5 31 7 1 58 42 11 5 44 29 50 42 97 29 51 20 98 52 82 24 
100 99 
best 0.86565431718351
[0m
