1 2 3 4 5 6 7 8 9 10 11 12 13 14 15 16 17 18 19 20 21 22 23 24 [1;32m1200 0.00082511167866957[0m
1 2 3 4 5 6 7 8 63 10 90 12 13 14 15 16 17 18 19 65 6 88 23 24 [1;32m4800 0.24311442164922[0m
1 2 25 4 5 6 58 8 63 10 90 12 13 38 15 16 17 18 19 48 6 88 25 24 [1;32m98400 0.42250680405138[0m
39 2 25 4 5 1 58 8 63 10 90 12 68 38 15 45 98 18 19 48 6 88 18 24 [1;32m1166400 0.858319941704[0m
39 2 25 4 5 1 42 8 63 10 90 12 68 38 50 45 98 65 42 48 6 88 18 24 [1;32m1168800 0.89951461733922[0m
seed 100
39 2 25 4 5 1 42 8 63 10 90 12 68 38 50 45 98 65 42 48 6 88 18 24 
100 99 
best 0.89951461733922
[0m
