1 2 3 4 5 6 7 8 9 10 11 12 13 14 15 16 17 18 19 20 21 22 23 24  [1;32 1200 0.00082520525639804 [0 
1 2 3 4 77 6 37 8 44 10 11 55 13 14 15 16 17 18 19 20 21 22 23 24  [1;32 48000 0.2671240145842 [0 
1 2 3 4 77 6 37 8 44 10 11 55 59 14 86 16 17 18 12 20 21 22 23 24  [1;32 176400 0.4325211847668 [0 
1 2 3 4 39 81 37 8 44 39 11 55 59 14 86 16 17 18 12 20 52 22 23 24  [1;32 187200 0.56277214857414 [0 
1 2 3 4 39 81 37 8 44 39 11 55 59 14 86 16 17 18 12 20 52 22 23 24  [1;32 188400 0.63044214648814 [0 
99 2 3 100 39 81 37 8 44 39 11 55 38 10 86 16 17 18 12 20 52 22 23 24  [1;32 190800 0.65121745906208 [0 
99 2 3 100 39 33 70 55 36 39 11 55 38 10 86 69 17 18 12 20 52 97 23 24  [1;32 421200 0.76587463915118 [0 
99 2 3 100 39 33 70 55 36 39 11 55 38 10 86 69 17 18 12 20 52 97 23 24  [1;32 422400 0.81412383007797 [0 
99 2 3 100 39 33 70 55 36 39 11 55 38 10 86 69 17 18 12 20 52 97 23 24  [1;32 423600 0.82403157086436 [0 
99 2 3 100 39 33 70 55 36 39 11 55 38 10 86 69 17 18 12 20 52 97 23 24  [1;32 424800 0.82690917236722 [0 
99 2 3 100 39 33 70 55 36 39 11 55 38 10 86 69 17 18 12 20 52 97 23 24  [1;32 426000 0.82793210954323 [0 
99 2 3 100 39 33 70 59 5 39 11 55 38 10 86 69 17 18 12 20 52 97 23 24  [1;32 556800 0.86135448257219 [0 
99 2 3 100 39 61 70 59 5 39 11 55 38 10 86 69 17 18 12 20 52 97 23 24  [1;32 592800 0.8643871340714 [0 
99 2 3 100 2 61 70 59 5 39 71 55 38 10 86 69 17 18 12 20 52 97 23 24  [1;32 1172400 0.86570891803194 [0 
99 2 3 100 2 61 70 59 5 39 71 55 38 10 86 69 17 18 12 20 52 97 39 24  [1;32 1197600 0.89185207878556 [0 
99 2 3 100 2 61 70 59 5 39 71 55 38 10 86 69 17 18 12 20 63 99 39 24  [1;32 1274400 0.90577774918689 [0 
seed 13
99 2 3 100 2 61 70 59 5 39 71 55 38 10 86 69 17 18 12 20 63 99 39 24 
100 99 
best 0.90577774918689
 [0 
