1 2 3 4 5 6 7 8 9 10 11 12 13 14 15 16 17 18 19 20 21 22 23 24 [1;32m1200 0.10944813266687[0m
1 2 3 4 5 59 7 8 9 10 11 12 13 14 15 16 17 18 19 20 21 22 23 24 [1;32m7200 0.17555710020353[0m
1 2 3 4 5 59 7 8 9 10 11 12 13 14 15 16 17 18 19 20 21 22 23 24 [1;32m8400 0.65742901367931[0m
1 2 3 4 5 59 7 8 9 10 11 12 13 14 15 16 17 18 19 20 21 88 23 24 [1;32m19200 0.74929727874084[0m
1 2 3 4 5 59 7 8 9 45 11 12 13 45 15 16 17 2 19 20 21 88 23 24 [1;32m207600 0.78691215972183[0m
1 2 3 42 5 59 19 8 9 45 11 12 13 38 15 16 17 2 19 20 21 88 23 24 [1;32m556800 0.79011043247914[0m
1 48 52 8 5 59 19 8 9 45 11 12 13 38 15 16 17 2 19 20 39 88 23 24 [1;32m621600 0.80674752724266[0m
1 48 52 8 5 59 19 8 9 45 11 12 13 38 15 16 17 2 19 20 39 88 23 24 [1;32m622800 0.87191189248393[0m
1 48 52 8 5 59 19 8 9 45 11 12 13 38 15 16 17 2 19 20 39 88 23 24 [1;32m624000 0.87220534876603[0m
1 48 52 8 5 59 19 8 9 45 11 12 13 38 15 16 17 2 19 20 39 88 23 24 [1;32m625200 0.87497746614441[0m
1 48 52 8 5 59 19 8 9 45 11 12 13 38 15 42 17 2 62 20 39 88 23 24 [1;32m778800 0.88144328889559[0m
1 48 52 8 5 59 19 8 9 45 11 12 13 38 90 42 17 2 62 84 39 67 89 24 [1;32m819600 0.91177718332595[0m
seed 85
1 48 52 8 5 59 19 8 9 45 11 12 13 38 90 42 17 2 62 84 39 67 89 24 
100 99 
best 0.91177718332595
[0m
