1 2 3 4 5 9 7 8 9 10 11 12 15 14 15 16 17 18 19 20 21 48 23 24  [1;32 27600 0.351874658028 [0 
1 2 3 17 5 9 7 8 9 10 11 12 15 14 15 16 47 1 19 20 21 48 23 24  [1;32 112800 0.48045142023225 [0 
1 2 3 17 5 9 7 8 9 10 11 12 15 14 15 16 47 1 19 20 21 48 23 24  [1;32 114000 0.48545680854658 [0 
1 2 3 17 5 9 7 8 9 10 11 12 15 14 15 16 47 27 19 20 21 48 23 97  [1;32 120000 0.48557456016012 [0 
1 2 3 17 53 9 7 8 9 10 11 12 15 14 15 27 47 27 19 20 21 48 23 97  [1;32 624000 0.49457582311598 [0 
1 2 3 17 53 9 7 8 9 10 11 12 15 14 15 27 47 27 19 20 21 48 23 97  [1;32 625200 0.49541229547098 [0 
1 2 3 17 53 9 7 8 9 10 11 12 15 14 15 27 47 27 19 20 21 48 23 97  [1;32 626400 0.49541859551751 [0 
1 68 3 17 53 9 7 8 86 5 13 12 15 14 15 27 47 27 19 20 99 48 23 97  [1;32 631200 0.53371766888044 [0 
1 68 3 17 53 9 12 8 86 60 13 12 15 90 15 27 47 27 19 20 99 48 23 76  [1;32 669600 0.56499681665023 [0 
1 68 54 17 53 9 12 8 86 60 13 12 15 90 15 27 47 27 88 37 99 48 23 76  [1;32 672000 0.80365731267921 [0 
1 68 54 17 53 9 12 8 86 60 13 12 15 90 15 27 47 27 88 37 99 48 23 76  [1;32 673200 0.85439257425361 [0 
1 68 16 52 53 9 12 8 87 60 92 12 15 90 15 27 47 27 88 37 99 48 23 76  [1;32 675600 0.87045792088396 [0 
98 68 16 52 53 9 12 8 87 60 92 12 15 90 15 27 47 27 88 37 99 48 23 76  [1;32 690000 0.87179555524474 [0 
98 68 16 52 50 9 12 8 87 60 92 12 15 90 15 27 47 27 88 37 99 48 23 76  [1;32 824400 0.87244283816018 [0 
98 68 16 52 50 9 22 8 79 60 92 12 15 90 15 27 47 27 88 37 99 48 23 76  [1;32 1438800 0.87498236159064 [0 
seed 96
98 68 16 52 50 9 22 8 79 60 92 12 15 90 15 27 47 27 88 37 99 48 23 76 
100 99 
best 0.87498236159064
 [0 
