1 2 3 13 5 6 7 95 9 10 11 12 13 14 61 16 26 13 19 20 95 22 23 24 [1;32m10800 0.00082573051311791[0m
31 2 3 13 5 6 7 95 9 10 11 12 13 14 47 16 26 13 75 99 44 22 23 24 [1;32m146400 0.0016518422149786[0m
31 2 3 13 5 82 7 95 9 10 11 97 13 99 47 16 29 13 75 99 48 22 23 24 [1;32m153600 0.8704047379044[0m
31 81 3 13 5 82 7 94 9 10 11 16 13 99 93 16 29 13 75 99 48 22 23 24 [1;32m165600 0.87704215691961[0m
31 81 3 13 5 82 98 94 9 10 95 16 65 99 93 16 29 63 75 99 48 22 23 94 [1;32m168000 0.87830775036523[0m
31 81 3 13 64 82 98 94 9 16 95 99 65 99 93 16 29 63 75 99 48 53 23 94 [1;32m255600 0.88432633407083[0m
31 81 3 13 64 82 98 94 39 16 95 99 65 99 93 16 29 63 75 99 48 53 23 94 [1;32m838800 0.89498549683423[0m
31 81 3 13 64 82 98 97 39 16 95 99 65 99 93 16 29 63 75 99 48 53 23 94 [1;32m994800 0.89565217367242[0m
seed 69
31 81 3 13 64 82 98 97 39 16 95 99 65 99 93 16 29 63 75 99 48 53 23 94 
100 99 
best 0.89565217367242
[0m
