1 2 3 4 5 72 7 99 9 10 11 12 13 39 22 16 17 18 19 20 21 97 23 24  [1;32 14400 0.35465775496045 [0 
1 20 3 4 5 72 7 99 9 10 22 12 13 39 22 29 17 18 19 20 21 97 23 24  [1;32 46800 0.65349448712067 [0 
1 20 3 4 56 72 7 99 9 10 22 12 13 95 22 29 17 18 19 20 21 82 23 24  [1;32 56400 0.66513813774452 [0 
1 20 3 4 56 72 7 99 79 10 22 12 13 95 22 29 17 18 19 20 21 82 23 24  [1;32 60000 0.76079584264608 [0 
1 20 3 4 56 72 7 99 79 10 22 12 13 31 22 29 84 18 19 20 91 82 23 24  [1;32 73200 0.76390377176443 [0 
1 20 3 47 56 72 7 99 79 10 22 12 13 31 22 29 84 18 19 85 17 82 23 24  [1;32 75600 0.7834412452175 [0 
1 20 3 47 56 72 7 99 79 64 22 12 12 31 22 29 84 33 19 85 17 82 1 24  [1;32 223200 0.83494829409634 [0 
1 20 3 47 56 72 7 99 79 64 22 12 12 31 22 29 84 33 19 85 17 82 1 24  [1;32 224400 0.90001229684277 [0 
seed 51
1 20 3 47 56 72 7 99 79 64 22 12 12 31 22 29 84 33 19 85 17 82 1 24 
100 99 
best 0.90001229684277
 [0 
