1 2 3 4 5 6 7 8 9 10 11 12 13 14 15 16 17 18 19 20 21 22 23 24  [1;32 1200 0.32942468515234 [0 
1 2 3 4 5 6 7 8 9 10 11 12 13 14 15 16 17 18 19 20 21 22 23 24  [1;32 2400 0.3302598748901 [0 
1 2 3 4 5 6 7 8 9 10 11 12 13 14 15 16 17 18 19 20 21 22 23 24  [1;32 3600 0.3302725688517 [0 
1 2 3 4 6 6 7 8 9 10 11 12 13 14 15 16 17 18 19 20 21 22 23 24  [1;32 6000 0.33028458330513 [0 
1 95 3 18 6 6 7 8 73 10 51 12 13 14 15 16 17 18 19 37 21 22 23 49  [1;32 21600 0.37659550168293 [0 
1 95 3 18 6 6 7 8 73 10 51 12 13 14 15 3 32 18 19 37 61 22 23 1  [1;32 338400 0.42859041593781 [0 
1 95 3 18 6 6 7 8 73 10 51 12 13 14 15 3 32 18 19 37 61 22 23 1  [1;32 339600 0.48732312183494 [0 
1 95 3 18 6 6 7 8 73 10 51 12 13 14 15 3 32 18 19 37 61 22 23 1  [1;32 340800 0.49304309446874 [0 
1 95 3 18 6 6 7 8 73 10 51 12 13 14 15 3 32 18 19 37 61 22 23 1  [1;32 342000 0.49380990971401 [0 
1 95 3 18 6 6 7 8 73 10 51 12 13 14 15 3 32 18 19 37 61 22 23 1  [1;32 343200 0.4956218498628 [0 
1 95 3 18 6 6 7 8 73 10 51 12 13 14 15 3 32 18 19 37 61 22 23 1  [1;32 344400 0.49718925521727 [0 
1 89 11 18 96 6 7 72 7 10 51 12 13 14 15 39 32 18 19 37 61 22 23 1  [1;32 388800 0.51422264089425 [0 
1 89 11 18 96 6 7 72 7 10 51 12 13 14 15 39 32 18 19 37 61 22 23 1  [1;32 390000 0.58446824370584 [0 
83 89 11 18 96 6 7 72 7 10 51 12 13 14 15 39 32 18 19 37 61 22 23 1  [1;32 398400 0.58465166303224 [0 
83 37 11 18 96 6 7 72 7 10 43 12 13 14 15 39 32 18 100 37 61 22 23 1  [1;32 400800 0.71233392804714 [0 
83 37 11 18 96 6 7 72 7 73 43 12 13 14 15 36 32 18 100 37 87 21 23 1  [1;32 404400 0.79995543532561 [0 
83 37 11 18 96 6 7 72 7 73 43 12 13 14 15 36 32 18 100 37 87 21 23 1  [1;32 405600 0.83836053630038 [0 
83 37 11 33 96 6 7 72 7 73 43 12 13 14 15 37 32 15 100 37 87 21 23 1  [1;32 440400 0.84750932574878 [0 
98 37 11 17 96 6 7 72 10 73 43 12 13 14 15 37 32 15 83 37 87 13 23 1  [1;32 454800 0.8481201194883 [0 
98 37 11 17 96 6 7 72 10 73 43 12 13 14 39 14 32 15 83 37 87 13 23 1  [1;32 498000 0.86811907677259 [0 
98 37 11 17 96 6 7 72 10 73 43 12 13 14 39 14 32 15 83 37 87 13 23 1  [1;32 499200 0.86969458885155 [0 
98 37 11 17 96 6 7 72 10 73 43 12 75 14 39 21 32 51 83 37 87 47 23 23  [1;32 1099200 0.87346196890919 [0 
98 37 11 17 96 6 7 72 10 73 43 12 75 14 39 21 32 51 20 37 87 47 23 61  [1;32 1254000 0.89658892079132 [0 
seed 23
98 37 11 17 96 6 7 72 10 73 43 12 75 14 39 21 32 51 20 37 87 47 23 61 
100 99 
best 0.89658892079132
 [0 
