1 2 3 4 5 6 7 8 9 10 11 12 13 14 15 16 17 18 19 20 21 22 23 24 [1;32m1200 0.00082524039413165[0m
1 2 3 4 5 6 7 8 9 10 11 68 13 14 15 16 17 90 19 20 21 22 23 55 [1;32m12000 0.027345412967264[0m
1 2 3 74 56 87 7 8 9 100 11 68 13 14 15 16 17 90 19 20 12 22 23 55 [1;32m38400 0.21344856810021[0m
1 2 3 74 56 87 7 8 9 100 70 68 13 14 15 16 17 90 8 20 12 22 23 55 [1;32m102000 0.32209322988625[0m
1 2 3 74 56 87 7 8 9 100 70 41 13 14 15 16 34 90 8 20 12 22 23 55 [1;32m110400 0.70468704897836[0m
1 2 3 74 56 89 7 8 9 100 70 15 13 14 15 16 34 10 8 20 12 56 60 55 [1;32m142800 0.75357403626104[0m
1 2 3 74 56 89 7 8 9 100 70 15 13 14 15 16 34 12 8 20 12 56 60 55 [1;32m195600 0.86571227448619[0m
seed 7
1 2 3 74 56 89 7 8 9 100 70 15 13 14 15 16 34 12 8 20 12 56 60 55 
100 99 
best 0.86571227448619
[0m
