1 2 3 4 5 6 7 8 9 10 11 12 13 14 15 16 17 18 19 20 21 22 23 24 [1;32m1200 0.026784904305416[0m
1 2 3 4 5 6 7 34 9 10 11 12 12 14 15 16 17 18 19 20 5 22 23 24 [1;32m15600 0.17962302759763[0m
1 2 3 4 5 6 7 28 9 10 11 12 12 14 83 16 49 18 19 20 5 22 23 24 [1;32m26400 0.19820590440738[0m
1 2 3 4 5 6 7 28 9 10 11 12 12 14 83 16 49 18 19 20 5 22 23 24 [1;32m27600 0.26416360089805[0m
1 2 3 4 5 6 7 28 9 10 11 12 12 14 83 16 49 18 19 20 5 22 23 24 [1;32m28800 0.33593166863817[0m
1 2 3 4 5 6 7 28 41 10 11 12 12 14 83 16 49 18 9 20 5 22 23 24 [1;32m31200 0.5112215131105[0m
1 2 3 99 5 6 7 28 41 10 11 12 12 14 83 16 49 18 9 20 55 22 23 24 [1;32m37200 0.58643459000931[0m
1 2 3 99 5 6 7 28 41 10 11 12 12 14 83 16 49 18 9 20 55 22 23 24 [1;32m38400 0.66052416758917[0m
1 2 3 99 5 6 7 28 41 10 11 12 12 14 83 16 49 18 9 20 55 22 23 24 [1;32m39600 0.66058350497705[0m
1 2 3 99 5 6 7 74 41 10 11 12 12 14 83 16 49 18 9 20 55 22 23 24 [1;32m144000 0.67728885920663[0m
1 2 3 99 5 6 93 74 41 10 11 21 97 14 83 16 49 35 9 20 100 22 23 24 [1;32m217200 0.71515578721301[0m
1 2 3 99 5 6 93 74 41 10 11 21 97 14 83 16 49 35 9 20 100 22 23 24 [1;32m218400 0.7252134626388[0m
1 2 3 99 5 6 93 74 41 10 11 21 97 14 83 16 40 35 9 20 100 22 23 24 [1;32m236400 0.77897167814[0m
1 2 3 99 5 6 93 74 41 96 11 21 97 38 83 16 40 35 9 20 100 72 63 24 [1;32m342000 0.89299568356748[0m
seed 85
1 2 3 99 5 6 93 74 41 96 11 21 97 38 83 16 40 35 9 20 100 72 63 24 
100 99 
best 0.89299568356748
[0m
