1 2 3 4 5 6 7 8 9 10 11 12 13 14 15 16 17 18 19 20 21 22 23 24 [1;32m1200 0.2198587069921[0m
1 2 3 4 5 89 7 8 46 10 11 12 47 14 15 16 17 18 19 20 21 22 94 24 [1;32m75600 0.44183317887833[0m
1 2 3 4 5 89 7 8 46 10 11 12 47 14 15 16 17 18 19 20 51 22 21 24 [1;32m147600 0.44465033772767[0m
1 2 3 4 5 89 38 8 46 10 11 12 47 14 15 16 17 18 19 20 4 22 21 24 [1;32m354000 0.44632113863411[0m
1 2 3 25 5 89 38 8 46 45 11 12 47 6 15 16 17 18 19 20 4 22 21 24 [1;32m974400 0.44707111844005[0m
1 10 3 25 5 89 38 8 46 86 11 12 47 6 37 16 17 18 19 20 4 22 21 24 [1;32m1366800 0.62408334056163[0m
1 10 3 25 5 89 38 8 46 86 11 12 47 6 37 16 17 18 19 20 4 22 21 24 [1;32m1368000 0.86179767112518[0m
1 10 3 25 5 89 38 8 46 86 11 12 47 6 37 16 17 18 19 20 4 22 21 24 [1;32m1369200 0.86449896602613[0m
1 10 3 25 5 89 38 8 46 86 11 12 47 6 37 16 17 18 19 20 4 22 21 24 [1;32m1370400 0.89028694969811[0m
seed 30
1 10 3 25 5 89 38 8 46 86 11 12 47 6 37 16 17 18 19 20 4 22 21 24 
100 99 
best 0.89028694969811
[0m
