1 2 3 4 5 6 7 8 9 10 11 12 13 14 15 16 17 18 19 20 21 22 23 24 [1;32m1200 0.00082539931038637[0m
1 83 3 4 5 6 7 17 9 10 11 12 13 14 15 16 17 18 19 20 21 22 79 24 [1;32m20400 0.29546415247761[0m
1 36 3 4 5 54 7 17 9 10 11 12 13 14 15 25 17 18 19 20 21 22 79 24 [1;32m487200 0.43873488177318[0m
1 36 3 4 5 54 63 17 9 10 35 12 13 14 15 25 17 54 19 20 25 22 79 24 [1;32m492000 0.65045606258757[0m
1 36 3 23 5 54 63 17 9 10 28 12 13 14 15 72 17 54 19 20 25 22 79 24 [1;32m498000 0.6822806323862[0m
1 36 3 23 5 54 63 17 9 10 28 12 34 14 15 72 17 72 19 20 25 22 79 24 [1;32m504000 0.83374464449361[0m
1 36 3 23 5 54 63 17 9 10 28 12 34 14 15 72 17 72 19 20 25 22 79 24 [1;32m505200 0.86265091079112[0m
1 36 3 23 5 54 63 3 9 10 28 12 52 14 15 72 17 72 71 20 25 65 79 24 [1;32m578400 0.89603615887925[0m
1 36 3 23 5 54 63 3 9 10 28 12 52 14 15 72 17 96 71 20 25 65 79 24 [1;32m687600 0.90178953227852[0m
86 36 3 23 5 2 63 3 9 10 28 12 52 14 15 3 17 50 71 58 25 65 39 24 [1;32m732000 0.90775063667929[0m
seed 6
86 36 3 23 5 2 63 3 9 10 28 12 52 14 15 3 17 50 71 58 25 65 39 24 
100 99 
best 0.90775063667929
[0m
