1 2 3 4 5 6 12 8 9 10 11 12 13 14 15 16 17 18 19 20 21 22 23 24  [1;32 12000 0.0080730324795704 [0 
1 2 3 4 5 6 12 8 17 10 11 12 13 14 15 16 17 18 19 20 21 22 23 24  [1;32 22800 0.68345105548518 [0 
97 2 3 4 28 6 12 8 17 10 11 12 13 14 15 77 64 18 19 20 51 22 23 24  [1;32 135600 0.70202398108958 [0 
97 2 3 4 28 6 12 8 17 10 11 12 13 14 15 77 64 18 19 20 51 22 23 24  [1;32 136800 0.77730367504229 [0 
97 2 3 4 28 6 12 8 17 10 11 12 13 14 15 77 64 18 19 20 51 22 23 24  [1;32 138000 0.80733143620236 [0 
97 2 3 83 28 6 12 32 17 10 11 12 13 14 15 77 64 69 19 20 51 22 23 23  [1;32 242400 0.84741165122389 [0 
97 2 3 83 28 6 12 32 17 10 11 12 13 14 15 77 64 69 19 20 51 22 23 23  [1;32 243600 0.85956151184576 [0 
97 2 3 83 28 59 12 32 17 10 11 12 24 14 15 27 64 69 57 22 51 22 23 23  [1;32 253200 0.89959301030641 [0 
seed 46
97 2 3 83 28 59 12 32 17 10 11 12 24 14 15 27 64 69 57 22 51 22 23 23 
100 99 
best 0.89959301030641
 [0 
