1 2 3 65 5 6 7 8 9 10 11 73 37 14 15 16 17 18 19 20 21 40 23 24  [1;32 7200 0.26207222383304 [0 
1 2 58 65 5 6 7 8 9 10 11 73 37 14 15 16 17 18 19 20 21 40 23 24  [1;32 10800 0.44646735998962 [0 
1 44 58 34 5 6 7 8 9 10 11 73 37 14 15 16 17 18 48 56 100 40 23 24  [1;32 20400 0.46244427658231 [0 
1 44 58 34 5 6 7 8 9 10 11 73 37 14 15 16 17 18 42 56 100 40 23 24  [1;32 24000 0.63128898376283 [0 
38 44 58 34 5 6 7 60 9 10 11 73 37 14 15 86 17 18 42 56 100 11 23 24  [1;32 30000 0.68313598103724 [0 
38 44 58 34 35 6 7 60 9 10 11 73 37 65 15 86 17 18 42 56 100 11 23 24  [1;32 139200 0.68988467036028 [0 
38 44 92 34 35 10 7 60 9 10 11 73 37 65 15 86 17 18 42 56 100 11 99 24  [1;32 172800 0.74156062751058 [0 
38 27 92 34 35 10 7 60 9 10 98 73 68 65 15 86 17 18 42 56 100 11 99 24  [1;32 264000 0.77398574563345 [0 
38 27 92 34 35 10 14 60 9 10 99 73 68 96 56 86 17 15 42 56 100 11 99 24  [1;32 1062000 0.84031079733777 [0 
seed 67
38 27 92 34 35 10 14 60 9 10 99 73 68 96 56 86 17 15 42 56 100 11 99 24 
100 99 
best 0.84031079733777
 [0 
