1 2 3 4 5 6 7 8 9 10 11 12 13 14 15 16 17 18 19 20 21 22 23 24  [1;32 1200 0.040541983956328 [0 
1 2 3 4 5 6 7 8 96 10 11 27 13 14 15 16 17 18 19 20 21 22 23 24  [1;32 67200 0.43216065061923 [0 
74 2 3 4 5 6 7 8 96 10 11 27 13 14 15 16 17 18 19 20 21 60 23 73  [1;32 87600 0.43425902811921 [0 
74 2 3 4 5 6 7 8 96 10 11 27 13 2 15 16 17 75 19 20 76 60 23 73  [1;32 98400 0.43454814520593 [0 
74 2 3 4 5 6 7 8 96 10 11 61 13 2 15 16 17 75 19 20 76 60 23 73  [1;32 124800 0.43695706754496 [0 
74 2 3 4 5 6 7 8 96 10 11 61 13 2 15 16 77 75 19 20 76 60 23 73  [1;32 228000 0.6694506473501 [0 
74 2 3 4 5 6 7 8 96 10 11 65 13 2 15 16 77 75 19 20 76 60 23 61  [1;32 231600 0.70637228781225 [0 
74 2 3 4 5 6 7 8 96 10 11 65 13 56 15 16 77 75 19 20 76 60 23 61  [1;32 234000 0.71718583705842 [0 
74 2 3 4 5 6 7 8 96 90 11 65 13 56 15 16 77 75 19 20 76 60 23 61  [1;32 261600 0.73457649466132 [0 
74 89 3 4 5 6 7 8 96 90 87 65 13 56 15 16 77 75 19 20 76 60 23 61  [1;32 360000 0.8319557519123 [0 
74 89 83 4 5 6 36 8 96 90 87 45 13 56 15 16 29 75 19 20 76 60 23 61  [1;32 429600 0.85293932994444 [0 
74 89 83 4 5 6 36 8 96 93 87 45 5 56 15 88 29 75 19 20 76 60 23 61  [1;32 883200 0.85382874435321 [0 
74 89 83 4 5 6 36 8 96 93 87 45 5 56 15 88 29 75 19 20 76 60 23 61  [1;32 884400 0.85689802592861 [0 
74 89 83 4 45 6 36 8 96 93 87 45 5 56 12 36 29 75 19 2 4 60 23 61  [1;32 924000 0.86442928544882 [0 
74 89 83 4 45 6 36 8 96 93 87 45 5 30 12 36 29 75 19 2 4 76 23 61  [1;32 969600 0.86738830729765 [0 
seed 20
74 89 83 4 45 6 36 8 96 93 87 45 5 30 12 36 29 75 19 2 4 76 23 61 
100 99 
best 0.86738830729765
 [0 
