1 2 3 4 5 6 7 8 9 10 84 12 13 14 15 43 17 18 19 20 21 22 23 24  [1;32 8400 0.001875240827484 [0 
1 2 98 4 78 6 7 9 9 10 84 12 13 14 85 43 17 18 74 20 21 22 80 24  [1;32 39600 0.48474964024088 [0 
1 2 98 4 78 6 7 9 9 10 84 12 13 14 85 43 17 18 74 20 21 22 80 24  [1;32 40800 0.61390897504535 [0 
1 53 98 4 78 6 7 9 9 10 84 12 13 14 85 43 17 18 74 20 21 22 80 24  [1;32 169200 0.84284370147985 [0 
1 53 98 4 3 6 7 9 9 81 84 12 13 14 85 21 17 18 74 20 21 22 80 24  [1;32 295200 0.84794801444379 [0 
seed 39
1 53 98 4 3 6 7 9 9 81 84 12 13 14 85 21 17 18 74 20 21 22 80 24 
100 99 
best 0.84794801444379
 [0 
