1 2 3 4 5 6 7 8 9 10 11 12 13 14 15 16 17 18 19 20 21 22 23 24  [1;32 1200 0.00049481897443414 [0 
1 69 3 4 100 6 7 92 9 10 11 12 93 14 15 16 42 18 19 20 80 22 23 24  [1;32 4800 0.0014593610647381 [0 
1 69 3 4 42 6 7 92 17 10 11 12 93 14 15 16 42 18 73 20 80 22 77 24  [1;32 12000 0.0080544309263626 [0 
1 69 3 4 42 6 7 92 17 10 11 12 93 14 15 16 42 18 73 20 80 22 77 24  [1;32 13200 0.017781438525779 [0 
1 69 3 4 42 6 11 92 17 80 11 12 93 14 15 16 42 18 73 20 80 22 77 24  [1;32 15600 0.088691607856358 [0 
1 69 3 4 42 6 11 92 17 80 11 12 93 14 15 16 42 18 58 20 80 22 77 24  [1;32 44400 0.099076569202471 [0 
1 69 3 4 42 6 11 92 17 80 11 12 93 14 15 16 42 18 58 20 80 22 77 24  [1;32 45600 0.10322325773108 [0 
1 69 81 4 42 6 11 92 37 80 11 12 93 14 15 16 42 18 58 20 80 22 77 24  [1;32 228000 0.24769906716132 [0 
1 69 81 4 42 6 11 92 37 80 11 12 93 14 15 16 42 18 58 20 80 22 77 24  [1;32 229200 0.24770126395313 [0 
1 69 81 4 42 6 11 92 37 80 11 12 93 14 15 16 42 18 58 20 80 22 77 24  [1;32 230400 0.24770200338121 [0 
1 69 81 4 42 6 11 92 37 80 11 12 93 14 57 16 42 18 58 20 80 22 77 24  [1;32 1381200 0.24771643515961 [0 
seed 14
1 69 81 4 42 6 11 92 37 80 11 12 93 14 57 16 42 18 58 20 80 22 77 24 
100 99 
best 0.24771643515961
 [0 
