1 44 3 79 5 6 7 8 60 7 11 12 78 14 15 51 17 18 19 20 21 22 23 24  [1;32 118800 0.0015871908755636 [0 
1 96 3 79 5 6 7 8 60 7 11 79 78 23 15 51 17 18 19 20 21 22 23 75  [1;32 121200 0.003771066626374 [0 
1 96 3 79 5 78 7 8 60 68 11 79 78 23 15 51 17 18 19 20 21 22 23 75  [1;32 124800 0.044023539119879 [0 
1 96 3 79 5 78 7 8 60 68 11 79 78 23 15 51 17 18 19 20 21 22 23 75  [1;32 126000 0.049228436192014 [0 
68 96 3 87 5 78 7 8 60 68 11 79 78 45 15 51 17 18 19 20 21 22 93 75  [1;32 144000 0.049408297424877 [0 
68 96 3 87 5 78 7 8 60 68 58 79 78 67 86 51 14 18 19 35 21 22 93 75  [1;32 146400 0.3058951983954 [0 
68 96 39 87 5 78 7 8 70 68 58 79 95 67 86 51 14 18 25 12 21 22 46 75  [1;32 151200 0.31648702674898 [0 
68 96 39 87 5 78 86 8 70 97 58 79 95 67 86 51 14 32 25 12 21 22 62 75  [1;32 156000 0.31893741056936 [0 
68 96 39 87 5 78 86 8 70 97 58 79 95 67 86 51 14 32 25 12 21 22 62 75  [1;32 157200 0.32179608265171 [0 
8 12 39 87 5 78 86 8 70 40 58 79 95 44 86 51 14 32 25 69 21 22 62 75  [1;32 159600 0.33871447006322 [0 
8 12 39 87 5 78 86 62 70 40 58 36 58 44 86 60 14 32 25 69 21 22 62 75  [1;32 164400 0.38791961746129 [0 
8 12 39 87 5 78 86 62 70 40 58 36 58 44 86 60 14 32 25 69 21 22 62 75  [1;32 165600 0.47522349041574 [0 
8 12 39 87 5 78 86 62 70 40 58 36 58 44 86 60 14 32 25 69 21 22 62 75  [1;32 166800 0.49149283025156 [0 
8 12 39 87 5 78 86 62 70 40 58 36 58 44 86 60 17 32 50 69 18 22 62 75  [1;32 169200 0.49198253892895 [0 
8 12 36 87 5 78 86 44 67 40 58 36 58 44 86 60 17 81 50 69 70 22 62 75  [1;32 172800 0.49200419405755 [0 
8 12 36 87 5 78 86 44 67 40 58 36 58 44 86 60 17 81 50 69 70 22 62 60  [1;32 175200 0.49225223028069 [0 
8 12 36 87 5 78 86 44 67 40 58 36 58 44 18 60 17 81 79 69 70 22 62 60  [1;32 187200 0.49226752961436 [0 
8 12 36 87 5 78 86 44 67 40 58 36 58 44 18 60 17 81 95 69 70 22 62 32  [1;32 199200 0.49245489809247 [0 
8 12 36 87 5 78 86 41 43 40 58 36 58 44 18 60 17 81 95 69 36 22 62 32  [1;32 207600 0.49540578758708 [0 
8 88 36 87 5 78 86 41 23 71 58 36 58 44 18 98 17 81 95 69 36 22 62 32  [1;32 213600 0.49541132782772 [0 
8 88 36 87 5 27 86 65 23 71 58 36 58 44 58 98 17 81 95 57 5 22 62 32  [1;32 228000 0.49541545501199 [0 
8 88 36 87 100 27 86 65 23 71 31 36 58 44 58 37 17 81 95 12 5 22 2 32  [1;32 232800 0.49543151566692 [0 
94 55 36 5 100 41 52 65 9 71 31 36 58 44 58 37 17 81 95 12 5 22 2 32  [1;32 474000 0.49895266257283 [0 
94 55 36 5 36 41 52 65 9 71 31 36 58 44 58 37 17 81 95 12 5 22 2 32  [1;32 530400 0.51578007333569 [0 
seed 93
94 55 36 5 36 41 52 65 9 71 31 36 58 44 58 37 17 81 95 12 5 22 2 32 
100 99 
best 0.51578007333569
 [0 
