1 2 3 4 5 6 7 8 9 10 11 12 13 14 15 16 17 18 19 20 21 22 23 24  [1;32 1200 0.21111030297414 [0 
1 56 3 4 5 24 7 1 9 69 11 12 13 14 15 16 49 18 19 20 21 22 23 24  [1;32 8400 0.58151140640842 [0 
1 56 3 4 5 24 7 1 9 69 11 12 13 14 15 16 49 18 19 20 21 22 23 24  [1;32 9600 0.61721592368725 [0 
1 56 3 4 5 24 7 1 9 69 24 12 13 14 15 16 49 18 19 20 21 22 23 34  [1;32 49200 0.73849051194742 [0 
1 56 3 4 5 24 7 1 9 69 24 12 13 14 15 16 49 18 19 20 21 22 23 34  [1;32 50400 0.88346770102891 [0 
1 11 3 4 5 24 7 1 9 69 24 12 13 14 15 16 49 18 19 20 21 22 23 34  [1;32 102000 0.89401149260167 [0 
1 11 3 4 5 24 7 1 12 69 24 12 13 14 15 16 49 18 19 20 21 22 100 34  [1;32 105600 0.90793929407554 [0 
1 11 3 4 5 24 7 37 12 69 24 12 13 14 15 16 49 18 19 20 21 22 100 34  [1;32 746400 0.90829947533151 [0 
1 11 3 4 5 24 7 37 12 69 24 27 13 14 15 16 49 18 19 20 21 83 21 34  [1;32 750000 0.90849954118219 [0 
seed 98
1 11 3 4 5 24 7 37 12 69 24 27 13 14 15 16 49 18 19 20 21 83 21 34 
100 99 
best 0.90849954118219
 [0 
