1 2 3 4 5 6 7 8 9 10 11 12 13 14 15 16 17 18 19 20 21 22 23 24  [1;32 1200 0.00082511167866957 [0 
1 2 57 4 5 80 8 8 9 10 25 12 13 14 15 16 17 18 19 20 21 22 23 24  [1;32 12000 0.25014024007979 [0 
1 2 57 4 5 80 8 8 9 10 95 12 13 14 15 16 17 18 19 20 21 56 23 24  [1;32 680400 0.29172736804624 [0 
1 2 57 4 5 80 40 8 9 1 95 42 13 14 15 16 17 18 19 83 21 56 23 24  [1;32 852000 0.3215173293845 [0 
1 2 57 4 5 80 40 30 9 1 95 42 13 18 42 16 17 76 19 59 21 56 23 24  [1;32 1022400 0.4350643984928 [0 
seed 49
1 2 57 4 5 80 40 30 9 1 95 42 13 18 42 16 17 76 19 59 21 56 23 24 
100 99 
best 0.4350643984928
 [0 
