1 2 3 4 5 6 7 8 9 10 11 12 13 14 15 16 17 18 19 20 21 22 23 24 [1;32m1200 0.006186438047388[0m
1 2 3 4 5 6 7 8 9 10 11 12 13 14 15 16 17 18 77 20 21 22 23 24 [1;32m3600 0.2210763111375[0m
1 2 3 4 5 6 7 98 9 17 11 12 13 14 15 16 17 18 77 68 21 22 23 24 [1;32m62400 0.31787987442779[0m
1 2 3 4 5 72 73 98 74 17 11 12 97 14 15 16 17 18 64 68 84 22 23 24 [1;32m183600 0.75927210630934[0m
1 2 3 4 5 72 73 98 74 17 11 12 66 14 15 16 17 18 64 1 84 22 23 24 [1;32m428400 0.79934104326339[0m
1 2 3 4 5 72 73 98 74 17 11 12 66 14 17 16 17 18 64 1 84 22 23 24 [1;32m442800 0.83354301172731[0m
1 2 3 4 5 72 73 98 74 17 11 12 66 14 17 58 17 18 64 1 84 22 23 24 [1;32m516000 0.85029664955188[0m
1 2 3 4 5 72 73 98 74 17 11 79 66 14 17 58 17 85 55 41 84 22 23 24 [1;32m597600 0.86904728566796[0m
1 2 3 4 5 72 73 98 74 17 11 79 66 14 17 58 17 85 55 41 84 22 23 24 [1;32m598800 0.87461675784563[0m
1 2 3 4 5 72 73 98 13 17 11 79 66 13 17 58 17 85 55 41 84 22 23 24 [1;32m602400 0.87463731084072[0m
1 2 3 4 5 72 73 98 13 17 11 79 66 13 17 58 17 3 55 41 84 22 23 24 [1;32m604800 0.91110182161158[0m
1 2 3 4 5 72 73 49 13 17 11 41 66 13 17 58 17 3 55 41 84 22 23 24 [1;32m667200 0.91167229514122[0m
1 2 3 4 5 72 73 49 13 17 11 41 66 23 17 58 17 3 55 41 84 24 23 24 [1;32m999600 0.91362917935391[0m
seed 70
1 2 3 4 5 72 73 49 13 17 11 41 66 23 17 58 17 3 55 41 84 24 23 24 
100 99 
best 0.91362917935391
[0m
