1 2 3 4 5 6 7 8 9 10 11 12 13 14 15 16 17 18 19 20 21 22 23 24  [1;32 1200 0.006186438047388 [0 
1 2 3 4 5 6 7 8 9 10 11 12 13 14 15 16 17 18 77 20 21 22 23 24  [1;32 3600 0.23262255344814 [0 
45 4 76 4 5 6 7 8 9 10 11 12 13 14 15 16 17 18 77 20 21 22 23 24  [1;32 168000 0.32886302260536 [0 
45 4 55 4 5 6 5 8 9 10 11 12 13 14 4 16 17 18 77 20 21 63 23 24  [1;32 663600 0.42447508556916 [0 
45 4 55 52 84 6 5 8 9 22 11 12 13 14 4 16 17 18 77 20 24 46 23 72  [1;32 866400 0.43544450069261 [0 
45 4 55 51 58 6 5 8 9 22 11 12 13 14 94 16 17 1 77 20 24 46 23 72  [1;32 1291200 0.43808519863218 [0 
seed 70
45 4 55 51 58 6 5 8 9 22 11 12 13 14 94 16 17 1 77 20 24 46 23 72 
100 99 
best 0.43808519863218
 [0 
