1 2 3 4 5 6 7 8 9 10 11 12 13 14 15 16 17 18 19 20 21 22 23 24 [1;32m1200 0.022142312194559[0m
1 2 3 4 5 6 7 8 38 10 11 12 13 14 15 16 17 18 19 20 21 22 23 24 [1;32m68400 0.44537380925586[0m
1 2 3 4 5 6 7 8 87 10 11 12 72 14 15 16 17 18 19 20 21 22 23 24 [1;32m75600 0.58788927033257[0m
1 2 3 4 5 6 7 38 87 10 11 12 72 14 15 16 17 18 19 20 1 22 23 24 [1;32m764400 0.60412819603698[0m
1 2 3 4 5 73 7 38 87 10 11 12 72 48 15 3 17 18 19 20 1 22 23 24 [1;32m961200 0.60641060707454[0m
1 2 3 4 5 73 7 38 87 10 11 12 72 48 15 3 17 18 19 20 1 22 23 24 [1;32m962400 0.64964521434699[0m
1 2 3 4 5 73 7 38 87 10 11 12 72 48 15 27 17 18 19 20 1 22 23 24 [1;32m984000 0.67618402853616[0m
1 2 3 4 5 73 7 38 87 10 11 12 34 48 15 27 17 18 19 20 1 22 23 24 [1;32m1258800 0.7095191127338[0m
1 2 3 4 5 73 7 38 14 10 11 12 34 48 15 27 17 18 19 20 1 22 23 24 [1;32m1435200 0.72720446701908[0m
seed 94
1 2 3 4 5 73 7 38 14 10 11 12 34 48 15 27 17 18 19 20 1 22 23 24 
100 99 
best 0.72720446701908
[0m
