1 8 3 4 46 6 7 8 9 26 11 12 13 14 15 16 17 18 39 20 21 22 23 24 [1;32m9600 0.20466729864973[0m
53 8 58 4 46 6 7 8 9 26 11 12 13 14 15 16 17 18 39 20 21 22 23 24 [1;32m805200 0.23179728943651[0m
53 8 58 4 46 6 7 8 9 26 11 12 13 14 15 16 17 18 61 20 21 22 23 24 [1;32m807600 0.29139549151546[0m
53 8 58 4 46 6 7 8 9 26 11 12 13 14 15 16 17 18 61 20 21 22 23 24 [1;32m808800 0.30863538999329[0m
53 8 58 4 46 6 7 8 9 26 34 12 13 14 15 16 17 18 61 65 21 22 23 24 [1;32m817200 0.39979981508039[0m
53 8 58 4 46 6 7 8 9 26 34 12 13 14 15 16 17 18 61 65 21 22 23 24 [1;32m818400 0.44105013991953[0m
53 8 58 4 46 6 7 8 9 26 34 12 13 14 15 16 17 38 61 65 21 22 23 24 [1;32m820800 0.44172095280054[0m
53 8 58 4 46 6 7 8 9 26 34 12 13 14 15 16 17 38 61 65 21 22 23 24 [1;32m822000 0.46636185537281[0m
53 8 58 4 63 6 7 8 9 26 34 12 13 14 15 16 17 38 61 65 49 22 23 24 [1;32m1039200 0.49542727374969[0m
53 8 58 4 63 7 7 8 9 26 15 12 13 14 43 16 17 38 61 97 49 22 23 92 [1;32m1317600 0.51533315210902[0m
seed 77
53 8 58 4 63 7 7 8 9 26 15 12 13 14 43 16 17 38 61 97 49 22 23 92 
100 99 
best 0.51533315210902
[0m
