1 2 3 4 5 6 7 8 9 10 11 12 13 14 15 16 17 18 19 20 21 22 23 24  [1;32 1200 0.20399913890981 [0 
1 2 3 4 5 6 7 8 9 10 11 12 13 5 15 45 17 18 19 20 21 22 23 24  [1;32 82800 0.35942129119493 [0 
19 2 3 62 18 6 7 8 9 10 11 12 13 5 15 5 17 18 8 20 21 22 23 24  [1;32 134400 0.62204528497652 [0 
19 2 3 62 18 6 7 8 9 10 21 12 13 5 15 5 17 18 8 20 21 22 23 24  [1;32 350400 0.63473114095341 [0 
19 2 3 62 18 6 7 8 9 10 21 12 8 5 15 5 17 18 70 20 21 22 23 24  [1;32 465600 0.64637416612964 [0 
19 2 96 62 18 6 7 8 9 10 21 23 100 5 15 69 17 18 70 20 91 22 23 24  [1;32 516000 0.73024639303714 [0 
seed 58
19 2 96 62 18 6 7 8 9 10 21 23 100 5 15 69 17 18 70 20 91 22 23 24 
100 99 
best 0.73024639303714
 [0 
