32 2 38 4 5 6 7 8 9 10 11 12 14 14 15 16 17 18 19 20 21 22 23 24  [1;32 8400 0.35756734077127 [0 
32 2 38 4 5 6 7 80 9 10 11 12 14 14 15 16 17 18 19 20 21 22 23 24  [1;32 97200 0.42822917087154 [0 
38 2 38 4 5 6 7 21 9 10 11 12 14 14 15 16 17 18 19 20 79 22 23 24  [1;32 114000 0.43329763347293 [0 
38 2 38 4 5 6 7 21 9 10 11 12 14 14 15 16 17 18 19 20 79 22 23 24  [1;32 115200 0.76308242244074 [0 
9 2 38 4 5 6 7 21 9 10 11 12 14 14 15 16 17 18 19 20 79 22 23 24  [1;32 147600 0.83241800572188 [0 
9 2 38 4 80 6 7 21 9 10 11 12 14 14 15 16 17 18 19 20 79 22 23 24  [1;32 424800 0.83423741881645 [0 
58 2 38 4 80 6 7 21 9 10 11 12 14 14 15 16 17 18 19 20 79 22 23 24  [1;32 493200 0.83700254204991 [0 
58 2 38 4 40 8 7 21 65 10 11 12 14 14 15 16 17 18 34 20 79 22 46 24  [1;32 718800 0.83887499748519 [0 
58 2 38 4 40 8 7 21 65 10 11 12 14 14 15 15 17 18 34 20 79 22 46 24  [1;32 846000 0.84734276727819 [0 
58 2 38 4 40 8 80 21 65 10 11 20 31 14 15 15 17 18 34 20 79 81 46 87  [1;32 924000 0.84897516187432 [0 
seed 9
58 2 38 4 40 8 80 21 65 10 11 20 31 14 15 15 17 18 34 20 79 81 46 87 
100 99 
best 0.84897516187432
 [0 
