1 2 3 4 5 6 7 8 9 10 11 12 13 14 15 16 17 18 19 20 21 22 23 24 [1;32m1200 0.21805541738969[0m
84 2 3 4 5 6 7 8 9 34 43 49 13 66 83 16 17 18 19 20 21 22 23 24 [1;32m43200 0.68422646020611[0m
84 2 3 4 5 6 7 8 9 34 43 49 13 66 83 16 17 18 19 20 21 22 23 24 [1;32m44400 0.81561266019247[0m
84 2 3 4 5 6 7 8 9 34 43 49 13 66 83 16 17 18 19 20 21 22 23 24 [1;32m45600 0.83228258294508[0m
84 2 3 36 5 83 7 15 9 34 43 49 13 66 83 16 17 18 19 97 21 22 85 24 [1;32m79200 0.83276282036344[0m
84 2 3 36 2 83 7 11 9 34 43 49 13 66 83 16 49 18 71 97 21 22 85 24 [1;32m84000 0.83310082748228[0m
84 2 3 36 75 83 7 11 9 34 43 49 13 66 83 16 95 26 71 82 21 22 85 24 [1;32m100800 0.84322328425052[0m
84 2 3 36 75 83 7 11 9 2 43 49 13 66 85 16 95 26 71 82 21 22 85 24 [1;32m116400 0.84795996090366[0m
84 2 3 36 75 83 7 11 9 2 43 49 13 66 85 16 95 26 71 82 31 22 85 24 [1;32m141600 0.85692035492466[0m
seed 66
84 2 3 36 75 83 7 11 9 2 43 49 13 66 85 16 95 26 71 82 31 22 85 24 
100 99 
best 0.85692035492466
[0m
