1 2 3 4 5 48 7 8 9 10 11 12 13 14 15 16 17 18 19 44 21 22 23 24  [1;32 2400 0.00051155977274037 [0 
1 2 3 47 5 48 7 8 9 10 11 12 13 20 30 16 17 18 19 44 23 22 23 24  [1;32 45600 0.0033102416062276 [0 
1 2 3 47 5 48 7 8 9 10 11 12 13 20 30 16 17 18 19 44 23 22 23 24  [1;32 46800 0.004313192796531 [0 
1 2 3 47 20 48 7 11 9 31 11 12 76 20 30 16 17 18 19 98 23 22 23 28  [1;32 49200 0.61122134622092 [0 
1 2 3 47 20 48 7 11 9 31 11 12 76 20 30 16 17 18 19 98 23 22 23 28  [1;32 50400 0.6564620891995 [0 
1 2 3 47 20 31 7 11 9 31 11 12 76 20 30 16 17 18 19 98 23 22 23 7  [1;32 61200 0.65736799876668 [0 
21 30 3 47 20 31 7 11 9 31 11 12 76 20 30 16 17 32 19 98 23 22 23 7  [1;32 112800 0.66242146314393 [0 
21 30 23 47 20 31 7 11 17 31 11 12 35 20 30 16 17 32 19 98 37 39 23 7  [1;32 406800 0.8014602925237 [0 
21 30 23 47 24 96 7 11 17 98 11 12 35 20 30 16 17 32 19 98 37 39 23 7  [1;32 1399200 0.84082468164094 [0 
seed 16
21 30 23 47 24 96 7 11 17 98 11 12 35 20 30 16 17 32 19 98 37 39 23 7 
100 99 
best 0.84082468164094
 [0 
