1 2 3 4 5 6 7 8 73 10 11 12 73 14 76 16 17 18 19 32 21 22 23 24  [1;32 14400 0.39632159115624 [0 
1 2 3 69 5 6 7 8 73 10 11 12 73 14 76 16 23 18 85 32 21 22 95 24  [1;32 16800 0.39632250748277 [0 
1 2 3 69 5 6 7 8 66 10 11 12 73 14 83 45 23 18 85 32 91 22 95 24  [1;32 21600 0.39633637597072 [0 
1 2 3 69 5 6 7 41 66 10 11 12 73 14 83 45 23 18 85 62 18 1 95 24  [1;32 240000 0.52693310666865 [0 
1 2 3 69 5 6 7 41 66 10 11 12 73 14 83 45 23 18 85 62 18 1 95 24  [1;32 241200 0.53023592007859 [0 
1 2 3 69 5 6 7 41 66 10 11 12 73 14 83 45 23 18 85 62 18 1 95 24  [1;32 242400 0.53112978602146 [0 
1 2 3 69 53 6 7 41 66 67 11 12 77 14 31 45 23 18 85 62 18 1 95 24  [1;32 265200 0.8067763246589 [0 
1 2 3 69 53 6 7 41 66 67 11 12 77 14 31 45 23 65 85 62 18 1 95 24  [1;32 267600 0.86545719633112 [0 
seed 52
1 2 3 69 53 6 7 41 66 67 11 12 77 14 31 45 23 65 85 62 18 1 95 24 
100 99 
best 0.86545719633112
 [0 
