1 2 26 4 5 6 7 8 9 10 11 12 13 8 15 16 17 18 19 20 21 67 22 24 [1;32m7200 0.58387387137658[0m
1 2 26 4 5 88 92 8 9 10 65 12 13 8 15 16 17 18 19 17 21 67 22 24 [1;32m13200 0.79675888625117[0m
1 2 26 4 5 88 92 8 9 10 65 78 13 8 15 16 17 18 16 17 21 67 22 24 [1;32m31200 0.84464316835567[0m
1 2 26 4 5 88 92 8 9 10 65 78 13 8 15 16 17 18 16 17 21 67 22 24 [1;32m32400 0.84482573027606[0m
1 2 26 4 5 88 92 8 9 10 65 78 13 8 15 16 17 18 16 17 21 67 22 24 [1;32m33600 0.84484158773534[0m
1 2 26 9 5 88 92 8 9 10 65 78 13 8 15 16 17 18 16 17 21 67 22 24 [1;32m105600 0.86464632727938[0m
seed 75
1 2 26 9 5 88 92 8 9 10 65 78 13 8 15 16 17 18 16 17 21 67 22 24 
100 99 
best 0.86464632727938
[0m
