1 2 3 4 5 6 7 8 9 10 11 12 13 14 15 16 17 18 19 20 21 22 23 24 [1;32m1200 0.011690445445473[0m
1 3 3 4 5 6 39 8 9 10 54 12 60 14 15 16 17 18 19 28 21 22 79 24 [1;32m4800 0.37824258650464[0m
1 3 3 4 5 6 39 8 9 10 54 12 60 14 15 16 17 18 19 28 21 22 79 24 [1;32m6000 0.41816073634723[0m
1 3 3 4 5 6 39 8 9 10 54 12 60 14 15 16 17 18 19 28 21 22 79 24 [1;32m7200 0.44347909911169[0m
1 3 3 4 5 6 39 8 9 10 54 12 60 14 15 16 17 18 19 28 21 22 79 24 [1;32m8400 0.45412617538876[0m
1 3 3 4 58 6 39 4 9 10 54 12 60 78 15 16 17 18 99 29 21 22 79 24 [1;32m19200 0.49246949138799[0m
1 3 3 4 58 6 39 4 9 10 54 12 60 78 15 16 17 18 99 29 21 22 79 24 [1;32m20400 0.51520359265557[0m
1 3 3 4 58 6 39 4 9 10 54 12 60 78 15 16 17 18 99 29 21 22 79 24 [1;32m21600 0.51524464428014[0m
83 21 3 4 58 6 39 4 9 10 64 12 60 78 15 16 17 18 99 29 21 52 79 44 [1;32m37200 0.54172866860142[0m
83 21 3 4 58 6 39 4 9 10 64 12 60 78 15 16 17 18 99 29 21 52 79 44 [1;32m38400 0.58488151627776[0m
83 21 71 73 58 6 39 13 9 10 64 12 60 78 15 16 17 88 99 29 21 93 79 44 [1;32m42000 0.58862834076509[0m
57 21 71 73 58 6 39 13 9 10 4 12 60 78 15 16 17 88 99 29 21 93 79 44 [1;32m364800 0.6212263596387[0m
57 21 71 73 58 6 39 13 9 10 4 12 60 78 15 16 17 88 99 29 21 93 79 44 [1;32m366000 0.67663879108547[0m
57 21 89 73 58 6 64 13 9 10 4 12 60 78 15 16 17 88 99 29 8 93 79 44 [1;32m645600 0.850237533314[0m
57 70 89 73 58 6 64 13 9 10 4 12 60 78 15 16 65 88 99 29 8 93 79 38 [1;32m1362000 0.86307989211119[0m
57 70 89 73 58 6 64 13 9 10 4 12 60 78 15 16 65 88 99 29 8 93 79 38 [1;32m1363200 0.87470247045041[0m
57 70 89 73 58 6 64 13 9 10 4 12 60 78 15 16 65 88 99 29 8 93 79 38 [1;32m1364400 0.88849126516036[0m
seed 20
57 70 89 73 58 6 64 13 9 10 4 12 60 78 15 16 65 88 99 29 8 93 79 38 
100 99 
best 0.88849126516036
[0m
