1 2 3 4 62 6 42 1 9 10 11 12 13 14 15 16 86 18 19 20 21 22 23 24  [1;32 87600 0.0011047718186526 [0 
1 2 3 4 62 52 42 1 9 10 11 12 64 86 15 16 86 59 97 20 21 22 23 24  [1;32 92400 0.021484831649992 [0 
1 2 3 4 62 86 42 1 37 82 11 12 60 86 15 16 86 59 97 20 21 89 23 24  [1;32 111600 0.21869722968911 [0 
1 2 3 4 62 86 42 1 37 82 11 12 60 86 15 16 86 59 97 20 21 89 23 24  [1;32 112800 0.26957721286389 [0 
1 2 3 4 62 86 42 41 37 82 11 12 60 86 15 16 86 59 97 20 21 89 23 24  [1;32 118800 0.33020804540341 [0 
1 2 3 4 62 86 42 41 37 82 66 12 60 86 15 16 62 59 97 20 21 89 23 24  [1;32 134400 0.3838845442864 [0 
1 2 3 4 62 86 42 41 37 82 66 63 60 45 15 16 62 59 97 20 21 89 23 24  [1;32 170400 0.43488920151438 [0 
1 2 3 48 62 86 42 41 37 82 66 63 86 1 15 16 62 59 71 20 51 89 23 24  [1;32 238800 0.43665922434077 [0 
1 2 3 48 62 86 42 41 37 82 66 63 86 1 15 16 62 59 93 20 51 87 23 24  [1;32 360000 0.45166068070102 [0 
1 2 59 48 62 3 42 41 37 82 17 63 20 83 15 16 62 59 93 20 51 87 23 24  [1;32 376800 0.5363282918052 [0 
24 2 59 48 62 3 42 97 37 82 55 63 2 83 15 16 62 59 93 20 51 87 61 24  [1;32 472800 0.67748876770137 [0 
24 2 59 48 62 3 42 97 37 82 55 63 2 83 15 16 62 59 93 20 51 87 61 24  [1;32 474000 0.75479186622546 [0 
24 2 59 48 62 3 42 97 37 82 55 63 2 83 70 16 62 59 93 20 51 87 61 24  [1;32 476400 0.78524816756812 [0 
94 2 59 48 62 3 42 97 37 82 55 63 2 83 70 16 62 59 93 20 51 87 61 24  [1;32 621600 0.80342191500482 [0 
94 2 59 48 62 3 42 97 37 82 55 63 2 41 26 16 62 34 93 20 51 87 61 24  [1;32 646800 0.80831052130672 [0 
94 2 59 48 62 61 42 97 37 82 55 63 2 41 26 16 62 34 93 20 51 87 61 24  [1;32 649200 0.82420042715757 [0 
94 2 59 48 62 61 42 97 37 82 55 63 2 53 26 16 62 34 93 20 32 87 61 24  [1;32 768000 0.83242248786179 [0 
94 2 59 48 62 61 42 97 37 82 55 63 2 94 26 16 62 34 93 20 32 87 61 24  [1;32 897600 0.85166655835814 [0 
94 2 59 97 62 61 42 97 37 82 55 63 2 94 26 16 14 34 93 20 32 87 42 24  [1;32 932400 0.85624332368867 [0 
94 2 59 97 62 61 42 97 37 82 55 74 2 81 26 12 14 34 93 20 32 87 42 57  [1;32 1437600 0.86350302037104 [0 
seed 81
94 2 59 97 62 61 42 97 37 82 55 74 2 81 26 12 14 34 93 20 32 87 42 57 
100 99 
best 0.86350302037104
 [0 
