40 2 3 4 5 39 7 8 9 10 11 12 13 14 15 16 17 47 19 20 21 22 23 24  [1;32 6000 0.092093136220688 [0 
40 2 3 4 5 39 7 8 9 10 11 12 13 14 15 16 17 47 19 20 21 22 23 24  [1;32 7200 0.26832482029639 [0 
40 2 3 4 5 39 7 8 94 10 64 12 33 14 15 16 17 30 19 20 21 22 23 24  [1;32 92400 0.60860212756543 [0 
40 2 14 28 5 39 7 8 94 10 64 12 33 14 15 16 17 30 19 83 21 22 23 24  [1;32 471600 0.68486262398053 [0 
40 2 32 28 5 39 7 41 94 10 64 12 33 14 15 16 17 30 19 83 21 22 63 24  [1;32 645600 0.72089676648366 [0 
seed 15
40 2 32 28 5 39 7 41 94 10 64 12 33 14 15 16 17 30 19 83 21 22 63 24 
100 99 
best 0.72089676648366
 [0 
