82 2 3 4 5 6 7 31 9 10 11 41 13 14 30 16 17 43 19 20 9 22 23 24 [1;32m4800 0.014894111114614[0m
82 2 3 4 5 6 7 31 9 10 11 41 48 14 30 16 17 43 19 20 32 22 23 24 [1;32m8400 0.29436135956469[0m
82 2 3 4 5 6 7 31 9 10 11 41 48 14 80 16 17 47 19 20 32 22 23 24 [1;32m14400 0.49455450477846[0m
82 2 3 4 5 6 7 31 9 10 11 41 48 14 80 16 17 47 19 20 32 22 23 24 [1;32m15600 0.49537513186134[0m
82 2 3 4 5 6 7 31 9 10 11 41 48 14 80 16 17 47 19 20 32 22 23 24 [1;32m16800 0.49537609571364[0m
82 2 3 4 5 6 7 31 9 10 11 41 48 14 80 16 17 47 19 32 32 22 23 24 [1;32m19200 0.49538613909506[0m
82 2 3 4 5 6 7 31 9 10 11 41 48 14 80 16 17 47 19 32 32 22 23 24 [1;32m20400 0.49539535245211[0m
82 2 3 4 5 6 7 31 9 10 11 41 48 14 80 16 17 47 19 32 32 22 23 24 [1;32m21600 0.49541467774268[0m
82 2 3 4 5 6 7 31 9 10 11 46 48 14 4 16 17 47 36 32 17 34 23 24 [1;32m36000 0.84792775449676[0m
82 2 3 4 5 6 7 31 9 10 11 46 48 14 50 16 17 47 36 32 17 34 23 24 [1;32m39600 0.87722555717022[0m
82 2 3 71 5 6 7 31 9 10 80 46 48 14 50 16 17 47 36 32 12 34 23 24 [1;32m354000 0.89380262777587[0m
82 2 3 71 5 6 7 31 9 10 80 46 48 14 50 16 17 47 36 32 12 44 23 24 [1;32m374400 0.89600143292491[0m
42 2 3 71 5 6 7 31 9 10 80 46 48 14 50 16 17 47 36 32 12 44 23 24 [1;32m481200 0.8992001143815[0m
42 2 3 71 5 6 7 31 9 16 80 46 48 14 50 16 17 47 36 32 12 44 23 24 [1;32m500400 0.90419120325122[0m
42 2 3 71 5 6 7 31 9 94 14 81 43 14 50 16 17 47 36 32 12 44 37 24 [1;32m598800 0.90523330947585[0m
42 2 3 71 61 6 43 31 9 94 14 81 43 14 50 16 17 47 36 32 12 44 37 57 [1;32m608400 0.90554936932929[0m
42 2 3 71 61 6 43 31 9 94 14 81 43 14 50 16 17 67 86 32 12 44 37 57 [1;32m702000 0.90576538696839[0m
42 2 3 71 51 6 43 90 9 94 14 81 43 14 50 16 42 67 87 32 12 44 37 49 [1;32m832800 0.90608032117172[0m
42 2 3 71 51 6 43 90 9 94 14 81 43 14 50 16 70 67 87 32 12 44 37 49 [1;32m1351200 0.90638248695434[0m
seed 74
42 2 3 71 51 6 43 90 9 94 14 81 43 14 50 16 70 67 87 32 12 44 37 49 
100 99 
best 0.90638248695434
[0m
