1 2 3 4 5 6 7 8 9 10 11 12 13 14 15 16 17 18 19 20 21 22 23 24  [1;32 1200 0.0039814091149378 [0 
1 2 3 4 5 6 7 8 9 10 11 12 48 14 15 16 17 18 19 20 32 22 23 24  [1;32 8400 0.0057284931130466 [0 
84 2 3 60 5 6 28 23 9 10 11 12 48 14 15 16 17 18 19 85 32 22 23 24  [1;32 13200 0.0060101744648789 [0 
84 2 3 60 5 6 28 23 9 10 11 12 48 14 15 16 17 18 19 85 32 22 42 24  [1;32 42000 0.0060147530914602 [0 
84 2 3 60 5 6 28 23 9 10 11 12 48 14 5 16 17 18 19 85 32 22 42 24  [1;32 68400 0.0060366763411284 [0 
84 2 3 60 5 98 28 23 9 10 11 12 48 14 23 16 95 18 19 85 32 22 42 24  [1;32 112800 0.0060660825294771 [0 
84 2 3 60 5 98 28 23 9 10 3 12 48 14 23 16 95 18 19 85 32 22 42 24  [1;32 141600 0.012730967450916 [0 
84 2 3 60 5 81 28 23 9 10 87 12 48 14 23 16 95 18 19 85 32 22 42 30  [1;32 154800 0.01365893464473 [0 
84 2 3 42 5 6 28 23 72 10 3 12 48 14 23 16 95 18 19 85 32 22 42 30  [1;32 1234800 0.0183472655481 [0 
84 77 3 42 5 1 37 23 72 10 3 12 48 16 23 16 95 18 19 85 32 33 42 30  [1;32 1254000 0.018402395504138 [0 
84 71 59 42 5 1 37 23 72 58 3 12 96 16 23 16 95 18 20 85 32 33 42 30  [1;32 1292400 0.018563859434074 [0 
seed 74
84 71 59 42 5 1 37 23 72 58 3 12 96 16 23 16 95 18 20 85 32 33 42 30 
100 99 
best 0.018563859434074
 [0 
