1 20 3 4 5 53 7 8 3 10 11 12 13 14 15 16 17 18 19 20 21 13 23 24 [1;32m8400 0.016699475866116[0m
1 20 94 4 5 53 7 8 63 29 11 12 13 14 15 16 49 18 19 20 21 13 23 24 [1;32m154800 0.13248381272203[0m
1 20 94 4 5 53 3 59 63 29 11 12 13 14 69 16 49 18 19 20 21 20 1 24 [1;32m176400 0.16525550387998[0m
1 20 94 4 5 53 3 59 63 29 11 12 13 14 69 16 49 18 19 20 21 20 1 63 [1;32m285600 0.34054582433672[0m
1 20 94 4 5 53 3 59 63 29 11 12 13 14 69 16 49 18 39 20 21 20 1 63 [1;32m302400 0.34397961071381[0m
1 98 94 4 5 53 3 59 63 46 44 12 13 14 92 16 49 18 39 20 21 20 1 9 [1;32m361200 0.57530794375929[0m
1 98 94 4 5 53 3 59 63 46 44 12 13 14 92 16 49 18 39 20 21 20 1 9 [1;32m362400 0.68758890549189[0m
1 98 94 4 5 53 3 59 63 46 44 12 13 14 92 16 49 18 39 20 21 20 1 9 [1;32m363600 0.70863035900573[0m
1 98 94 4 5 53 3 59 63 46 44 12 13 14 92 16 49 18 39 20 21 20 1 9 [1;32m385200 0.72101119503868[0m
1 98 94 4 5 53 3 59 63 69 81 12 13 14 92 16 49 18 39 20 21 20 98 9 [1;32m642000 0.72111156374862[0m
seed 10
1 98 94 4 5 53 3 59 63 69 81 12 13 14 92 16 49 18 39 20 21 20 98 9 
100 99 
best 0.72111156374862
[0m
