0.670006596815
0.72111156374862
0.62863037674308
0.80813898768099
0.45909561239231
0.86020758535783
0.24771643515961
0.89514907860544
0.89840281877479
0.90216444599394
0.58624573571161
0.85387882034498
0.88849126516036
0.86924201630949
0.10049052696058
0.89884008054326
0.71618383097936
0.70482076717783
0.89986892097262
0.87110701102037
0.78530318467719
0.49795736406317
0.84779737632399
0.60419882474346
0.86862166236992
0.89993108890577
0.84160001638116
0.64309327782778
0.90745996275715
0.85826826034108
0.45973969640548
0.85350811770753
0.85373423956572
0.87797019588335
0.82211533004405
0.33295206629812
0.79703168618483
0.48753653163996
0.33897905088235
0.89915189640207
0.86605481143011
0.56914496027424
0.87572220755189
0.88468668180767
0.71557883125788
0.90815174075472
0.89609986135591
0.91203709773734
0.87633033165347
0.79383194714571
0.72354246974426
0.72419424619639
0.88103796731086
0.56723830913759
0.89319961066578
0.87192940556767
0.89105061433779
0.8811611883292
0.78636675620253
0.52843423108448
0.79026693167857
0.87167277430859
0.41975517077461
0.88829715580688
0.87762619255281
0.21718096683712
0.74082905501589
0.89357246106348
0.88583337829739
0.84046236243132
0.88617350699472
0.8942519178675
0.87625461594629
0.85477772816375
0.8458176817932
0.58445006105051
0.89708714790562
0.50034340314881
0.81755501034899
0.67686680164646
0.62561726903115
0.87023997049615
0.14694668717397
0.9009263591678
0.89299568356748
0.68125659611573
0.85420204142677
0.85411425563037
0.86321913486662
0.86584230865042
0.89360087446649
0.84276178193913
0.76064824810299
0.86460775601342
0.89567717807478
0.86621833245972
0.90783893826717
0.83008794798558
0.84176588401955
0.90888357152524
