0.016171792362807
0.010638902864779
0
0.68813304024109
0
0
0
0
0.051547771809797
0.86943966646725
0
0.8312061390967
0.86270005530979
0.86469935771857
0.0072429039275638
0.70162466490227
0.87558913228192
0
0.68664756763502
0.050465894881372
0
0.80546051880494
0
0.89028694969811
0.2198587069921
0.83084959734577
0.019019268199452
0.039234619326461
0.21802846434113
0
0
0.90497214743385
0.86125873268759
0
0.90748365643547
0.037300145164796
0.44263412941297
0.035377196343845
0
0
0.014473231743137
0.010104171192755
0.01730082225956
0
0
0.90786769361065
0
0.90001229684277
0
0.70035415247351
0.8681235272797
0.014185133530936
0
0
0
0
0.017261831735188
0.83586574803691
0.72584292608901
0
0
0
0
0.90794725913844
0.84031079733777
0.2165541784403
0.89565217367242
0
0.88754762454583
0
0
0.90198014760693
0.018563859434074
0
0.013853552141763
0.60655378979421
0
0.9019772903968
0.010723903325991
0
0
0.86565431718351
0
0.010697376294248
0.8773003782694
0
0.86406099850531
0.76597782384387
0
0.90477024610136
0.018631467596759
0
0.2198587069921
0.038241395586292
0.29284848816248
0.49914777045512
0
0
0.79656240321913
0.21729434603275
