0.71529795034361
0.49543631050147
0.74953716785718
0.90523498834027
0.028444388975513
0.87482761514878
0
0
0.0079667332909316
0.88991301136028
0
0.89669402683283
0.86738830729765
0.87333918403108
0.010037750590213
0.21602296621055
0.89658892079132
0
0.86402629478077
0.90574633354487
0
0.89382834862121
0
0.44263405761386
0.2198587069921
0.75213773231049
0.075983090711535
0.90231430215248
0.21802846434113
0.49542842191482
0.44103282226724
0.90883800962416
0.78098508517198
0.84794801444379
0.90683346010198
0.82198688373333
0.90374619229964
0.62611006380788
0
0
0.49541600856647
0.049392926739598
0.0028332217279666
0
0.90148316045039
0.8650073406706
0
0.87093547114838
0.86545719633112
0.90233117075955
0.91193151389474
0.0033919676010062
0.90408831598343
0
0
0
0.2324614787435
0.86664630960469
0.33109077569509
0
0
0
0
0.90487701025749
0.89494521974982
0.25551259261909
0.90867462658239
0.26936183353815
0.88361297790104
0.88939218644149
0.91018278755607
0.91044588540347
0.87651613655257
0.86464632727938
0.840558598655
0.61157138444328
0.0063913385074258
0.81798031732959
0.17720842726648
0
0.005920026259064
0.41395500726918
0
0.010812243275979
0.87335090285571
0
0.72815599761132
0.90228672960969
0
0.8540410827922
0.89299611358185
0.87178495952893
0.8672833429321
0.51578007333569
0.63378018333361
0.90394093020391
0.87498236159064
0
0.90849954118219
0.91136353705111
