0.89951461733922
0.87712998958861
0.16076138118818
0.89463712124783
0.42930007878283
0.90577774918689
0.4369965199523
0.72089676648366
0.83037751073089
0.00082539931038637
0
0.86851943499662
0.43811417641642
0.87547608389082
0.1028499235054
0.90733489244338
0.89168147308648
0.86817698050121
0.90248425404596
0.90293454751355
0.89664914013645
0.79735046469937
0.68669845628205
0.86663329022357
0.872969916201
0.89863554086876
0.20691025915004
0.68468612866476
0.87101424715135
0.88379424154716
0.87386142510437
0.48467370586172
0.43274853719942
0.41909615678908
0.90225537850875
0.40478546458541
0.86767044292819
0.79362653969887
0.91404888870036
0.89112926939119
0.90139163981644
0.86134779147889
0.86824256748942
0.3335148688552
0.4350643984928
0.86646359740436
0
0.32272704682538
0.86317080127529
0.78717195695121
0.90537720051168
0.45412664213467
0.35496108334244
0.2985078341895
0
0.81289923807863
0.45183259363627
0.90775063667929
0.28426252478436
0.81796727644649
0.91040007196779
0.86356586060263
0.22252377639685
0.85692035492466
0.8757374425035
0.90009084948377
0.8981508609816
0.43808519863218
0.86742166834058
0.4411340591488
0.87204152056122
0.86759099025459
0.90638248695434
0.90367639881169
0.74598937539875
0.43106725916265
0.87560533341457
0.76681015288763
0.85176935854419
0.21947487055668
0.43082288051892
0.86638097676656
0.20190209431144
0.86447432794542
0.90448931942316
0.44096880842092
0.83092366207423
0.45015115933725
0.40125972563394
0.88131856060506
0.84897516187432
0.84104271194222
0.4339260518497
0.86726373482077
0.88864487990737
0.80302146530333
0.87075531382164
0.70639739560599
0.46026496913224
0.9084087901623
