0.87712998958861
0.16076138118818
0.89463712124783
0.42930007878283
0.90577774918689
0.4369965199523
0.72089676648366
0.83037751073089
0.00082539931038637
0
0.86851943499662
0.43811417641642
0.87547608389082
0.1028499235054
0.90733489244338
0.89168147308648
0.86817698050121
0.90248425404596
0.90293454751355
0.89664914013645
0.79735046469937
0.68669845628205
0.86663329022357
0.872969916201
0.89863554086876
0.20691025915004
0.68468612866476
0.87101424715135
0.88379424154716
0.87386142510437
0.48467370586172
0.43274853719942
0.41909615678908
0.90225537850875
0.40478546458541
0
0.90775063667929
0.86742166834058
0.21947487055668
0.84897516187432
