0.90128097542053
0.87132143987627
0.42606330832916
0.85758257586543
0.50503547757157
0.8520787678196
0.86750555480844
0.36577761725842
0.84082468164094
0.9005290504621
0.40793374254653
0.87810739247625
0.89860658709198
0.49542615811454
0.1028499235054
0.89338418761994
0.86598371966498
0.90495775859813
0.88992601487024
0.86635359177648
0.86675195318098
0.91062293545366
0.65309370605416
0.87969324714403
0.88299275716375
0.8685877674649
0.90532182517196
0.84712291268152
0.87297083917287
0.89701395558114
0.83274166347552
0.9112821510016
0.86557428522004
0.89803848501067
0.90090117371878
0.40653323245179
0.86762658277469
0.87523551787013
0.91339908322026
0.90742154627539
0.90077509078298
0.89959301030641
0.86961917760296
0.88476719678287
0.85762361732213
0.86607751053025
0.49543167199803
0.39399603687997
0.86963009508928
0.89467134952913
0.81481542633423
0.8855632478011
0.88226959994876
0.4170073178192
0.73024639303714
0.89165993292553
0.79165117577556
0.87775664032937
0.44933253402719
0.50116085490273
0.89207722243625
0.90016925458846
0.8845125426785
0.90867304833422
0.8774125268131
0.0012579499529067
0.042294202121383
0.91362917935391
0.86571227448619
0.16427419539593
0.26557155746652
0.86779775270532
0.86290299972146
0.87294064483272
0.90764164159512
0.51533315210902
0.89964476574405
0.91196386885809
0.86886804064118
0.21947487055668
0.86350302037104
0.87823672933709
0.20190209431144
0.90374721087426
0.91177718332595
0.85199696811812
0.84897310994734
0.91090900378141
0.85996732476663
0.90150648151014
0.89861580250255
0.90506666320111
0.14363695781447
0.8637820384162
0.72720446701908
0.67471496885102
0.84995949379703
0.82264869177189
0.88113218239771
0.89627275208479
