1 2 3 4 5 6 7 8 9 10 11 12 13 14 15 16 17 18 19 20 21 22 23 24  [1;32 1200 0.2198587069921 [0 
1 2 3 4 5 6 7 8 9 10 11 824 392 132 741 16 17 18 19 20 21 22 23 24  [1;32 868800 0.43394781514851 [0 
1 2 3 4 5 452 291 8 9 10 11 824 392 917 741 16 17 18 19 20 21 178 267 24  [1;32 1416000 0.83658554848869 [0 
1 2 3 4 5 452 291 8 9 10 11 824 392 917 741 16 17 18 19 20 21 178 267 24  [1;32 1417200 0.84073802128184 [0 
1 2 121 4 5 452 291 8 9 10 11 824 392 917 741 16 286 18 19 20 21 178 267 24  [1;32 1420800 0.84199776872165 [0 
1 2 121 4 5 452 291 8 9 10 11 824 392 917 741 16 286 18 19 20 21 178 267 24  [1;32 1422000 0.84310190593989 [0 
1 2 584 4 5 452 291 8 9 5 11 824 392 917 741 16 286 18 19 20 21 178 267 24  [1;32 1424400 0.84329423059265 [0 
seed 40
1 2 584 4 5 452 291 8 9 5 11 824 392 917 741 16 286 18 19 20 21 178 267 24 
1000 999 
best 0.84329423059265
 [0 
