1 2 3 4 5 6 7 8 9 10 11 12 13 14 15 16 17 18 19 20 21 22 23 24  [1;32 1200 0.0016513669994935 [0 
1 2 3 752 5 6 7 8 9 10 11 12 13 14 15 16 17 518 19 20 21 22 23 24  [1;32 468000 0.023980833165447 [0 
1 2 3 752 5 6 328 284 913 10 11 12 13 953 15 16 17 518 3 20 21 22 23 24  [1;32 511200 0.77300194962172 [0 
1 2 3 752 5 6 328 284 913 10 11 12 13 953 15 16 17 518 3 20 21 22 23 24  [1;32 512400 0.78270708245486 [0 
1 458 166 752 5 6 933 284 913 10 11 240 13 953 817 16 17 518 3 20 21 22 800 24  [1;32 690000 0.78521141988742 [0 
1 458 166 752 5 6 933 284 913 10 11 240 13 953 817 499 17 518 3 20 21 22 322 24  [1;32 994800 0.84710334452548 [0 
1 458 166 752 5 6 933 284 913 10 11 240 13 953 817 499 17 518 3 20 21 22 322 24  [1;32 996000 0.87757273565487 [0 
1 458 166 752 5 6 933 822 19 10 11 240 901 953 817 499 57 518 3 20 21 966 322 24  [1;32 1003200 0.88044543124113 [0 
1 458 872 752 5 6 933 822 19 10 11 240 901 953 817 454 57 518 3 617 21 966 322 24  [1;32 1248000 0.9051322263356 [0 
seed 2
1 458 872 752 5 6 933 822 19 10 11 240 901 953 817 454 57 518 3 617 21 966 322 24 
1000 999 
best 0.9051322263356
 [0 
