1 2 3 4 5 6 796 8 9 10 38 12 418 299 15 340 17 18 19 411 21 22 23 24 [1;32m109200 0.22387785826109[0m
1 2 3 599 5 6 796 8 9 10 38 12 418 299 15 340 17 18 19 99 177 22 23 24 [1;32m326400 0.43630050218512[0m
435 2 3 599 5 6 796 8 531 10 38 12 418 299 15 340 17 18 19 99 177 309 23 24 [1;32m1075200 0.4967519204113[0m
435 2 3 599 5 89 796 8 531 10 38 12 418 299 15 340 17 18 19 99 177 309 23 24 [1;32m1261200 0.49899161871282[0m
435 2 3 599 5 89 796 8 531 10 38 12 988 299 15 691 17 18 19 99 212 309 112 24 [1;32m1308000 0.50127853368582[0m
seed 10
435 2 3 599 5 89 796 8 531 10 38 12 988 299 15 691 17 18 19 99 212 309 112 24 
1000 999 
best 0.50127853368582
[0m
