59 2 174 4 5 6 7 8 9 10 11 12 13 14 15 16 17 792 19 20 21 22 23 940  [1;32 54000 0.21078634660453 [0 
59 2 174 477 5 6 7 8 438 627 11 12 13 14 15 16 17 431 19 20 21 22 23 940  [1;32 88800 0.34401562275158 [0 
466 2 174 477 5 6 7 8 438 627 11 12 13 14 430 16 17 431 19 20 21 22 23 940  [1;32 151200 0.35143670354514 [0 
466 221 174 477 5 6 7 8 438 627 11 12 13 14 430 16 17 431 19 20 21 22 23 940  [1;32 556800 0.50484050372731 [0 
466 221 253 851 588 170 7 8 438 627 11 313 13 185 430 16 17 431 19 20 21 22 23 940  [1;32 562800 0.61414237912248 [0 
seed 43
466 221 253 851 588 170 7 8 438 627 11 313 13 185 430 16 17 431 19 20 21 22 23 940 
1000 999 
best 0.61414237912248
 [0 
