1 2 3 4 5 6 7 8 9 10 11 12 13 14 15 16 17 18 19 20 21 22 23 24 [1;32m1200 0.21139651690386[0m
1 577 3 4 5 6 7 8 509 417 11 12 269 14 833 16 17 18 19 20 21 22 23 24 [1;32m37200 0.34892108544043[0m
1 184 3 4 5 6 7 8 509 417 11 12 269 14 833 365 17 603 910 20 21 22 23 24 [1;32m132000 0.41191508453815[0m
1 534 3 4 5 144 7 8 598 417 371 931 269 14 833 365 17 603 910 20 21 22 23 24 [1;32m253200 0.42795980329656[0m
217 534 671 4 5 144 7 8 598 417 371 434 269 14 833 365 17 603 910 20 941 22 897 24 [1;32m649200 0.81978622833666[0m
217 534 671 4 5 577 7 8 598 417 371 434 269 14 833 365 17 603 910 20 941 22 897 544 [1;32m702000 0.86407217881646[0m
217 368 671 4 5 577 7 8 598 819 371 434 269 821 833 365 17 603 910 20 566 22 897 544 [1;32m799200 0.86491627557666[0m
seed 62
217 368 671 4 5 577 7 8 598 819 371 434 269 821 833 365 17 603 910 20 566 22 897 544 
1000 999 
best 0.86491627557666
[0m
