1 2 3 4 5 6 7 8 9 10 11 12 13 14 15 16 17 18 19 20 21 22 23 24  [1;32 1200 0.34652698414786 [0 
1 2 3 4 5 6 7 8 9 10 11 12 13 14 15 16 17 18 19 20 21 22 23 24  [1;32 2400 0.38862117704375 [0 
957 2 486 4 5 6 451 8 9 10 11 12 13 161 15 16 17 18 19 20 832 22 23 24  [1;32 4800 0.43423163993051 [0 
519 2 593 4 5 6 410 8 958 10 572 12 13 161 15 16 17 825 19 20 832 22 23 24  [1;32 288000 0.58664925908663 [0 
519 2 593 4 5 477 659 8 958 10 572 12 13 161 15 960 17 825 211 20 832 22 23 193  [1;32 291600 0.65330905644543 [0 
519 2 593 4 5 477 659 8 958 10 572 12 13 161 15 960 17 825 211 20 832 22 879 193  [1;32 450000 0.71434592654138 [0 
519 2 593 4 52 477 659 8 958 10 572 12 907 161 15 960 17 825 211 20 832 22 879 193  [1;32 452400 0.71607176332202 [0 
519 2 593 4 52 477 659 8 958 10 572 12 907 161 15 960 17 825 211 20 875 22 879 193  [1;32 496800 0.71652362025062 [0 
seed 26
519 2 593 4 52 477 659 8 958 10 572 12 907 161 15 960 17 825 211 20 875 22 879 193 
1000 999 
best 0.71652362025062
 [0 
