1 2 3 4 5 6 7 8 9 10 11 12 13 14 15 16 17 18 19 20 21 22 23 24  [1;32 1200 0.001068579314578 [0 
1 2 3 4 5 6 826 8 9 10 11 12 13 14 15 16 17 18 19 20 21 22 23 24  [1;32 6000 0.0014188348709755 [0 
1 2 3 4 5 6 826 8 9 10 11 12 13 14 15 16 17 830 19 20 21 22 23 24  [1;32 18000 0.0027594961155517 [0 
1 2 3 4 141 6 826 8 9 10 11 12 13 71 15 16 17 377 19 20 457 22 23 24  [1;32 34800 0.0040218148400146 [0 
1 2 3 4 141 6 826 8 9 10 11 12 389 71 15 16 17 377 19 573 457 22 23 24  [1;32 52800 0.0041123835917803 [0 
1 2 3 4 141 6 826 8 9 10 11 12 389 71 15 514 17 377 19 573 457 22 23 24  [1;32 129600 0.039485605758522 [0 
1 2 460 4 141 6 826 8 9 10 11 696 389 71 755 514 17 377 433 573 457 40 23 24  [1;32 132000 0.047248237904999 [0 
1 2 448 4 193 6 739 8 9 10 11 696 389 71 755 514 17 377 324 573 457 40 23 24  [1;32 138000 0.048293945060091 [0 
735 2 448 4 193 6 739 8 9 438 11 696 389 71 755 514 471 377 324 826 457 40 547 24  [1;32 146400 0.44611857008082 [0 
735 2 448 4 193 6 739 8 9 438 11 696 389 71 755 514 471 377 324 826 457 40 547 24  [1;32 147600 0.46505851524195 [0 
735 2 448 4 193 6 739 8 9 438 11 696 389 71 755 514 471 377 324 826 406 40 547 24  [1;32 151200 0.75506148132959 [0 
735 2 448 4 262 6 739 8 9 438 11 696 389 71 755 514 471 377 324 826 406 40 547 24  [1;32 156000 0.77158860773711 [0 
735 2 448 4 262 6 739 8 9 438 11 696 389 71 755 514 471 377 324 826 406 40 547 535  [1;32 162000 0.79248183101774 [0 
735 2 448 4 262 6 739 8 9 438 11 109 389 415 755 514 471 377 324 826 406 40 547 535  [1;32 214800 0.85234272440807 [0 
735 2 448 4 262 6 739 8 600 438 11 109 389 415 755 514 471 377 324 826 406 40 547 535  [1;32 458400 0.87868378440517 [0 
735 2 448 4 262 6 739 8 600 413 11 109 389 415 755 514 471 377 324 826 406 40 547 535  [1;32 775200 0.87873520373479 [0 
735 2 448 4 262 6 739 8 600 413 11 109 389 415 755 514 471 377 324 826 406 40 547 535  [1;32 776400 0.87924965609647 [0 
seed 73
735 2 448 4 262 6 739 8 600 413 11 109 389 415 755 514 471 377 324 826 406 40 547 535 
1000 999 
best 0.87924965609647
 [0 
