1 2 3 4 5 6 7 8 9 10 11 12 13 14 15 16 17 18 19 20 21 22 23 24 [1;32m1200 0.20399344647475[0m
692 2 3 4 5 6 7 8 9 10 11 12 533 14 15 16 17 18 19 20 857 22 23 24 [1;32m334800 0.33451130921518[0m
692 2 3 4 266 6 930 8 9 670 11 12 533 14 15 16 265 18 19 20 857 22 23 24 [1;32m349200 0.56298508209561[0m
692 2 3 4 266 6 930 8 9 670 11 646 533 204 569 16 265 881 970 20 445 22 23 24 [1;32m355200 0.59213665258178[0m
692 2 404 4 266 272 930 8 9 670 11 761 533 413 569 521 265 881 970 20 445 486 23 24 [1;32m357600 0.61672285605022[0m
764 2 404 4 316 272 930 8 9 670 573 761 242 413 569 383 265 881 970 20 445 726 23 24 [1;32m360000 0.63102708200378[0m
764 480 404 4 316 272 930 8 9 670 573 761 242 413 569 383 265 881 970 20 445 726 23 24 [1;32m422400 0.635587612561[0m
764 480 30 4 316 272 930 8 536 670 573 613 844 413 569 383 265 881 970 20 445 726 23 183 [1;32m471600 0.65931314843329[0m
764 480 30 4 316 272 930 8 536 670 573 613 844 413 569 383 265 881 970 20 445 726 23 183 [1;32m472800 0.69618163426703[0m
764 480 414 4 316 751 930 8 536 670 573 613 844 413 569 383 265 881 970 20 445 840 23 183 [1;32m477600 0.70537419524706[0m
764 480 414 4 316 751 930 8 536 670 573 613 844 413 569 383 265 881 970 20 445 840 23 183 [1;32m478800 0.72265935526393[0m
764 480 414 4 316 751 930 519 536 670 640 613 844 413 569 383 265 881 970 20 287 754 23 183 [1;32m481200 0.76725019102137[0m
764 480 414 4 316 751 930 519 536 670 640 613 844 413 569 383 265 881 970 275 287 754 23 183 [1;32m487200 0.78794092992903[0m
764 480 414 4 316 751 930 519 536 670 640 613 844 413 569 383 265 881 970 275 287 754 23 183 [1;32m488400 0.8320284727855[0m
764 480 414 4 316 751 930 519 536 670 640 613 844 413 569 383 265 881 970 275 204 754 23 183 [1;32m618000 0.86552303691843[0m
seed 5
764 480 414 4 316 751 930 519 536 670 640 613 844 413 569 383 265 881 970 275 204 754 23 183 
1000 999 
best 0.86552303691843
[0m
