1 2 3 4 5 6 7 8 9 10 11 12 13 14 15 16 17 18 19 20 21 22 23 24  [1;32 1200 0.095353373409524 [0 
1 2 3 4 5 6 7 8 9 10 11 12 13 14 15 16 17 18 19 20 21 22 23 24  [1;32 2400 0.14295902597269 [0 
1 2 3 4 5 6 265 8 9 10 11 12 13 14 656 16 17 971 19 20 47 22 23 24  [1;32 6000 0.16692995984789 [0 
1 2 3 4 312 6 265 8 695 10 11 12 13 14 589 16 17 971 19 20 47 22 23 24  [1;32 9600 0.20121159444463 [0 
362 2 3 4 312 6 265 8 695 10 11 12 13 14 589 16 17 971 19 20 47 659 223 24  [1;32 18000 0.20264934617192 [0 
362 2 3 4 312 6 265 8 695 10 11 12 13 14 589 16 17 971 19 20 47 659 917 24  [1;32 24000 0.2401137317746 [0 
362 2 3 4 312 6 265 8 695 595 11 12 13 14 589 16 17 971 19 20 47 659 917 24  [1;32 28800 0.2533811604138 [0 
362 2 3 4 312 6 265 8 695 595 11 12 13 14 589 16 866 971 802 20 47 659 917 24  [1;32 32400 0.27710057039459 [0 
362 2 3 4 312 6 265 8 695 595 11 12 13 14 589 680 37 971 802 20 291 659 917 24  [1;32 76800 0.29776026206306 [0 
362 2 3 4 312 6 656 8 695 28 11 12 13 542 589 739 37 873 802 20 291 659 917 24  [1;32 93600 0.32966479854212 [0 
362 2 3 4 312 6 656 8 695 28 11 12 13 542 589 739 37 873 802 20 291 659 917 24  [1;32 94800 0.40471293404484 [0 
362 2 3 4 312 438 656 8 695 28 921 324 13 542 589 739 37 38 802 20 291 659 245 24  [1;32 134400 0.40471793731013 [0 
362 2 3 4 312 438 656 8 695 28 921 324 13 542 589 739 37 38 802 20 291 659 245 24  [1;32 135600 0.4262185020247 [0 
498 2 3 4 312 438 656 8 695 901 921 324 13 542 589 739 37 38 408 20 291 659 245 24  [1;32 154800 0.44797033504879 [0 
498 2 3 4 312 438 656 8 695 901 921 324 13 542 589 739 37 38 408 20 291 659 245 192  [1;32 164400 0.47387987331569 [0 
498 2 3 322 312 309 656 8 695 901 921 324 13 542 589 614 625 38 408 20 291 659 245 192  [1;32 177600 0.50163913149712 [0 
557 2 3 322 312 309 656 8 695 590 921 324 13 542 589 549 625 38 408 20 291 659 245 192  [1;32 219600 0.51671523121352 [0 
557 2 3 322 312 309 656 8 695 590 921 324 13 542 589 549 625 38 408 20 291 659 245 192  [1;32 220800 0.52240950834511 [0 
424 2 424 891 312 309 656 764 695 590 921 324 695 542 589 549 625 38 408 20 291 659 245 573  [1;32 235200 0.53790088980591 [0 
424 2 424 891 312 309 656 764 695 590 921 324 695 542 589 549 625 38 756 20 291 824 245 573  [1;32 387600 0.54440897511876 [0 
424 950 424 891 618 309 656 528 695 590 921 324 695 542 589 549 625 38 756 20 291 824 863 519  [1;32 628800 0.55423591003689 [0 
424 950 900 891 618 309 67 894 695 590 921 126 695 542 589 267 625 38 756 20 291 824 863 519  [1;32 1172400 0.56848517279786 [0 
424 950 900 551 618 309 67 894 695 590 921 126 695 542 589 267 625 38 756 770 291 824 863 519  [1;32 1174800 0.58105754722746 [0 
424 950 900 551 618 636 67 894 695 590 921 126 695 542 589 267 625 38 756 770 291 824 863 519  [1;32 1268400 0.6055405505951 [0 
424 950 900 526 618 636 67 894 695 590 921 126 860 542 136 267 480 486 514 770 291 824 863 519  [1;32 1287600 0.62460588603375 [0 
424 950 900 526 618 636 67 894 695 590 921 126 909 542 136 267 480 486 514 689 291 824 863 519  [1;32 1329600 0.64447310140189 [0 
424 950 900 805 618 636 722 894 695 590 921 126 909 542 136 267 480 486 514 282 291 824 863 519  [1;32 1334400 0.65029675363777 [0 
seed 96
424 950 900 805 618 636 722 894 695 590 921 126 909 542 136 267 480 486 514 282 291 824 863 519 
1000 999 
best 0.65029675363777
 [0 
