1 2 3 4 5 6 7 8 9 10 11 12 13 14 15 16 17 18 19 20 21 22 23 24 [1;32m1200 0.061092823144726[0m
1 803 3 4 5 6 7 8 9 10 11 12 842 14 15 744 17 18 19 20 841 22 23 24 [1;32m8400 0.12549127681015[0m
1 803 3 4 5 6 280 8 9 10 11 12 842 14 15 209 17 18 19 20 841 22 804 24 [1;32m14400 0.13045452737894[0m
607 659 3 4 5 39 280 8 9 873 7 12 842 14 15 209 17 18 19 20 841 22 804 24 [1;32m16800 0.17917145451953[0m
607 659 3 4 5 39 280 8 9 873 7 12 842 14 15 209 17 18 19 20 841 22 804 24 [1;32m18000 0.18494536078291[0m
607 659 3 4 5 39 280 8 9 873 7 12 842 14 15 209 17 18 19 20 841 22 804 24 [1;32m19200 0.19157093344875[0m
607 659 869 4 5 39 280 8 283 873 7 12 842 14 908 209 17 535 19 20 841 22 804 24 [1;32m34800 0.20872529270114[0m
607 659 869 4 5 39 280 490 283 873 7 12 842 14 908 209 17 535 19 20 841 22 804 24 [1;32m360000 0.22293326308906[0m
607 659 869 4 5 39 280 490 283 873 7 12 842 14 908 209 17 535 19 20 841 22 804 24 [1;32m361200 0.22788745307451[0m
607 659 869 4 152 39 280 490 283 873 273 767 842 14 908 209 17 535 19 20 841 271 678 24 [1;32m594000 0.25761257517215[0m
seed 98
607 659 869 4 152 39 280 490 283 873 273 767 842 14 908 209 17 535 19 20 841 271 678 24 
1000 999 
best 0.25761257517215
[0m
