1 2 3 4 5 6 7 8 9 10 11 12 13 14 15 16 17 18 19 20 21 22 23 24  [1;32 1200 0.20025815682751 [0 
1 2 3 4 5 673 7 8 9 10 11 12 13 14 462 16 299 18 19 20 21 493 23 24  [1;32 51600 0.41478438073085 [0 
1 2 400 4 5 673 7 8 9 10 11 12 13 14 462 16 299 18 19 20 21 493 23 24  [1;32 112800 0.78654706343938 [0 
1 2 400 4 5 673 7 8 9 10 11 12 13 14 462 16 299 18 19 20 21 493 23 24  [1;32 114000 0.88483430537975 [0 
1 2 400 4 5 673 758 8 9 10 11 12 13 14 462 16 299 18 19 20 21 572 23 24  [1;32 142800 0.88698686830819 [0 
1 2 400 4 5 673 758 992 9 10 11 12 13 14 462 967 299 18 98 267 21 580 23 24  [1;32 159600 0.88917676742916 [0 
1 2 400 224 5 673 758 992 9 10 11 12 13 14 462 967 299 18 98 267 21 580 720 24  [1;32 418800 0.88955222974222 [0 
985 2 400 224 5 673 758 992 783 10 11 12 13 14 462 967 299 18 98 267 21 580 720 24  [1;32 540000 0.88974637066751 [0 
985 2 400 224 5 673 758 992 783 10 11 874 13 14 462 967 299 493 98 267 21 665 720 246  [1;32 1251600 0.89026165161797 [0 
985 2 400 224 487 673 758 992 783 10 11 874 843 14 462 967 299 493 98 267 21 665 720 246  [1;32 1254000 0.89112348392346 [0 
seed 46
985 2 400 224 487 673 758 992 783 10 11 874 843 14 462 967 299 493 98 267 21 665 720 246 
1000 999 
best 0.89112348392346
 [0 
