1 2 3 4 5 6 7 8 9 10 11 12 13 14 15 16 17 18 19 20 21 22 23 24 [1;32m1200 0.21865154440393[0m
1 2 3 688 5 136 7 8 572 10 11 12 380 14 15 16 17 18 19 20 21 22 362 24 [1;32m14400 0.32675159126816[0m
1 2 3 688 5 136 7 749 572 10 11 12 380 14 15 16 768 18 19 498 21 727 362 24 [1;32m81600 0.33936791148007[0m
1 2 3 688 544 136 7 749 336 429 11 12 380 14 15 16 768 18 596 498 21 727 362 24 [1;32m97200 0.62626444243317[0m
1 2 3 688 544 136 7 749 336 429 11 12 380 14 15 16 768 18 596 498 21 727 362 24 [1;32m98400 0.80349884024097[0m
1 2 3 688 544 136 7 749 336 429 11 12 380 14 15 16 768 18 596 498 21 727 362 24 [1;32m99600 0.81303726615916[0m
1 2 3 688 544 136 7 749 336 429 11 12 380 14 15 16 768 18 596 498 21 727 362 24 [1;32m100800 0.89042246002807[0m
1 2 3 688 544 136 7 749 336 429 568 12 380 14 15 16 768 18 596 498 21 727 362 24 [1;32m114000 0.89903946486508[0m
1 2 3 688 12 136 7 749 336 429 568 12 380 882 15 16 768 18 596 498 21 727 362 24 [1;32m649200 0.90031049075287[0m
seed 36
1 2 3 688 12 136 7 749 336 429 568 12 380 882 15 16 768 18 596 498 21 727 362 24 
1000 999 
best 0.90031049075287
[0m
