1 2 3 4 5 6 7 8 9 10 865 12 13 14 15 16 17 553 19 20 21 22 702 24  [1;32 14400 0.22045693642733 [0 
1 2 3 4 5 6 513 8 9 10 865 12 13 14 16 16 965 553 19 20 12 882 702 24  [1;32 22800 0.31511428413122 [0 
1 2 3 4 5 6 513 8 9 10 865 12 13 14 16 16 965 553 19 20 12 882 702 24  [1;32 24000 0.42527587080733 [0 
1 2 3 4 5 6 513 8 9 10 865 12 13 14 16 16 965 553 19 20 12 882 702 24  [1;32 25200 0.58943652217488 [0 
1 2 3 585 5 6 513 8 9 10 830 12 13 14 16 16 965 553 19 20 12 882 702 24  [1;32 73200 0.59470671923761 [0 
1 2 3 585 5 6 513 8 9 10 830 12 13 14 16 16 965 553 19 20 12 882 702 24  [1;32 74400 0.59779131146571 [0 
1 23 3 585 5 6 513 8 9 10 830 12 13 14 16 16 965 553 19 20 12 882 702 24  [1;32 76800 0.65414763907311 [0 
1 23 3 585 5 6 513 979 742 10 830 12 13 14 16 587 965 553 19 20 464 882 702 24  [1;32 177600 0.66670584112889 [0 
1 23 3 585 195 6 918 979 494 10 830 12 13 406 16 587 965 553 19 20 464 882 702 24  [1;32 196800 0.78539956118382 [0 
1 23 3 585 195 6 187 979 494 10 830 12 122 406 16 587 426 553 19 661 464 882 702 459  [1;32 205200 0.78809776125873 [0 
1 868 573 585 195 6 187 979 494 10 830 12 118 406 850 587 426 553 19 661 464 882 702 459  [1;32 423600 0.80978839863779 [0 
963 868 573 585 195 6 187 979 494 10 830 12 118 406 850 587 426 553 19 661 464 421 702 459  [1;32 841200 0.86674171411752 [0 
seed 33
963 868 573 585 195 6 187 979 494 10 830 12 118 406 850 587 426 553 19 661 464 421 702 459 
1000 999 
best 0.86674171411752
 [0 
