1 2 3 4 5 6 7 8 9 10 11 12 13 14 15 16 17 18 19 20 21 22 23 24 [1;32m1200 0.19199771837926[0m
1 2 946 4 5 998 7 8 796 10 11 12 13 14 913 16 17 18 19 20 21 22 23 24 [1;32m7200 0.1951281552006[0m
1 2 946 4 5 998 7 8 796 10 11 12 13 14 913 16 17 18 19 20 21 22 23 24 [1;32m8400 0.25907752219372[0m
1 823 946 4 5 998 7 8 796 589 11 12 13 14 913 668 17 18 19 20 21 22 23 24 [1;32m14400 0.26970648990366[0m
1 823 946 4 5 302 7 8 796 589 11 12 13 14 913 550 239 98 809 20 21 22 23 24 [1;32m21600 0.32801010249399[0m
1 823 946 4 5 302 7 8 796 589 11 12 349 14 913 550 239 98 809 20 21 22 23 801 [1;32m39600 0.41503797958545[0m
1 841 758 4 5 302 7 8 796 589 11 12 349 14 913 550 239 98 809 20 21 22 23 801 [1;32m288000 0.41748813799691[0m
1 841 758 4 5 302 7 8 796 589 11 12 349 14 913 550 239 98 809 20 21 22 23 801 [1;32m289200 0.42674187550469[0m
1 841 758 4 5 237 7 8 796 589 11 12 349 14 913 550 239 98 809 660 21 22 23 801 [1;32m387600 0.46770638323307[0m
1 841 758 4 5 237 7 8 796 589 11 12 349 14 913 550 239 98 809 729 21 22 23 393 [1;32m390000 0.48506174358469[0m
1 213 758 4 5 237 224 8 796 589 11 668 349 14 913 550 239 98 809 729 21 22 514 393 [1;32m397200 0.49165510208259[0m
1 213 758 4 5 237 224 8 796 589 809 668 349 14 913 504 239 309 809 729 21 22 514 182 [1;32m414000 0.50946206605862[0m
1 213 758 4 5 237 923 8 796 589 809 668 349 14 913 504 239 309 809 729 21 22 514 182 [1;32m522000 0.51523620473982[0m
856 213 758 4 5 237 923 8 876 589 809 668 349 139 913 504 239 309 809 729 21 22 514 182 [1;32m584400 0.5167124734608[0m
856 213 758 4 5 237 923 8 876 589 809 668 349 139 913 504 239 309 809 729 21 69 731 182 [1;32m807600 0.52839691174214[0m
856 213 758 4 340 237 923 8 876 589 367 668 349 139 505 504 239 309 958 729 961 69 731 182 [1;32m830400 0.53009730371123[0m
856 213 758 4 340 237 723 8 876 589 367 668 349 139 478 504 239 309 958 729 961 69 260 951 [1;32m853200 0.53670548799171[0m
856 213 758 4 627 237 723 8 876 589 367 171 349 139 478 504 239 309 958 729 961 69 806 951 [1;32m862800 0.53687592453056[0m
172 213 758 666 627 237 723 8 876 589 367 171 349 139 478 504 239 309 958 237 961 69 806 951 [1;32m925200 0.53792498416236[0m
seed 69
172 213 758 666 627 237 723 8 876 589 367 171 349 139 478 504 239 309 958 237 961 69 806 951 
1000 999 
best 0.53792498416236
[0m
