1 2 3 4 5 6 7 8 9 10 11 12 13 14 15 16 17 18 19 20 21 22 23 24 [1;32m1200 0.0041286262711402[0m
105 2 806 4 368 6 378 8 9 10 11 926 13 14 15 16 17 18 19 20 495 22 23 24 [1;32m6000 0.5663005590486[0m
230 2 806 4 368 6 378 595 9 10 11 926 13 14 15 16 17 18 19 20 495 22 23 958 [1;32m37200 0.61751745571274[0m
230 2 806 4 368 6 378 595 9 10 11 926 13 14 15 16 850 18 19 20 495 22 73 958 [1;32m42000 0.82445976638392[0m
230 2 806 4 368 6 378 705 933 10 421 926 13 14 15 16 850 18 19 20 495 22 73 958 [1;32m296400 0.83993937735599[0m
230 2 806 903 368 6 378 705 933 10 421 926 13 14 15 16 850 18 19 20 495 267 73 958 [1;32m786000 0.88698934905615[0m
seed 21
230 2 806 903 368 6 378 705 933 10 421 926 13 14 15 16 850 18 19 20 495 267 73 958 
1000 999 
best 0.88698934905615
[0m
