1 2 3 4 5 6 7 347 9 10 11 12 13 368 15 354 17 18 19 20 21 22 23 24 [1;32m420000 0.06062523884294[0m
1 2 3 4 5 6 7 347 9 10 11 12 13 368 15 354 17 18 19 20 21 22 23 24 [1;32m421200 0.087881537568808[0m
452 2 96 4 5 6 7 347 9 10 11 12 424 368 15 354 17 18 19 854 21 22 23 472 [1;32m436800 0.089092039345645[0m
452 2 96 4 5 6 7 347 9 10 11 12 424 368 15 354 17 18 19 854 21 22 23 472 [1;32m438000 0.10361931059298[0m
452 2 96 4 5 6 7 347 9 10 11 12 424 368 15 354 17 18 19 854 21 22 23 472 [1;32m439200 0.11395285528333[0m
597 2 96 4 5 6 7 347 9 960 11 12 352 368 15 354 17 277 19 854 21 61 23 120 [1;32m450000 0.11895233405597[0m
597 2 96 4 5 6 7 347 9 960 11 12 352 368 15 354 17 277 19 854 21 61 23 120 [1;32m451200 0.14828939722229[0m
597 2 96 4 5 6 7 347 702 960 11 12 352 368 21 738 17 164 19 225 21 61 23 120 [1;32m460800 0.17690109630986[0m
597 2 96 4 5 6 7 347 702 960 11 12 352 368 21 711 17 164 19 225 21 61 23 279 [1;32m486000 0.18933635757362[0m
597 921 96 4 5 6 7 347 371 960 11 12 399 368 21 711 322 164 19 795 555 61 23 279 [1;32m511200 0.19778271011653[0m
597 921 96 4 5 6 7 347 371 960 11 12 399 368 21 711 322 164 19 795 555 61 23 279 [1;32m512400 0.22954338341438[0m
seed 19
597 921 96 4 5 6 7 347 371 960 11 12 399 368 21 711 322 164 19 795 555 61 23 279 
1000 999 
best 0.22954338341438
[0m
