1 2 3 201 5 6 7 8 554 10 131 444 13 14 15 16 17 394 19 20 21 22 23 24  [1;32 92400 0.00047930421519292 [0 
1 2 3 201 5 6 7 8 554 10 131 444 13 14 987 16 17 394 19 20 21 22 23 24  [1;32 100800 0.0044440261481427 [0 
1 2 3 201 5 6 7 8 554 10 131 444 13 14 987 16 105 394 19 20 21 22 23 24  [1;32 122400 0.0044742464711356 [0 
1 2 163 201 5 898 7 8 554 10 131 444 877 14 987 16 105 394 19 20 21 22 23 24  [1;32 216000 0.004484687505747 [0 
999 2 163 201 936 898 7 8 554 10 131 444 877 850 987 16 394 394 19 20 21 22 23 24  [1;32 1040400 0.074174402772104 [0 
999 2 163 201 936 898 7 8 619 121 779 444 877 850 987 16 394 394 19 20 21 22 23 24  [1;32 1435200 0.0816006225437 [0 
seed 39
999 2 163 201 936 898 7 8 619 121 779 444 877 850 987 16 394 394 19 20 21 22 23 24 
1000 999 
best 0.0816006225437
 [0 
