1 2 3 4 5 6 7 8 9 10 11 12 13 14 15 16 17 18 19 20 21 22 23 24  [1;32 1200 0.063476143844572 [0 
1 2 3 4 5 6 7 8 9 10 11 12 13 14 15 16 17 18 19 20 21 22 23 24  [1;32 2400 0.096833719512559 [0 
1 2 3 4 5 6 7 8 9 10 11 12 13 14 15 16 17 18 19 20 21 22 23 24  [1;32 3600 0.18312551917404 [0 
1 2 3 4 5 6 7 8 145 10 11 12 13 656 15 16 17 18 19 20 21 22 787 350  [1;32 13200 0.20942690167166 [0 
1 2 3 778 5 6 7 8 145 10 11 12 13 656 15 16 17 18 19 20 21 22 787 350  [1;32 24000 0.24892808856678 [0 
1 332 3 778 5 6 7 8 145 10 11 12 13 656 15 16 17 18 19 20 21 22 787 350  [1;32 30000 0.25569786734441 [0 
272 332 3 778 5 6 7 8 145 10 712 12 13 656 15 186 17 18 19 979 21 22 787 350  [1;32 44400 0.28216874288703 [0 
272 180 3 778 5 6 7 8 145 10 712 12 13 656 15 186 17 18 19 979 22 22 787 350  [1;32 591600 0.28849485560662 [0 
272 180 3 778 5 6 7 8 145 10 712 12 13 656 15 186 17 18 911 979 22 22 787 350  [1;32 825600 0.29709209166234 [0 
272 532 3 352 5 6 7 8 145 10 712 12 13 656 15 186 17 18 911 894 22 22 787 350  [1;32 1009200 0.31784227399561 [0 
272 532 3 352 5 6 7 8 145 775 712 12 13 656 15 186 811 18 170 894 188 22 787 350  [1;32 1011600 0.33937255814883 [0 
994 532 790 352 5 6 7 8 145 775 712 12 13 656 15 186 406 18 170 894 618 22 787 353  [1;32 1018800 0.34237267085298 [0 
994 532 790 352 5 6 7 8 145 775 712 12 13 656 15 186 242 18 170 894 618 22 787 353  [1;32 1022400 0.36260374095593 [0 
994 532 790 352 5 169 7 705 145 775 712 12 13 891 15 186 13 18 170 894 618 22 296 353  [1;32 1056000 0.37423885380538 [0 
238 532 790 352 121 169 689 705 145 775 712 12 13 891 15 705 13 528 170 894 618 22 296 119  [1;32 1120800 0.37898705170747 [0 
238 893 790 352 121 169 689 705 145 775 712 12 13 891 15 705 13 528 702 894 618 22 561 119  [1;32 1165200 0.39631971742582 [0 
238 893 790 352 120 169 689 705 145 775 712 12 13 891 15 705 13 528 702 894 618 22 561 119  [1;32 1171200 0.43091950594693 [0 
238 893 790 352 120 169 145 705 145 775 712 12 13 891 15 705 13 528 702 894 618 22 561 119  [1;32 1178400 0.43545525939415 [0 
3 8 790 352 120 169 472 656 145 811 712 12 13 891 15 705 13 528 702 894 618 22 561 119  [1;32 1180800 0.44590296741711 [0 
3 8 790 352 120 169 472 656 145 811 712 12 13 891 15 705 13 528 702 894 618 22 561 119  [1;32 1182000 0.45464739731718 [0 
975 8 790 36 120 169 472 656 145 811 352 12 13 891 127 705 13 528 702 894 618 22 561 386  [1;32 1220400 0.45662188224658 [0 
975 8 790 36 120 169 472 656 145 811 352 12 13 891 127 705 13 528 702 894 618 22 561 386  [1;32 1221600 0.46260126227444 [0 
946 8 741 36 120 169 746 656 145 811 352 12 13 891 127 787 13 528 702 894 618 22 561 157  [1;32 1264800 0.46307213288849 [0 
946 8 741 36 120 169 746 8 145 811 352 12 13 891 127 787 13 528 702 894 618 22 561 157  [1;32 1310400 0.46669436876975 [0 
946 8 741 36 120 169 746 8 477 811 352 12 13 891 127 418 13 528 702 894 618 22 561 157  [1;32 1352400 0.47040191731686 [0 
946 8 741 36 120 169 746 8 477 811 352 12 13 891 127 418 687 727 702 894 618 22 561 157  [1;32 1407600 0.47265591823713 [0 
seed 18
946 8 741 36 120 169 746 8 477 811 352 12 13 891 127 418 687 727 702 894 618 22 561 157 
1000 999 
best 0.47265591823713
 [0 
