1 2 3 4 5 6 7 8 9 10 11 12 13 14 15 16 17 18 19 20 21 22 23 24  [1;32 1200 0.0016529188525792 [0 
1 2 3 4 5 642 7 8 9 10 11 948 13 14 15 16 17 18 19 20 21 91 23 24  [1;32 6000 0.0041277194136915 [0 
1 2 913 4 5 947 7 8 9 10 11 948 13 14 15 16 17 715 19 20 21 91 872 24  [1;32 51600 0.33153134782887 [0 
1 2 905 4 5 947 7 8 9 10 11 948 13 14 15 16 17 715 19 20 21 91 872 24  [1;32 82800 0.4263319614013 [0 
941 2 905 4 5 947 7 975 9 10 11 948 13 14 15 16 17 715 19 20 434 91 872 24  [1;32 111600 0.45023339960856 [0 
941 642 705 4 5 947 7 406 9 11 11 948 13 14 15 16 17 980 19 20 434 91 872 24  [1;32 132000 0.45463154077963 [0 
941 642 705 4 5 947 7 406 9 830 11 948 13 14 15 16 17 980 19 20 434 91 872 384  [1;32 136800 0.49787781530371 [0 
941 642 705 4 39 947 7 406 9 830 11 948 832 14 15 16 17 109 19 20 434 264 872 384  [1;32 181200 0.86907279381454 [0 
941 642 705 4 39 947 7 406 9 830 11 948 832 14 15 16 17 109 19 20 434 264 872 384  [1;32 182400 0.88294615427066 [0 
941 642 705 4 39 947 637 406 9 830 11 948 832 14 990 16 17 61 766 20 434 264 872 384  [1;32 184800 0.89329707050984 [0 
941 642 705 4 39 947 637 406 9 830 11 948 832 14 990 921 17 61 766 20 434 264 279 384  [1;32 193200 0.90197787718172 [0 
941 642 705 4 39 947 637 406 904 830 11 948 832 14 990 921 17 54 766 20 434 264 279 384  [1;32 459600 0.90441977292203 [0 
941 642 705 4 39 947 637 596 904 830 11 948 832 14 990 921 17 54 735 20 328 264 476 384  [1;32 463200 0.90481808314537 [0 
941 642 705 4 39 947 637 596 904 830 11 948 832 148 952 921 17 54 735 20 328 140 476 384  [1;32 495600 0.90584314162577 [0 
941 642 705 4 39 947 637 596 904 830 11 948 832 718 952 921 17 54 222 20 328 140 476 384  [1;32 1044000 0.90647792051383 [0 
seed 72
941 642 705 4 39 947 637 596 904 830 11 948 832 718 952 921 17 54 222 20 328 140 476 384 
1000 999 
best 0.90647792051383
 [0 
