1 2 3 4 5 6 7 8 9 10 11 12 13 14 15 16 17 18 19 20 21 22 23 24  [1;32 1200 0.00082539931038637 [0 
1 2 3 4 5 6 423 8 9 10 11 565 13 14 15 16 536 18 301 585 21 22 23 24  [1;32 256800 0.10170069683593 [0 
1 343 3 4 5 6 423 603 9 10 11 565 13 14 15 16 536 18 301 585 21 22 23 24  [1;32 268800 0.47454625401867 [0 
153 243 3 4 5 6 423 603 9 10 11 565 13 225 15 16 536 18 301 585 21 22 128 24  [1;32 283200 0.53178127099548 [0 
153 243 3 4 5 6 423 603 9 10 11 565 13 225 15 16 536 18 301 585 21 22 128 24  [1;32 284400 0.60219293479278 [0 
153 243 3 4 5 6 423 603 9 10 11 565 13 225 15 16 536 18 301 585 21 22 128 24  [1;32 285600 0.60913631511306 [0 
153 243 3 854 5 142 423 737 9 10 11 565 13 225 15 16 536 18 301 229 21 22 128 484  [1;32 294000 0.81647555798307 [0 
153 243 167 854 5 142 423 737 9 10 11 565 13 225 15 16 536 18 301 229 21 22 128 986  [1;32 298800 0.82520914567149 [0 
153 243 167 854 5 142 423 737 9 802 11 565 13 225 15 16 536 18 301 229 513 22 128 986  [1;32 312000 0.85105695309393 [0 
153 243 167 854 5 142 423 737 9 802 11 565 13 225 15 16 536 18 301 229 513 22 128 986  [1;32 313200 0.86021440800416 [0 
153 243 167 854 5 142 423 737 9 802 11 565 13 225 15 16 536 18 301 229 513 22 128 986  [1;32 314400 0.90314365356363 [0 
153 243 132 854 5 142 423 737 9 802 11 565 13 225 15 16 536 18 301 229 513 22 128 986  [1;32 921600 0.90329983224282 [0 
seed 20
153 243 132 854 5 142 423 737 9 802 11 565 13 225 15 16 536 18 301 229 513 22 128 986 
1000 999 
best 0.90329983224282
 [0 
