1 2 3 4 5 6 7 8 47 10 11 783 13 14 15 16 17 898 19 89 21 22 23 24  [1;32 10800 0.10437728367435 [0 
1 574 3 4 891 6 7 8 47 10 11 783 13 14 15 16 980 898 19 89 536 494 23 771  [1;32 66000 0.36451138913822 [0 
1 574 513 4 891 6 7 8 47 10 11 783 13 14 15 16 980 391 19 89 536 494 23 771  [1;32 136800 0.68794980050795 [0 
1 574 513 4 891 6 7 8 47 10 11 783 13 14 15 16 980 391 19 89 536 494 23 771  [1;32 138000 0.7749516930847 [0 
1 574 513 4 891 6 215 8 47 10 11 783 151 14 15 258 980 391 784 89 541 494 23 738  [1;32 249600 0.82140869430906 [0 
96 574 513 4 891 6 215 8 47 10 11 783 955 14 15 486 980 391 784 89 541 494 23 738  [1;32 252000 0.83780041974607 [0 
96 574 513 918 891 6 215 8 47 19 11 783 922 14 15 486 980 391 784 89 541 494 245 738  [1;32 254400 0.84672995906977 [0 
96 574 513 918 891 118 215 8 47 19 11 117 922 14 15 486 961 391 784 89 721 701 245 215  [1;32 256800 0.88369218652767 [0 
96 574 513 918 891 118 215 8 47 19 11 117 922 14 15 288 961 391 784 89 721 701 245 215  [1;32 1388400 0.90060302759583 [0 
seed 68
96 574 513 918 891 118 215 8 47 19 11 117 922 14 15 288 961 391 784 89 721 701 245 215 
1000 999 
best 0.90060302759583
 [0 
