1 2 3 4 5 6 7 8 9 10 11 12 13 14 15 16 17 18 19 20 21 22 23 24 [1;32m1200 0.3212687763316[0m
1 2 3 4 5 6 7 8 9 10 11 12 13 14 15 16 17 18 19 20 21 22 23 24 [1;32m2400 0.36162924953702[0m
718 2 3 729 5 637 905 8 9 10 11 12 13 661 15 16 17 18 19 20 21 22 23 24 [1;32m9600 0.44223403185858[0m
718 2 3 729 5 637 905 757 9 10 11 47 13 661 15 16 17 18 19 20 21 22 23 24 [1;32m16800 0.48419333315192[0m
718 2 973 707 5 637 905 757 9 10 46 47 13 661 15 16 17 23 19 20 21 22 23 24 [1;32m33600 0.57456811616489[0m
718 2 973 707 5 637 905 757 9 10 46 47 13 661 15 519 17 23 19 20 21 22 23 423 [1;32m39600 0.60317168144343[0m
965 2 973 707 5 637 905 757 585 10 151 47 13 661 15 519 17 23 479 20 21 22 23 423 [1;32m69600 0.61511839093172[0m
965 2 973 707 5 637 905 757 585 10 151 47 13 661 15 519 17 23 479 20 21 22 23 423 [1;32m70800 0.62465116549443[0m
965 698 973 707 5 637 601 757 585 10 151 47 201 661 15 519 17 23 479 411 21 308 23 423 [1;32m76800 0.63244449486516[0m
965 698 973 33 5 637 601 757 585 10 151 79 201 201 15 519 17 655 479 411 645 69 23 423 [1;32m177600 0.6414970946119[0m
965 698 973 33 5 637 601 757 585 10 151 79 201 201 15 519 17 655 479 411 645 69 23 423 [1;32m178800 0.65140334824201[0m
965 698 973 33 5 637 601 757 585 10 151 79 201 201 15 519 17 655 342 411 645 69 23 423 [1;32m667200 0.66081876589791[0m
965 698 973 33 5 637 601 757 585 10 151 79 127 201 841 519 17 655 342 411 645 69 23 423 [1;32m709200 0.67431919219664[0m
seed 80
965 698 973 33 5 637 601 757 585 10 151 79 127 201 841 519 17 655 342 411 645 69 23 423 
1000 999 
best 0.67431919219664
[0m
