1 2 3 4 5 6 7 8 9 10 11 12 13 14 15 16 17 18 19 20 21 22 23 24 [1;32m1200 0.0025312727651011[0m
1 2 3 4 5 6 985 8 9 10 11 603 13 14 15 16 17 18 19 20 21 22 697 24 [1;32m12000 0.0060334247332472[0m
1 236 3 4 5 6 985 8 9 10 11 603 13 14 15 16 17 970 19 964 21 786 697 24 [1;32m19200 0.0061041051328283[0m
809 390 3 4 5 544 245 8 574 10 11 603 13 14 15 482 17 970 19 964 21 786 697 24 [1;32m44400 0.0090856908087527[0m
809 390 3 4 5 949 596 8 954 10 693 603 13 14 15 482 17 561 19 964 21 948 697 24 [1;32m62400 0.013864536865865[0m
809 390 3 4 687 949 596 8 954 10 693 603 13 14 15 482 17 561 19 964 21 948 697 24 [1;32m135600 0.014670991696194[0m
809 390 3 404 687 949 596 8 954 10 693 603 651 14 15 482 17 561 19 103 21 948 697 24 [1;32m172800 0.01650884056745[0m
809 390 3 404 687 949 596 8 954 10 693 603 651 14 15 721 17 561 19 103 981 948 697 24 [1;32m181200 0.016520594006758[0m
476 390 456 404 687 949 596 8 954 10 693 603 651 14 15 721 17 561 340 103 899 548 697 24 [1;32m193200 0.089284931466117[0m
476 390 456 404 687 949 596 8 954 10 693 603 651 14 15 721 17 561 340 103 899 627 697 129 [1;32m204000 0.091696116883438[0m
904 390 456 404 687 949 596 8 906 872 693 929 651 14 15 721 17 561 340 103 899 627 697 129 [1;32m206400 0.094408941622684[0m
904 390 456 404 687 949 596 854 906 872 693 929 651 14 15 721 17 561 340 103 899 627 351 200 [1;32m216000 0.11043172982043[0m
904 390 286 404 687 949 596 854 30 872 693 929 967 14 15 721 17 561 340 103 899 627 351 200 [1;32m346800 0.11835505856568[0m
904 390 286 873 687 949 596 854 30 872 520 467 967 14 55 721 17 561 340 103 899 627 351 200 [1;32m355200 0.11943861678123[0m
904 390 730 873 687 949 596 650 30 872 520 467 967 14 55 935 17 561 831 636 899 627 465 200 [1;32m488400 0.12404578949123[0m
904 390 730 873 687 949 596 650 30 872 520 467 967 14 55 935 38 561 831 636 899 627 465 200 [1;32m643200 0.18229898723431[0m
879 390 730 873 687 949 596 650 30 872 520 467 967 14 55 935 38 561 831 636 899 627 465 200 [1;32m656400 0.21634775563423[0m
879 390 730 873 687 949 596 650 30 872 520 467 967 14 55 935 38 561 831 636 899 627 95 621 [1;32m742800 0.2195355971009[0m
879 390 730 873 687 949 596 650 30 872 520 467 967 14 55 495 38 561 617 636 899 627 95 621 [1;32m978000 0.22200053635266[0m
879 390 730 873 687 20 596 539 30 872 140 467 967 14 55 495 38 561 617 636 899 627 95 107 [1;32m1004400 0.22623379273843[0m
609 390 730 873 687 20 596 539 30 869 140 467 49 14 55 495 38 561 617 636 899 627 95 107 [1;32m1053600 0.23815735964882[0m
609 390 730 873 687 20 596 539 30 869 140 467 49 14 55 495 38 561 617 636 899 627 95 294 [1;32m1082400 0.25918506300192[0m
609 478 730 274 687 20 596 539 964 869 140 467 49 14 55 495 38 561 617 636 899 627 95 294 [1;32m1099200 0.27824690242758[0m
609 2 730 274 321 20 596 112 964 869 140 467 49 14 55 495 38 561 617 636 899 627 149 294 [1;32m1131600 0.35006932166575[0m
609 16 730 274 321 20 596 112 964 544 140 467 49 14 55 495 38 561 617 636 899 627 149 294 [1;32m1222800 0.36741291135431[0m
seed 23
609 16 730 274 321 20 596 112 964 544 140 467 49 14 55 495 38 561 617 636 899 627 149 294 
1000 999 
best 0.36741291135431
[0m
