1 2 3 4 5 6 7 8 9 10 11 12 13 14 15 16 17 18 19 20 21 22 23 24 [1;32m1200 0.012233223104087[0m
1 2 3 4 5 6 7 8 9 10 11 12 13 14 15 16 17 18 19 20 21 22 23 24 [1;32m2400 0.018562577544341[0m
1 2 3 4 5 6 7 8 9 10 11 12 13 14 15 16 17 18 19 20 21 22 23 24 [1;32m3600 0.019096769060819[0m
101 2 3 4 5 6 7 8 9 10 11 12 797 14 15 16 17 18 19 20 21 22 842 268 [1;32m7200 0.020926555791191[0m
101 2 3 4 5 6 7 8 9 10 11 12 797 14 15 16 17 18 19 20 21 22 842 268 [1;32m8400 0.021321977375767[0m
101 2 3 4 5 6 7 8 9 10 11 12 797 14 15 16 17 18 19 20 21 22 842 268 [1;32m9600 0.022185546094621[0m
101 2 3 4 5 6 7 8 9 99 11 685 797 14 849 16 17 78 19 195 21 22 842 268 [1;32m21600 0.025036916884268[0m
101 2 3 4 5 6 853 8 9 99 11 81 797 14 849 16 17 78 19 83 21 22 842 268 [1;32m25200 0.027248268721537[0m
101 2 3 4 5 6 853 8 9 99 11 81 797 14 849 16 17 78 19 83 21 22 842 268 [1;32m26400 0.032956539353886[0m
101 2 3 4 648 6 853 8 9 99 11 81 797 14 849 16 17 78 19 83 21 22 544 268 [1;32m40800 0.033884892359458[0m
101 2 3 4 648 6 853 8 9 99 11 81 797 14 849 16 17 78 19 83 21 22 544 268 [1;32m42000 0.042712341666233[0m
223 2 3 514 648 6 853 8 440 99 11 81 797 14 849 16 17 78 19 83 21 22 544 268 [1;32m44400 0.050361348109255[0m
223 2 3 514 67 6 853 8 331 99 11 81 878 14 849 893 17 78 493 83 21 22 544 268 [1;32m52800 0.090002647616344[0m
223 2 3 514 67 6 853 8 331 99 11 81 878 14 849 893 17 78 493 83 21 22 544 268 [1;32m54000 0.098251956306823[0m
223 2 3 514 67 6 913 166 331 99 11 310 878 14 849 893 17 78 493 83 685 22 544 246 [1;32m62400 0.12714671122098[0m
223 2 3 514 67 6 913 166 331 99 11 310 878 14 849 893 17 78 653 947 685 173 544 246 [1;32m94800 0.15441020702906[0m
223 2 3 514 67 6 913 166 331 99 11 310 878 549 849 893 17 78 653 947 685 173 544 246 [1;32m118800 0.20395225857913[0m
223 2 3 514 67 6 913 166 331 99 11 310 878 549 849 893 17 78 653 947 685 173 544 246 [1;32m120000 0.23369452867488[0m
223 2 3 514 67 6 913 166 737 99 11 310 878 549 849 931 518 78 653 947 685 173 878 278 [1;32m129600 0.26612354909101[0m
223 2 346 484 67 6 913 261 737 99 11 310 878 549 849 487 518 244 653 947 685 173 878 278 [1;32m135600 0.26821865994742[0m
223 112 346 484 67 6 913 261 865 99 11 310 878 549 849 487 518 244 212 947 685 173 878 278 [1;32m168000 0.27951365606448[0m
223 112 346 484 67 6 913 261 865 99 11 310 878 549 849 487 518 244 212 947 685 173 878 278 [1;32m169200 0.29586789705878[0m
223 250 463 123 67 6 175 261 865 99 11 310 878 549 849 487 518 244 212 947 685 173 878 278 [1;32m212400 0.29736239988469[0m
223 250 463 123 67 6 175 261 88 99 11 310 878 549 849 758 398 244 212 947 685 567 878 278 [1;32m382800 0.32697644400267[0m
29 250 463 123 67 373 175 261 370 758 11 310 878 549 30 758 398 244 212 947 685 567 636 278 [1;32m403200 0.3283901247438[0m
29 250 463 123 67 373 175 261 370 758 11 310 878 549 30 758 398 244 212 947 685 567 636 278 [1;32m404400 0.34716521654514[0m
29 250 817 779 67 373 175 261 370 758 11 310 878 549 30 758 180 244 212 947 685 567 787 454 [1;32m417600 0.35475372142688[0m
29 250 817 779 67 373 175 261 370 758 11 310 878 549 30 758 180 244 212 947 685 567 787 454 [1;32m418800 0.37547090736389[0m
29 300 817 779 67 373 175 261 370 758 11 310 878 549 30 758 79 244 157 947 685 567 787 316 [1;32m534000 0.37644467366194[0m
221 300 375 779 67 373 175 261 370 758 11 310 878 549 30 758 79 244 157 947 444 567 152 316 [1;32m548400 0.40032725017363[0m
221 300 375 779 67 373 939 261 370 933 11 897 878 549 30 758 79 244 157 947 444 567 152 316 [1;32m884400 0.4173432368946[0m
221 300 375 779 67 373 939 31 370 933 11 897 878 549 30 758 79 244 157 947 444 567 152 316 [1;32m1119600 0.42768958052929[0m
seed 76
221 300 375 779 67 373 939 31 370 933 11 897 878 549 30 758 79 244 157 947 444 567 152 316 
1000 999 
best 0.42768958052929
[0m
