1 718 3 4 5 6 457 8 9 839 193 12 13 14 15 16 17 18 19 2 791 22 23 24 [1;32m177600 0.00077239802252916[0m
1 718 3 4 663 6 457 8 9 839 193 12 13 14 15 16 17 18 19 2 791 22 23 24 [1;32m200400 0.00090124947812585[0m
1 718 3 4 663 6 457 8 9 982 457 420 13 14 15 16 17 18 19 2 791 22 23 24 [1;32m216000 0.018020544890742[0m
45 718 3 4 663 6 457 8 9 982 16 420 13 14 131 16 17 18 19 2 791 22 23 24 [1;32m219600 0.021382465540599[0m
360 718 486 875 663 6 457 8 806 982 16 420 13 14 131 749 17 18 19 2 791 22 23 485 [1;32m264000 0.04808210736653[0m
seed 92
360 718 486 875 663 6 457 8 806 982 16 420 13 14 131 749 17 18 19 2 791 22 23 485 
1000 999 
best 0.04808210736653
[0m
