1 2 3 133 5 6 7 8 9 10 11 12 13 14 872 16 139 772 19 20 21 22 23 24  [1;32 102000 0.022680183134675 [0 
496 2 3 133 5 8 7 8 9 10 11 180 13 14 872 16 667 772 19 20 21 22 23 24  [1;32 116400 0.088753974099444 [0 
496 2 3 133 5 17 148 8 9 884 145 180 463 14 872 16 667 772 19 20 21 22 23 24  [1;32 151200 0.097466204209996 [0 
496 614 3 133 5 522 394 8 9 884 145 180 463 14 872 16 667 772 19 20 21 22 23 24  [1;32 248400 0.10962717903958 [0 
496 614 3 133 5 522 394 8 9 884 145 180 463 14 872 16 789 772 19 20 21 22 23 24  [1;32 254400 0.52848641036781 [0 
496 614 3 133 5 522 394 8 9 884 145 180 463 14 872 16 789 772 19 20 21 22 23 24  [1;32 255600 0.8481893997106 [0 
496 614 3 133 5 522 394 8 9 884 145 180 463 14 872 16 789 772 19 20 21 22 23 24  [1;32 256800 0.90067958857843 [0 
496 415 3 133 5 522 394 8 9 884 145 180 463 14 872 16 789 772 19 20 184 22 23 24  [1;32 292800 0.90116413991889 [0 
seed 83
496 415 3 133 5 522 394 8 9 884 145 180 463 14 872 16 789 772 19 20 184 22 23 24 
1000 999 
best 0.90116413991889
 [0 
