1 2 3 4 5 6 7 8 9 10 11 12 13 14 15 16 17 18 19 20 21 22 23 24  [1;32 1200 0.12341931014203 [0 
1 2 3 4 5 6 7 8 9 10 11 12 13 14 15 16 17 729 19 20 21 22 23 24  [1;32 4800 0.12811638259659 [0 
1 2 3 4 5 6 7 8 761 10 11 12 13 14 15 16 17 729 19 20 21 22 23 24  [1;32 8400 0.13467797128777 [0 
1 2 3 4 5 6 7 8 761 10 11 12 13 14 15 16 17 729 19 20 21 22 23 24  [1;32 9600 0.15624170855865 [0 
1 2 3 4 5 6 7 8 761 10 11 12 13 14 15 16 17 729 19 20 21 22 23 24  [1;32 10800 0.16518003950034 [0 
1 2 3 4 5 6 7 8 761 10 11 923 13 14 15 16 508 729 19 741 21 22 23 24  [1;32 14400 0.17751810402083 [0 
1 2 3 4 5 6 7 8 761 10 11 923 13 14 15 16 508 729 19 741 21 22 23 24  [1;32 15600 0.18307013186832 [0 
1 2 3 4 5 6 7 8 761 10 11 923 13 14 15 16 508 729 19 741 21 22 23 24  [1;32 16800 0.18443714290843 [0 
1 2 3 4 5 6 570 8 761 10 11 923 13 352 15 313 508 729 19 741 21 646 23 24  [1;32 22800 0.18741902441805 [0 
1 2 3 4 5 972 570 8 761 798 39 923 13 352 15 313 508 729 19 741 21 646 23 24  [1;32 30000 0.18907022611483 [0 
1 2 3 4 5 972 570 8 761 798 39 923 13 352 15 313 508 729 19 741 21 646 23 24  [1;32 31200 0.19075891025868 [0 
1 2 3 4 5 972 570 8 761 798 39 923 13 352 15 313 508 729 19 741 21 646 23 24  [1;32 32400 0.20723585928831 [0 
1 2 3 4 5 972 237 8 761 798 39 923 13 352 682 313 508 729 19 741 21 646 23 24  [1;32 38400 0.21961479104431 [0 
1 2 3 619 5 972 237 8 761 225 39 923 13 352 682 248 508 729 726 741 672 121 23 24  [1;32 43200 0.24249466568187 [0 
1 2 3 619 5 621 237 8 761 52 39 923 74 352 682 248 508 729 726 741 689 121 23 24  [1;32 49200 0.26121064721239 [0 
1 2 3 619 5 734 237 8 761 52 39 923 74 352 682 248 508 729 726 741 689 121 23 24  [1;32 56400 0.27494632386601 [0 
1 2 3 619 5 734 237 377 761 757 39 519 74 860 682 248 508 729 726 741 689 732 23 24  [1;32 74400 0.31850135478245 [0 
1 2 3 619 5 734 237 377 761 757 39 519 74 860 682 248 508 729 726 741 689 732 23 24  [1;32 75600 0.32449273950649 [0 
1 2 3 619 5 734 237 377 761 757 39 519 74 860 682 248 508 692 726 741 689 732 23 24  [1;32 81600 0.34098840808858 [0 
1 2 3 589 5 211 237 377 761 757 39 519 74 860 682 248 508 692 26 741 689 247 23 528  [1;32 84000 0.36631045518734 [0 
1 2 3 589 5 211 237 377 761 757 39 519 74 860 920 90 508 178 26 741 689 247 23 528  [1;32 92400 0.37713457175922 [0 
1 2 3 589 5 211 237 377 761 757 357 519 336 860 920 90 508 178 26 741 689 247 23 528  [1;32 94800 0.40040420618894 [0 
1 2 3 589 5 606 237 377 613 757 357 519 336 860 920 90 508 178 26 427 689 247 23 528  [1;32 115200 0.40046284501668 [0 
1 2 3 589 5 606 237 377 613 757 357 519 336 860 920 90 508 178 26 427 689 247 23 528  [1;32 116400 0.40726491370296 [0 
1 2 3 132 5 606 237 377 613 757 357 519 336 860 920 90 508 287 26 427 689 247 23 528  [1;32 118800 0.41620528522228 [0 
1 2 3 132 5 606 434 377 613 757 357 519 627 860 920 558 508 287 26 427 400 247 23 528  [1;32 130800 0.41942728902853 [0 
1 2 3 132 5 606 434 377 613 757 357 519 627 860 920 558 508 287 26 427 400 247 23 528  [1;32 132000 0.43097295506766 [0 
1 2 3 132 5 606 434 377 613 757 357 519 389 860 920 558 508 287 26 427 400 247 23 528  [1;32 135600 0.45194155665384 [0 
1 2 3 132 5 606 434 566 613 757 357 519 389 860 920 97 508 287 26 427 302 247 23 528  [1;32 202800 0.45742102279394 [0 
1 2 3 132 5 606 434 566 613 757 357 519 389 860 920 97 508 287 26 427 302 247 23 528  [1;32 204000 0.46073219711742 [0 
1 2 3 132 762 606 434 269 613 757 357 519 389 860 920 97 508 287 26 427 302 247 23 528  [1;32 208800 0.48302657320797 [0 
1 2 3 132 762 606 434 815 613 757 119 519 389 860 920 97 508 676 555 427 302 247 23 528  [1;32 254400 0.52463456861619 [0 
1 743 3 132 762 606 434 815 613 757 119 519 389 860 920 97 508 676 555 427 302 247 23 528  [1;32 259200 0.53488261604205 [0 
1 250 3 132 762 606 434 815 613 757 119 519 389 860 920 97 581 676 555 427 302 247 23 528  [1;32 272400 0.6463033427611 [0 
1 250 3 132 762 606 434 815 613 757 666 519 389 860 920 97 581 676 555 427 302 979 23 528  [1;32 288000 0.65302930139266 [0 
1 250 3 132 762 606 434 815 613 795 43 886 389 860 920 97 581 676 555 427 302 979 23 528  [1;32 372000 0.66555276308735 [0 
seed 99
1 250 3 132 762 606 434 815 613 795 43 886 389 860 920 97 581 676 555 427 302 979 23 528 
1000 999 
best 0.66555276308735
 [0 
