529 2 3 4 5 6 741 8 62 10 11 12 13 968 15 16 17 18 19 20 157 22 23 24 [1;32m9600 0.00093313033486376[0m
529 2 3 4 5 6 741 648 62 490 11 12 719 968 15 16 17 18 819 20 157 22 23 24 [1;32m290400 0.00093369499147607[0m
529 2 3 4 5 6 741 648 62 490 11 12 719 968 15 16 618 18 819 20 157 22 23 24 [1;32m350400 0.00093798250417847[0m
529 2 3 4 5 6 741 648 605 490 11 12 719 968 15 16 618 18 819 20 157 22 23 24 [1;32m507600 0.035719738085423[0m
529 2 3 4 5 6 741 648 605 676 169 12 719 968 15 16 618 18 819 20 157 22 23 559 [1;32m652800 0.043597013461015[0m
529 2 3 4 5 6 741 648 605 676 169 12 719 968 15 16 618 665 819 20 157 22 23 559 [1;32m692400 0.047952211633759[0m
seed 4
529 2 3 4 5 6 741 648 605 676 169 12 719 968 15 16 618 665 819 20 157 22 23 559 
1000 999 
best 0.047952211633759
[0m
