1 2 3 4 5 6 7 8 9 10 11 12 13 14 15 16 17 18 19 20 21 22 23 24  [1;32 1200 0.49823321703046 [0 
1 2 3 4 5 6 7 8 9 10 11 12 13 14 15 16 17 18 19 20 21 22 23 24  [1;32 2400 0.5485406523903 [0 
1 2 710 4 5 6 7 993 398 10 11 12 13 14 15 286 228 18 19 20 21 297 23 24  [1;32 8400 0.65590998232982 [0 
1 2 710 4 5 6 7 993 682 519 11 12 369 14 15 286 228 18 19 20 107 297 23 24  [1;32 19200 0.75827629800261 [0 
1 2 710 167 453 6 7 993 682 519 11 12 369 14 15 286 791 18 19 20 107 297 23 24  [1;32 57600 0.77740415130955 [0 
1 2 710 167 453 6 7 993 682 519 11 12 369 14 15 286 791 18 19 20 107 297 23 24  [1;32 58800 0.82490874391505 [0 
1 2 710 167 453 6 7 993 682 519 11 12 369 14 15 286 791 18 19 20 107 297 23 24  [1;32 60000 0.82579927885799 [0 
1 2 631 172 453 6 7 993 682 519 11 12 369 14 15 286 652 18 19 20 107 297 23 24  [1;32 90000 0.85866977202395 [0 
254 2 631 172 453 6 7 993 682 519 11 12 369 164 15 286 652 18 19 20 107 557 23 24  [1;32 452400 0.85907833687076 [0 
254 2 631 172 453 598 7 993 682 519 11 939 140 164 15 286 207 18 19 20 880 557 23 24  [1;32 882000 0.86713307605118 [0 
seed 55
254 2 631 172 453 598 7 993 682 519 11 939 140 164 15 286 207 18 19 20 880 557 23 24 
1000 999 
best 0.86713307605118
 [0 
