1 2 3 4 5 6 7 8 9 10 11 12 13 14 15 16 17 18 19 20 21 22 23 24 [1;32m1200 0.00082511167866957[0m
1 2 176 4 5 6 7 8 29 10 129 12 13 14 15 991 17 18 19 20 21 22 23 465 [1;32m54000 0.49975785282949[0m
1 2 176 4 5 6 7 8 29 10 129 12 13 14 15 991 17 18 19 20 21 22 23 465 [1;32m55200 0.52208470917871[0m
1 2 176 4 5 6 7 8 29 10 129 12 13 14 15 991 17 18 19 20 21 22 23 465 [1;32m56400 0.52296281695687[0m
1 2 176 4 5 6 7 8 29 10 129 12 13 14 15 991 17 310 19 20 21 22 23 465 [1;32m58800 0.52341137008377[0m
1 2 176 348 5 6 7 8 29 10 129 12 13 14 15 991 17 310 19 20 21 22 23 465 [1;32m63600 0.60907762274526[0m
362 2 176 348 650 6 11 948 29 10 129 12 13 14 15 664 17 310 19 20 21 324 23 465 [1;32m96000 0.70626120409613[0m
362 2 176 348 650 708 322 948 29 10 129 12 13 14 15 664 30 335 19 20 315 324 23 465 [1;32m114000 0.78699559688485[0m
362 2 527 348 650 407 322 948 29 142 129 20 246 14 15 664 30 335 276 20 315 324 23 465 [1;32m116400 0.79372877698638[0m
362 2 66 348 650 128 322 948 29 142 129 20 246 14 220 664 30 335 276 20 492 324 546 465 [1;32m118800 0.82777824894388[0m
362 730 66 348 650 128 322 948 29 142 129 20 246 14 220 69 30 335 276 20 496 324 546 465 [1;32m198000 0.82786839755003[0m
559 730 66 348 650 128 322 948 29 142 129 20 246 14 220 487 30 335 276 20 496 324 555 465 [1;32m282000 0.86056652861967[0m
253 730 720 348 650 128 322 948 29 142 970 165 246 14 220 487 30 335 276 20 496 324 555 465 [1;32m324000 0.86897013922498[0m
seed 1
253 730 720 348 650 128 322 948 29 142 970 165 246 14 220 487 30 335 276 20 496 324 555 465 
1000 999 
best 0.86897013922498
[0m
