1 2 3 4 5 6 7 8 9 10 11 12 13 14 15 16 17 18 19 20 21 22 23 24  [1;32 1200 0.0033016036955721 [0 
1 2 3 4 5 6 7 8 9 10 11 12 13 14 15 16 17 18 298 20 21 22 23 24  [1;32 9600 0.017269703048485 [0 
1 896 337 4 5 6 7 969 9 10 11 12 13 14 15 16 17 18 298 20 493 22 665 24  [1;32 147600 0.050575195971808 [0 
1 896 337 4 5 6 7 969 9 10 11 12 13 14 15 642 17 141 164 20 493 22 560 24  [1;32 448800 0.28763597400118 [0 
1 896 337 4 5 651 7 969 9 10 11 12 13 14 511 642 17 141 164 20 634 22 560 394  [1;32 460800 0.48348659645196 [0 
1 896 337 4 5 761 770 969 9 10 39 12 13 14 511 642 17 141 164 20 634 872 560 394  [1;32 502800 0.58803634339669 [0 
1 896 337 4 5 761 770 969 9 10 39 12 13 14 511 642 550 619 164 20 398 506 560 394  [1;32 512400 0.63051249866109 [0 
1 896 337 4 5 761 770 969 9 10 39 12 13 14 511 642 550 619 164 20 398 506 560 394  [1;32 513600 0.65310571177794 [0 
1 896 337 4 5 761 770 969 9 10 39 12 13 14 511 642 550 619 164 20 398 506 560 227  [1;32 518400 0.66700494152342 [0 
1 896 337 4 5 761 770 969 9 10 39 12 13 14 511 642 550 619 164 20 398 506 560 227  [1;32 519600 0.69100862194944 [0 
1 896 337 4 5 761 770 969 388 10 673 44 13 14 511 642 550 619 164 20 808 506 560 227  [1;32 529200 0.87180348248126 [0 
1 896 337 4 945 577 770 969 388 10 673 44 13 14 511 642 550 619 164 20 808 506 560 227  [1;32 531600 0.88811288023971 [0 
1 896 337 341 945 577 770 247 927 10 673 44 13 14 511 671 550 619 164 20 808 506 560 227  [1;32 1041600 0.88850193846378 [0 
1 896 408 50 945 577 770 247 927 10 673 44 13 14 511 671 550 619 164 20 787 506 560 965  [1;32 1434000 0.88874714623077 [0 
seed 70
1 896 408 50 945 577 770 247 927 10 673 44 13 14 511 671 550 619 164 20 787 506 560 965 
1000 999 
best 0.88874714623077
 [0 
