1 2 3 4 5 6 7 8 9 10 11 12 13 14 15 16 17 18 19 20 21 22 23 24 [1;32m1200 0.21515575958493[0m
1 2 3 4 5 6 7 8 9 857 11 12 840 14 15 634 17 18 732 20 21 22 23 24 [1;32m271200 0.22554393237756[0m
1 2 3 4 5 6 7 8 9 857 11 12 840 14 15 634 17 18 732 20 21 22 23 24 [1;32m272400 0.22663847737964[0m
1 2 3 4 5 6 7 8 9 857 11 139 840 14 15 634 17 18 732 20 250 22 23 24 [1;32m278400 0.22679186683977[0m
1 2 3 4 5 6 45 473 9 857 11 139 840 14 15 634 17 18 732 20 250 22 511 24 [1;32m294000 0.22702718840606[0m
1 2 3 4 5 6 45 473 9 857 545 139 840 14 15 634 17 18 732 20 250 22 511 24 [1;32m308400 0.47991041569053[0m
1 2 3 4 5 6 45 473 486 857 545 139 840 14 15 634 17 18 732 20 250 22 511 551 [1;32m318000 0.48595931129733[0m
352 2 3 492 100 6 45 473 486 857 545 599 840 14 15 634 17 18 732 20 250 22 511 551 [1;32m381600 0.49162937195161[0m
352 2 3 492 474 6 45 473 486 771 545 599 840 14 15 634 17 18 732 20 250 580 511 551 [1;32m992400 0.87366297579947[0m
seed 55
352 2 3 492 474 6 45 473 486 771 545 599 840 14 15 634 17 18 732 20 250 580 511 551 
1000 999 
best 0.87366297579947
[0m
