1 2 3 4 5 6 7 8 9 10 11 12 13 14 15 16 17 18 19 20 21 22 23 24 [1;32m1200 0.32943646591587[0m
1 2 3 4 5 6 7 8 9 10 11 12 13 14 15 16 17 18 19 20 21 22 23 24 [1;32m2400 0.39061614890795[0m
1 2 3 4 5 6 7 8 9 10 429 12 13 14 15 16 17 18 19 20 21 22 23 24 [1;32m4800 0.40151146004198[0m
1 2 3 4 5 6 7 8 9 10 429 12 13 14 15 16 17 18 19 20 21 22 23 24 [1;32m6000 0.43132770791636[0m
1 2 3 4 5 6 159 8 9 10 429 12 13 14 15 334 17 18 19 20 21 22 23 24 [1;32m13200 0.43279518483443[0m
1 2 3 4 600 6 159 8 9 10 429 116 13 14 15 334 17 18 19 181 21 22 23 24 [1;32m20400 0.44616340598817[0m
1 2 679 4 861 6 159 8 9 10 429 116 13 14 15 334 17 18 19 719 21 22 23 24 [1;32m27600 0.4567726116899[0m
1 2 679 4 861 6 159 8 72 10 429 116 13 990 693 334 17 18 847 719 570 22 23 24 [1;32m33600 0.46218185737805[0m
1 2 679 4 711 6 45 8 72 10 429 116 13 825 693 334 17 18 847 719 570 22 23 24 [1;32m38400 0.47783616594481[0m
1 648 679 4 711 6 45 8 72 10 429 116 13 825 693 334 17 18 193 719 570 22 23 24 [1;32m78000 0.48432694890824[0m
1 648 679 4 711 6 45 8 26 10 429 116 13 825 693 334 17 18 193 719 570 874 23 24 [1;32m80400 0.48698547794332[0m
1 648 679 4 711 6 45 8 26 10 429 116 13 825 693 334 17 818 193 719 570 874 23 24 [1;32m318000 0.50099940452949[0m
1 648 679 4 711 6 45 630 26 10 429 116 13 942 693 334 17 818 193 719 570 874 23 24 [1;32m400800 0.51925255934453[0m
1 648 679 4 711 6 45 630 26 10 429 116 13 942 693 334 17 818 193 719 570 874 23 24 [1;32m402000 0.55649294725251[0m
1 648 679 4 711 6 45 630 26 10 429 116 13 942 693 334 17 818 193 719 570 874 23 588 [1;32m446400 0.57160920974183[0m
1 648 679 4 711 6 45 630 26 10 429 116 13 942 693 334 17 818 193 63 148 874 23 588 [1;32m1065600 0.57441682068995[0m
1 648 679 4 711 6 45 630 26 10 429 116 13 942 693 334 17 111 193 63 80 874 23 588 [1;32m1075200 0.57913746777698[0m
1 648 679 4 600 6 45 630 26 10 429 116 711 942 693 334 17 111 193 63 741 644 23 588 [1;32m1168800 0.57963155328121[0m
1 648 679 803 600 6 45 630 26 10 429 116 711 942 472 334 17 111 193 63 838 644 23 588 [1;32m1286400 0.58523850199331[0m
1 648 679 803 600 6 45 630 495 10 429 116 711 942 472 551 17 111 193 63 838 644 23 588 [1;32m1351200 0.59529346664185[0m
seed 53
1 648 679 803 600 6 45 630 495 10 429 116 711 942 472 551 17 111 193 63 838 644 23 588 
1000 999 
best 0.59529346664185
[0m
