1 2 3 4 5 6 7 8 9 10 11 12 13 14 15 16 17 18 19 20 21 22 23 24  [1;32 1200 0.00082511167866957 [0 
529 2 3 4 5 6 741 8 62 10 11 12 13 968 15 16 17 18 19 20 157 22 23 24  [1;32 10800 0.0089810748802123 [0 
529 2 3 436 5 6 741 8 402 10 11 12 203 968 15 16 661 825 19 610 157 22 23 24  [1;32 13200 0.33349517512818 [0 
529 2 3 436 5 6 741 8 402 10 11 12 203 968 15 16 661 825 19 610 157 22 23 24  [1;32 14400 0.36144786695423 [0 
529 2 3 436 5 6 741 8 402 10 11 12 203 968 15 16 661 825 19 610 157 22 23 24  [1;32 15600 0.63561134053444 [0 
529 2 3 830 5 6 741 8 402 666 11 12 753 968 15 16 661 825 19 538 157 283 23 24  [1;32 230400 0.72272263055501 [0 
529 2 3 830 5 6 741 8 402 666 11 12 753 968 15 16 922 825 716 538 157 749 23 24  [1;32 846000 0.75617173205133 [0 
529 2 3 830 5 6 741 8 530 666 11 12 753 968 15 16 922 825 716 739 157 749 23 793  [1;32 849600 0.7625475865024 [0 
529 471 244 830 5 6 741 863 530 666 11 12 753 968 165 16 922 825 716 739 405 749 23 793  [1;32 1039200 0.84373130855224 [0 
seed 4
529 471 244 830 5 6 741 863 530 666 11 12 753 968 165 16 922 825 716 739 405 749 23 793 
1000 999 
best 0.84373130855224
 [0 
