1 2 3 4 5 6 7 8 9 10 11 12 13 14 15 16 17 18 19 20 21 22 23 24  [1;32 1200 0.085077188815623 [0 
1 2 3 4 5 6 7 8 9 10 11 12 13 14 15 16 17 18 19 20 21 22 23 24  [1;32 2400 0.097117102390189 [0 
1 2 3 4 5 6 7 8 9 10 11 12 13 14 15 16 17 18 19 20 21 22 23 24  [1;32 3600 0.11658197439905 [0 
1 2 3 4 5 6 7 8 9 10 11 12 13 14 15 16 17 18 19 20 21 22 23 24  [1;32 4800 0.16591568768865 [0 
1 2 3 4 5 6 7 8 9 10 11 12 13 14 15 16 17 18 19 20 21 22 23 24  [1;32 6000 0.17073032020875 [0 
373 2 3 4 802 6 7 44 9 10 11 12 13 14 15 116 17 18 19 20 21 22 23 24  [1;32 172800 0.17676045250304 [0 
373 2 3 4 802 6 101 44 9 10 572 12 932 14 15 116 17 18 19 20 21 22 23 24  [1;32 573600 0.20097838154298 [0 
373 2 3 4 802 6 101 44 9 10 572 12 932 14 15 116 17 18 693 20 21 22 23 24  [1;32 596400 0.21529817934472 [0 
373 2 3 4 802 6 101 44 9 10 816 12 932 14 15 116 17 18 509 20 21 22 23 24  [1;32 609600 0.21705837841006 [0 
373 2 3 4 802 6 101 44 9 10 816 12 932 14 15 116 17 18 509 20 630 22 23 24  [1;32 932400 0.22180173210798 [0 
373 2 3 624 802 6 101 262 9 10 816 12 932 14 659 116 17 18 350 20 630 22 23 24  [1;32 1005600 0.22858173541082 [0 
seed 78
373 2 3 624 802 6 101 262 9 10 816 12 932 14 659 116 17 18 350 20 630 22 23 24 
1000 999 
best 0.22858173541082
 [0 
