1 2 3 4 5 6 7 8 9 10 11 12 13 14 15 16 17 18 19 20 21 22 23 24 [1;32m1200 0.00082539931038637[0m
1 2 3 4 5 6 7 8 9 10 11 12 13 809 15 16 17 18 19 20 21 22 23 24 [1;32m22800 0.42626812481535[0m
1 2 207 4 5 6 7 8 9 10 11 432 610 809 15 16 826 18 19 384 21 22 23 24 [1;32m361200 0.4911050214698[0m
1 2 207 4 5 6 7 8 9 10 11 432 610 809 15 16 826 18 19 384 21 22 23 24 [1;32m362400 0.63244774168411[0m
1 2 207 4 5 6 7 8 9 10 11 432 610 809 15 16 826 18 960 384 21 22 23 24 [1;32m373200 0.64911374246476[0m
1 2 207 4 5 6 7 8 9 10 11 432 610 809 15 16 826 18 960 384 21 22 23 24 [1;32m374400 0.64934271209777[0m
268 2 207 411 281 6 7 8 9 10 11 432 610 809 15 16 826 18 960 384 21 341 672 24 [1;32m874800 0.74559664573589[0m
268 2 207 411 281 6 7 8 9 10 11 432 610 809 15 16 826 18 960 384 21 341 672 24 [1;32m876000 0.83057144978588[0m
268 2 207 411 281 6 7 8 9 10 831 432 610 809 257 16 826 18 960 384 21 341 672 24 [1;32m886800 0.85969594443009[0m
268 2 207 411 281 6 7 8 9 10 831 432 610 809 257 16 826 18 960 384 21 341 672 24 [1;32m888000 0.88330852683286[0m
268 2 50 411 281 6 7 8 9 10 831 432 610 809 257 406 826 18 960 384 21 341 672 24 [1;32m1232400 0.88346819335134[0m
seed 38
268 2 50 411 281 6 7 8 9 10 831 432 610 809 257 406 826 18 960 384 21 341 672 24 
1000 999 
best 0.88346819335134
[0m
