1 2 3 4 5 6 7 8 9 10 11 12 13 14 15 16 17 18 19 20 21 22 23 24 [1;32m1200 0.007829032825681[0m
1 2 3 4 5 6 931 715 209 10 11 490 13 14 15 581 17 18 19 20 21 22 23 483 [1;32m20400 0.057774813780722[0m
1 2 3 4 5 6 931 715 209 10 11 490 13 14 15 581 17 18 19 20 21 22 23 483 [1;32m21600 0.066849973145389[0m
1 2 3 4 5 6 931 715 209 10 11 490 13 14 15 581 17 18 19 20 21 22 23 483 [1;32m22800 0.10277408540659[0m
1 2 3 4 5 958 931 715 209 10 595 490 13 546 15 581 934 18 19 20 21 22 166 483 [1;32m28800 0.22135902623166[0m
1 2 3 4 5 958 931 180 209 10 595 490 13 546 15 157 208 310 19 20 21 22 166 670 [1;32m31200 0.36427454434858[0m
1 2 3 4 5 958 931 180 209 10 595 490 13 546 15 157 208 310 19 20 21 22 166 670 [1;32m32400 0.36696054822968[0m
1 2 3 4 5 958 931 318 209 10 595 490 13 546 15 157 377 310 19 20 21 22 166 670 [1;32m34800 0.36833261622824[0m
1 2 3 4 5 958 931 318 209 10 595 490 13 546 15 773 377 310 210 226 21 22 166 670 [1;32m37200 0.36850494116505[0m
1 2 3 4 5 958 931 318 209 10 595 490 13 546 15 773 377 310 210 226 21 22 166 670 [1;32m38400 0.36967140735278[0m
1 541 429 4 5 958 931 413 209 10 164 490 13 546 15 773 377 310 119 226 21 22 166 670 [1;32m67200 0.37344921320901[0m
1 541 429 4 5 958 931 413 209 10 164 490 13 546 15 773 377 310 119 226 21 22 166 670 [1;32m68400 0.37416862134475[0m
1 541 429 4 5 958 931 413 209 10 164 490 13 546 15 773 377 310 119 226 21 22 166 670 [1;32m69600 0.3742237028595[0m
887 541 429 4 5 958 931 413 209 10 164 490 13 546 15 773 377 310 119 226 325 22 166 670 [1;32m75600 0.37438962044467[0m
887 541 429 4 5 958 931 413 209 10 164 490 13 546 15 906 377 310 119 226 554 22 166 670 [1;32m88800 0.37635922071943[0m
887 541 429 4 5 297 97 413 209 10 164 186 13 546 299 906 377 310 119 226 554 22 166 672 [1;32m91200 0.41200373704002[0m
887 541 457 4 5 297 97 413 209 422 25 186 13 546 602 906 377 310 119 226 554 22 166 672 [1;32m138000 0.4599741539668[0m
887 541 457 4 5 297 97 413 209 422 25 186 13 546 602 906 377 310 119 226 554 22 166 672 [1;32m139200 0.48486400265369[0m
887 541 457 4 5 297 97 413 209 422 25 186 13 546 602 906 377 310 119 226 554 22 166 672 [1;32m140400 0.4892500581591[0m
887 541 457 213 5 297 97 413 756 422 25 186 13 546 602 906 377 310 119 226 554 22 231 672 [1;32m142800 0.49041620786299[0m
887 541 457 213 5 297 97 413 481 422 25 574 13 829 602 906 377 310 119 226 554 22 231 672 [1;32m146400 0.49305481428738[0m
887 541 457 213 5 297 97 413 481 422 25 574 13 829 602 906 377 310 119 226 554 22 231 672 [1;32m147600 0.49521609020287[0m
537 541 457 213 5 297 97 413 481 422 25 574 13 306 602 906 453 310 119 226 554 22 976 672 [1;32m150000 0.49622630970423[0m
537 541 457 213 5 297 97 413 481 422 25 574 13 306 602 906 453 310 119 226 554 22 233 672 [1;32m152400 0.49705702442024[0m
274 541 457 213 966 297 97 413 481 85 25 574 13 306 602 906 669 310 119 226 554 671 233 672 [1;32m156000 0.5967442783207[0m
274 541 457 213 966 297 97 413 481 85 25 574 13 306 602 906 669 310 119 226 554 671 233 672 [1;32m157200 0.59926666711656[0m
274 541 457 213 966 297 97 413 481 85 25 574 13 306 602 906 669 310 119 226 554 671 233 672 [1;32m158400 0.60223698470539[0m
274 541 457 213 966 297 97 413 481 85 25 574 847 306 602 906 669 310 119 226 554 671 233 672 [1;32m160800 0.60382446840028[0m
274 541 457 213 966 297 495 413 481 85 25 823 224 821 602 906 669 310 13 226 554 671 233 672 [1;32m163200 0.61830962679027[0m
274 541 457 213 966 297 495 413 481 85 25 823 224 821 602 906 669 310 13 226 554 671 233 672 [1;32m164400 0.63598989198393[0m
274 541 457 213 966 297 495 413 481 85 25 823 224 821 602 906 669 310 13 226 554 671 233 672 [1;32m165600 0.64804974834477[0m
274 541 457 213 966 297 495 413 481 85 25 823 224 821 602 906 669 310 13 226 554 671 233 672 [1;32m166800 0.64888143901501[0m
274 541 457 213 966 297 495 413 481 85 25 823 224 821 602 906 669 310 13 226 554 671 233 672 [1;32m168000 0.65487870619841[0m
274 541 457 213 966 297 495 413 481 85 25 823 224 563 602 906 669 310 13 226 554 671 233 672 [1;32m170400 0.65668540111507[0m
274 541 457 213 582 297 495 413 481 85 25 823 224 563 602 906 669 310 13 226 554 671 72 672 [1;32m199200 0.65684547919259[0m
274 541 457 213 582 297 495 413 481 85 25 823 224 563 602 906 669 310 13 226 554 671 72 672 [1;32m200400 0.66887969890257[0m
274 541 457 213 582 297 495 413 481 85 25 823 224 563 602 906 669 310 13 226 554 671 72 672 [1;32m201600 0.67363508408097[0m
274 541 457 213 582 297 495 413 481 85 25 823 224 563 602 906 33 310 13 226 554 671 72 672 [1;32m378000 0.67374901088804[0m
274 541 457 213 321 297 495 413 481 85 25 823 224 999 559 906 33 310 13 226 554 671 561 672 [1;32m928800 0.75751225326792[0m
274 541 457 213 321 297 495 413 481 85 25 823 224 999 559 906 33 310 13 226 554 671 561 672 [1;32m930000 0.85685871343311[0m
274 594 457 213 321 297 495 413 481 85 25 157 224 594 559 906 33 310 13 226 554 671 561 672 [1;32m967200 0.86144769968434[0m
274 594 457 550 321 297 495 413 481 85 25 157 224 270 497 769 911 310 13 226 554 671 561 672 [1;32m998400 0.87354480964285[0m
274 594 457 550 321 297 495 413 586 85 25 157 224 384 497 769 911 310 13 226 554 671 561 672 [1;32m1033200 0.87437806600483[0m
seed 8
274 594 457 550 321 297 495 413 586 85 25 157 224 384 497 769 911 310 13 226 554 671 561 672 
1000 999 
best 0.87437806600483
[0m
