1 2 3 4 5 6 7 8 9 10 11 12 13 14 15 16 17 18 19 20 21 22 23 24  [1;32 1200 0.34098770325445 [0 
497 2 3 4 5 6 7 8 454 10 11 12 13 14 15 16 17 18 19 20 21 22 23 24  [1;32 6000 0.35339461952886 [0 
497 2 3 4 5 6 7 8 454 10 11 12 13 809 15 16 17 18 19 20 21 22 23 24  [1;32 24000 0.39880053877944 [0 
497 2 3 4 5 6 7 453 421 10 131 12 13 809 15 16 17 18 19 20 21 724 23 24  [1;32 28800 0.42024940237622 [0 
497 2 3 4 5 6 7 453 421 396 131 12 13 809 15 16 17 18 19 936 842 724 23 24  [1;32 38400 0.43018268961381 [0 
497 2 3 4 5 6 7 453 421 396 131 12 13 809 15 16 17 18 19 936 842 724 669 24  [1;32 57600 0.48284068839279 [0 
497 2 3 4 5 6 7 453 421 396 131 12 13 809 15 16 17 18 19 936 842 724 669 24  [1;32 58800 0.49800219245942 [0 
497 2 238 4 5 6 7 453 421 396 131 12 13 809 15 361 17 675 19 936 842 724 669 277  [1;32 62400 0.51641132264711 [0 
497 2 214 4 5 6 718 453 421 396 131 12 13 809 15 361 17 675 19 936 842 724 669 234  [1;32 68400 0.53169515757141 [0 
497 2 214 166 5 6 718 453 421 396 131 12 13 809 15 361 17 675 19 936 842 724 669 234  [1;32 76800 0.5356071736481 [0 
497 2 214 166 5 6 718 100 421 396 131 12 13 809 15 491 17 675 19 936 485 724 669 234  [1;32 94800 0.53618221846014 [0 
497 2 214 166 5 6 718 100 421 396 131 12 13 809 15 491 17 675 19 936 79 724 669 234  [1;32 106800 0.57215575688753 [0 
497 2 214 569 5 6 28 100 421 396 131 12 13 809 15 491 17 675 19 936 79 724 669 234  [1;32 153600 0.59065236207786 [0 
497 2 214 569 5 6 28 100 421 396 131 12 13 809 15 491 17 459 19 936 731 724 669 234  [1;32 828000 0.64210685005688 [0 
497 2 214 569 5 6 28 100 421 396 131 12 13 809 15 491 17 459 19 936 731 724 669 234  [1;32 829200 0.75978425289329 [0 
497 572 214 569 5 6 28 100 421 396 131 12 13 809 15 491 17 459 19 936 731 724 669 234  [1;32 834000 0.79008617535627 [0 
497 572 214 569 5 6 28 100 421 396 131 12 13 809 418 491 17 459 19 936 384 724 669 234  [1;32 943200 0.79408920641067 [0 
497 572 214 569 5 6 28 100 421 357 131 12 13 809 418 491 17 459 19 936 384 724 669 234  [1;32 1126800 0.79595060367566 [0 
497 572 214 569 912 118 28 100 421 357 131 12 13 809 418 491 17 412 19 936 384 724 669 234  [1;32 1141200 0.80006940328189 [0 
497 572 214 569 912 118 28 100 421 357 131 12 211 809 418 491 17 412 701 936 384 724 669 234  [1;32 1201200 0.81267389954669 [0 
295 572 214 569 912 118 28 100 421 357 131 12 211 809 418 491 102 412 701 936 384 724 669 234  [1;32 1294800 0.82103648385463 [0 
seed 38
295 572 214 569 912 118 28 100 421 357 131 12 211 809 418 491 102 412 701 936 384 724 669 234 
1000 999 
best 0.82103648385463
 [0 
