1 2 3 4 5 6 7 8 9 10 11 12 13 14 15 16 17 18 19 20 21 22 23 24  [1;32 1200 0.0016505109890559 [0 
443 2 3 4 5 6 7 8 9 10 144 12 13 408 157 399 17 18 19 20 21 22 23 24  [1;32 4800 0.063572864009269 [0 
443 2 3 4 5 6 7 8 9 10 144 12 13 408 157 399 17 18 19 20 21 22 23 24  [1;32 6000 0.064396964474472 [0 
443 2 3 4 5 6 7 8 9 10 144 12 13 408 157 399 17 18 19 20 21 22 23 24  [1;32 7200 0.064402460238369 [0 
443 2 3 4 5 6 7 8 9 10 144 12 13 408 157 399 17 18 19 20 21 22 23 24  [1;32 8400 0.064403911486835 [0 
443 2 3 4 5 895 7 8 9 955 144 12 13 408 157 399 17 18 19 20 21 22 23 24  [1;32 93600 0.23835167533286 [0 
443 2 3 174 5 895 7 8 9 955 144 551 13 408 157 399 18 18 19 745 21 22 23 960  [1;32 105600 0.44297890396095 [0 
443 2 3 174 5 375 7 7 9 955 144 551 13 408 157 399 18 18 19 745 21 22 23 960  [1;32 237600 0.44579482074032 [0 
443 2 3 174 5 375 7 7 9 955 144 551 319 408 157 399 968 18 19 745 21 22 23 960  [1;32 316800 0.45189847695635 [0 
seed 35
443 2 3 174 5 375 7 7 9 955 144 551 319 408 157 399 968 18 19 745 21 22 23 960 
1000 999 
best 0.45189847695635
 [0 
