1 2 3 4 5 6 7 8 9 10 11 12 13 14 15 16 17 18 19 20 21 22 23 24 [1;32m1200 0.0091933346166852[0m
1 459 3 4 5 6 7 8 9 108 11 12 13 14 15 16 238 18 19 20 21 22 916 24 [1;32m3600 0.25434515694404[0m
1 459 3 4 5 6 7 8 9 108 11 12 13 14 15 16 238 18 19 20 21 22 916 24 [1;32m4800 0.37426962686905[0m
1 459 3 4 5 6 7 8 9 108 11 12 13 14 15 16 238 18 19 20 21 22 916 24 [1;32m6000 0.39408376535601[0m
1 459 3 4 5 6 7 8 9 108 11 12 13 14 15 16 238 18 19 20 311 22 916 24 [1;32m16800 0.39465375812753[0m
1 459 3 4 5 6 7 8 514 108 11 12 13 817 15 16 238 18 19 20 113 22 6 24 [1;32m20400 0.4263132133858[0m
48 459 3 4 5 6 7 8 514 108 29 12 13 817 443 234 238 18 19 20 113 22 6 24 [1;32m46800 0.68923058197872[0m
48 459 3 4 5 6 7 735 514 108 29 12 13 817 443 234 238 18 19 20 113 22 6 24 [1;32m49200 0.71139391320391[0m
48 459 3 4 5 6 7 735 514 108 29 12 13 817 443 234 238 18 19 20 113 22 6 24 [1;32m50400 0.85923280828294[0m
seed 79
48 459 3 4 5 6 7 735 514 108 29 12 13 817 443 234 238 18 19 20 113 22 6 24 
1000 999 
best 0.85923280828294
[0m
