1 2 3 4 5 6 7 8 9 10 11 12 13 14 15 16 17 18 19 20 21 22 23 24  [1;32 1200 0.0024762846241747 [0 
1 2 3 4 5 6 7 8 9 10 11 12 13 14 15 310 17 18 19 20 21 22 172 647  [1;32 3600 0.049430040847073 [0 
1 2 3 4 5 6 7 8 784 10 11 12 13 14 15 310 17 18 232 999 21 22 172 647  [1;32 189600 0.6401087658811 [0 
1 2 3 4 5 6 7 8 784 10 11 12 13 14 15 310 17 18 232 999 21 22 172 647  [1;32 190800 0.73201995736974 [0 
1 2 3 4 5 6 7 8 784 10 11 12 13 14 15 310 17 18 232 999 21 22 172 647  [1;32 192000 0.75100952413694 [0 
1 2 3 4 5 6 329 8 237 10 11 12 13 309 118 310 578 18 232 999 21 375 172 647  [1;32 194400 0.76633075843577 [0 
1 2 3 4 5 6 329 8 237 10 11 12 13 309 999 310 578 18 232 999 21 375 172 647  [1;32 390000 0.78956160689602 [0 
1 2 3 4 5 6 329 8 237 10 11 12 13 309 999 310 992 181 232 999 21 375 172 647  [1;32 392400 0.82130727105234 [0 
1 2 3 4 5 6 329 8 581 10 11 12 13 309 999 310 992 181 232 999 21 68 172 647  [1;32 402000 0.82314437475356 [0 
seed 46
1 2 3 4 5 6 329 8 581 10 11 12 13 309 999 310 992 181 232 999 21 68 172 647 
1000 999 
best 0.82314437475356
 [0 
