1 2 3 4 5 6 7 8 9 10 11 12 13 14 15 16 17 18 19 20 21 22 23 24 [1;32m1200 0.081782622699417[0m
1 2 3 4 5 6 7 8 9 10 11 12 13 14 15 16 17 18 19 20 21 22 23 24 [1;32m2400 0.099780589780467[0m
190 2 3 4 5 6 7 8 9 10 11 12 679 932 15 16 17 18 19 20 21 22 23 24 [1;32m4800 0.1197225195961[0m
190 2 3 4 5 6 7 8 9 10 11 12 679 932 15 16 17 18 19 20 21 22 23 24 [1;32m6000 0.14036850519355[0m
190 2 3 4 5 6 7 8 9 10 11 12 679 932 15 16 17 18 19 20 21 22 23 24 [1;32m7200 0.14284096020029[0m
190 2 463 4 5 6 7 8 9 10 11 12 679 932 15 16 17 30 379 255 21 22 23 24 [1;32m15600 0.16265851284028[0m
190 2 463 4 5 66 554 8 9 804 11 12 679 620 15 16 17 30 379 255 827 22 23 24 [1;32m20400 0.16944983609831[0m
190 2 491 4 5 66 715 8 110 804 677 12 679 620 15 16 201 30 379 255 827 22 23 24 [1;32m25200 0.18443036637388[0m
190 2 229 4 5 66 715 8 302 804 211 12 679 620 15 16 201 30 379 255 827 22 316 24 [1;32m33600 0.23946546099231[0m
190 2 592 4 5 66 715 489 302 804 788 12 679 620 758 16 201 30 379 716 827 22 316 24 [1;32m46800 0.26339954734683[0m
190 667 592 4 5 66 715 489 302 268 788 12 679 620 758 16 201 30 379 716 827 22 316 24 [1;32m110400 0.27081450138675[0m
190 667 592 4 5 66 715 489 302 268 788 12 679 620 758 16 201 30 379 716 827 22 316 24 [1;32m111600 0.27166257742434[0m
190 667 494 394 5 66 715 489 302 268 788 323 679 620 758 16 201 30 379 16 827 880 316 24 [1;32m114000 0.27578298984106[0m
190 667 494 394 5 66 152 489 115 268 788 323 679 620 758 16 201 30 379 16 827 880 316 851 [1;32m232800 0.2833041406437[0m
190 667 494 394 5 66 152 489 115 268 788 323 679 620 758 16 201 30 379 16 827 880 316 851 [1;32m234000 0.3161579509982[0m
190 667 494 394 5 66 152 489 115 268 788 323 679 620 758 16 201 89 379 16 827 880 316 896 [1;32m248400 0.31788779377975[0m
190 667 494 394 670 66 152 489 115 268 788 323 679 620 758 16 201 253 379 16 827 880 316 896 [1;32m289200 0.32531799774725[0m
190 667 369 394 670 66 152 489 115 268 788 323 679 620 758 16 201 253 379 16 827 880 316 896 [1;32m451200 0.33455923275776[0m
190 667 369 394 670 66 152 489 115 268 788 323 679 620 758 16 201 253 379 16 827 880 316 896 [1;32m452400 0.33493715648667[0m
190 260 369 394 670 66 152 489 115 268 788 323 679 620 758 16 201 253 379 16 827 880 316 896 [1;32m456000 0.35523365693474[0m
190 260 369 394 670 66 152 489 168 268 788 323 679 620 758 16 201 253 379 16 827 880 316 896 [1;32m513600 0.36412396583767[0m
190 260 369 39 670 66 152 489 168 268 788 323 679 346 758 364 201 253 379 642 827 880 316 896 [1;32m664800 0.36908180211851[0m
190 260 369 782 670 66 152 489 437 268 788 323 679 346 758 284 201 253 379 642 827 880 316 896 [1;32m814800 0.38890829916577[0m
190 260 369 782 670 66 152 489 437 268 788 282 679 346 758 284 201 253 379 642 827 880 316 896 [1;32m962400 0.40208439040854[0m
190 260 369 782 670 66 152 489 437 268 788 282 679 346 758 284 201 253 379 642 827 880 316 896 [1;32m963600 0.40786054599737[0m
190 260 369 782 670 66 152 489 437 268 702 282 679 346 758 284 201 253 379 642 827 880 316 896 [1;32m974400 0.41865734827397[0m
190 260 369 782 670 66 152 489 437 268 702 282 679 863 758 284 201 253 379 642 827 880 316 404 [1;32m1304400 0.42174697592498[0m
seed 82
190 260 369 782 670 66 152 489 437 268 702 282 679 863 758 284 201 253 379 642 827 880 316 404 
1000 999 
best 0.42174697592498
[0m
