1 2 3 4 5 6 7 8 9 10 11 12 13 14 15 16 17 18 19 20 21 22 23 24  [1;32 1200 0.00082651195983282 [0 
1 2 3 4 851 6 949 8 9 289 11 12 887 14 15 16 17 18 19 20 21 22 23 24  [1;32 16800 0.047597690669078 [0 
1 2 3 4 851 6 949 8 9 289 11 12 887 14 15 16 17 18 19 20 21 22 23 24  [1;32 18000 0.056775832860101 [0 
1 2 3 4 851 6 949 8 9 289 11 12 887 14 15 16 17 18 19 20 21 22 23 24  [1;32 19200 0.081600100604891 [0 
1 2 3 4 851 6 949 8 9 289 11 12 887 14 15 16 17 18 19 20 21 22 23 24  [1;32 20400 0.085380903295881 [0 
1 2 937 4 851 6 949 8 842 289 11 12 887 14 15 16 704 18 19 20 21 22 808 24  [1;32 33600 0.1085414786317 [0 
162 2 937 4 851 912 949 8 842 289 11 12 887 14 15 16 704 365 19 362 21 22 808 24  [1;32 37200 0.14779710798924 [0 
162 2 937 4 851 912 949 8 842 289 11 12 887 14 15 16 704 365 19 362 21 22 808 24  [1;32 38400 0.16431585497907 [0 
162 2 937 4 851 912 949 8 842 289 11 12 887 14 15 16 704 365 19 362 21 22 808 24  [1;32 39600 0.1651423059475 [0 
162 2 937 535 851 912 949 8 842 289 11 12 887 14 15 16 704 866 19 362 21 22 808 24  [1;32 42000 0.17586235559506 [0 
162 220 871 535 851 912 949 966 842 289 11 12 470 14 15 16 704 866 19 362 21 22 808 688  [1;32 44400 0.19403267980233 [0 
162 220 871 535 851 912 949 966 842 289 11 12 470 14 15 16 704 866 19 362 21 22 808 688  [1;32 45600 0.20723281375845 [0 
162 220 871 535 851 912 949 966 842 289 11 12 470 14 15 16 704 866 19 362 21 22 808 688  [1;32 46800 0.2155020975542 [0 
162 220 871 535 851 912 284 966 842 289 11 12 470 14 15 16 704 866 19 362 21 44 808 239  [1;32 97200 0.29106844349499 [0 
162 220 871 535 851 912 284 966 842 289 11 12 470 14 15 16 704 117 135 362 21 44 808 239  [1;32 163200 0.35834507858078 [0 
162 220 871 535 851 912 284 966 842 289 11 12 470 14 15 16 704 117 135 362 21 44 808 239  [1;32 164400 0.36001671480182 [0 
162 220 871 535 851 912 284 966 842 289 11 496 470 14 15 16 704 117 135 362 871 44 808 239  [1;32 246000 0.37567024754007 [0 
162 220 871 535 851 912 284 966 842 289 11 496 470 14 15 16 704 117 135 362 871 44 808 239  [1;32 247200 0.38887636397313 [0 
162 657 871 535 851 912 284 966 842 289 11 496 40 14 15 16 704 117 135 362 871 44 808 239  [1;32 260400 0.44749392854029 [0 
162 657 871 535 851 912 284 966 842 289 11 496 40 14 15 16 704 117 135 362 871 44 808 239  [1;32 261600 0.45081527689784 [0 
162 657 787 535 851 912 284 371 842 289 11 496 40 14 15 16 704 246 135 362 871 320 808 239  [1;32 288000 0.49291666958722 [0 
162 657 787 535 851 912 284 371 842 289 11 496 40 14 15 16 704 246 135 362 871 320 808 239  [1;32 289200 0.49536736755358 [0 
162 657 787 535 851 912 284 371 842 289 11 496 40 14 15 16 704 246 135 362 871 320 808 239  [1;32 290400 0.49539811109969 [0 
162 657 787 535 851 912 284 371 842 289 11 496 40 14 15 16 704 246 135 362 871 320 808 239  [1;32 291600 0.4954107282864 [0 
162 657 787 335 851 781 957 484 842 289 11 496 40 14 15 16 704 246 135 362 871 320 808 239  [1;32 727200 0.49541531137383 [0 
seed 90
162 657 787 335 851 781 957 484 842 289 11 496 40 14 15 16 704 246 135 362 871 320 808 239 
1000 999 
best 0.49541531137383
 [0 
