1 2 137 4 5 6 7 669 9 953 298 12 13 17 15 16 17 18 19 20 21 765 23 24 [1;32m722400 0.026812048250478[0m
1 2 137 4 590 6 7 669 9 127 298 146 13 792 15 16 581 18 19 20 21 765 971 24 [1;32m729600 0.034606826806323[0m
1 2 137 4 737 6 7 669 9 127 763 146 13 792 15 16 542 18 976 20 21 765 971 260 [1;32m736800 0.23681211807489[0m
1 2 137 4 737 6 7 669 9 127 763 610 13 792 164 16 542 18 976 20 21 765 971 260 [1;32m775200 0.43313440020938[0m
1 2 137 4 737 6 7 669 9 127 763 610 13 792 164 16 542 18 976 20 21 765 971 260 [1;32m776400 0.44000543954273[0m
1 2 137 4 737 6 7 669 9 612 763 610 13 792 164 16 87 18 976 20 21 765 359 260 [1;32m784800 0.44328489909603[0m
702 2 137 4 737 6 7 669 9 612 763 610 13 792 164 16 87 343 976 20 21 765 359 260 [1;32m788400 0.444994939586[0m
702 2 137 4 737 6 300 669 9 612 763 610 13 762 164 16 87 343 976 20 21 765 359 260 [1;32m790800 0.44549096846894[0m
702 2 137 705 737 6 300 331 9 612 546 610 13 762 208 16 87 343 976 20 164 765 359 260 [1;32m810000 0.44907338561397[0m
702 2 137 705 541 6 300 331 9 612 546 610 13 762 208 16 87 343 976 20 164 765 359 260 [1;32m814800 0.48095826328584[0m
702 2 339 705 541 6 300 331 9 612 546 610 13 762 208 16 764 343 976 20 164 765 359 260 [1;32m818400 0.5113648357132[0m
702 2 339 705 541 6 300 331 517 612 327 610 13 762 208 313 764 343 976 20 164 765 359 260 [1;32m932400 0.52912397263546[0m
629 2 339 347 541 6 300 331 517 612 327 610 754 762 208 313 764 343 976 20 164 765 359 260 [1;32m1003200 0.52922465879352[0m
629 2 339 347 541 6 300 331 517 440 327 610 754 762 208 623 764 343 976 20 164 765 359 260 [1;32m1131600 0.67266638050681[0m
seed 32
629 2 339 347 541 6 300 331 517 440 327 610 754 762 208 623 764 343 976 20 164 765 359 260 
1000 999 
best 0.67266638050681
[0m
