1 2 3 4 5 6 7 8 9 10 11 12 13 14 15 16 17 18 19 20 21 22 23 24 [1;32m1200 0.6318666420303[0m
1 2 3 4 5 6 7 8 9 10 11 12 13 14 15 16 17 18 19 20 21 22 23 24 [1;32m2400 0.64122669536688[0m
1 2 3 4 5 6 7 8 9 10 11 12 13 14 15 16 17 18 19 20 21 22 23 24 [1;32m3600 0.65893051785225[0m
718 2 3 729 5 637 905 8 9 10 11 12 13 661 15 16 17 18 19 20 21 22 23 24 [1;32m10800 0.81580667041877[0m
718 2 973 707 5 637 905 8 9 10 46 12 13 661 15 16 17 23 19 20 21 22 23 24 [1;32m33600 0.84443710247375[0m
718 938 973 707 5 637 905 8 9 10 711 12 13 661 15 16 17 23 19 677 21 22 526 612 [1;32m224400 0.85286586943455[0m
718 938 973 707 5 637 905 8 9 10 711 12 13 661 15 16 17 23 19 677 21 22 526 612 [1;32m225600 0.86090591319176[0m
718 938 973 707 5 400 905 8 9 10 711 12 13 661 15 16 17 23 19 677 21 22 526 612 [1;32m715200 0.86307556938586[0m
718 938 973 707 5 400 905 8 9 10 650 12 13 661 15 959 934 23 110 677 21 22 956 247 [1;32m717600 0.86354816075378[0m
718 938 973 707 5 400 905 444 9 10 650 12 13 13 15 959 934 23 110 677 21 22 956 247 [1;32m922800 0.86465921893257[0m
718 938 973 707 5 400 905 444 9 10 650 12 13 13 15 959 518 23 110 677 21 22 956 247 [1;32m1263600 0.86639904779773[0m
seed 80
718 938 973 707 5 400 905 444 9 10 650 12 13 13 15 959 518 23 110 677 21 22 956 247 
1000 999 
best 0.86639904779773
[0m
