1 2 3 4 5 6 7 8 9 10 11 12 13 14 15 16 17 18 19 20 21 22 23 24  [1;32 1200 0.10653771379307 [0 
1 2 3 919 5 6 858 8 9 10 700 12 13 14 15 16 17 18 577 20 21 239 23 24  [1;32 7200 0.10835211489423 [0 
1 2 3 919 5 6 858 8 9 10 700 12 13 14 15 16 17 18 577 20 21 239 23 24  [1;32 8400 0.11305257574312 [0 
1 2 3 482 5 6 858 8 9 10 700 149 13 14 15 16 580 407 577 20 865 239 23 24  [1;32 12000 0.11422282446888 [0 
1 2 3 482 5 6 858 8 9 10 700 149 13 14 15 16 580 407 577 20 865 239 23 24  [1;32 13200 0.11511345186988 [0 
1 2 3 482 5 6 858 8 9 10 700 149 13 14 15 16 580 407 577 20 865 239 23 24  [1;32 14400 0.11643036745951 [0 
1 2 3 704 5 825 858 8 9 10 700 985 13 243 15 16 580 407 577 20 865 239 23 24  [1;32 26400 0.12055160421935 [0 
1 2 297 704 5 532 858 8 9 10 700 985 713 243 15 16 580 303 577 20 865 239 23 24  [1;32 28800 0.12549808774195 [0 
1 2 297 704 5 532 858 8 9 10 700 985 713 243 15 16 580 303 577 20 865 239 23 24  [1;32 30000 0.13253510024559 [0 
1 2 297 704 5 532 858 469 9 10 700 985 713 326 968 16 580 303 436 999 865 637 23 24  [1;32 32400 0.17008042040333 [0 
1 2 297 704 5 532 858 469 9 10 700 985 713 326 968 16 580 303 436 999 865 637 23 24  [1;32 33600 0.1766954719939 [0 
1 2 297 704 5 532 858 469 9 10 700 985 713 326 968 16 580 303 436 999 865 637 23 24  [1;32 34800 0.18218420462763 [0 
971 2 297 704 5 532 858 469 9 10 700 985 713 326 554 16 580 303 436 999 865 637 23 24  [1;32 177600 0.18246311735192 [0 
971 2 297 704 5 532 858 469 9 10 700 985 713 326 554 16 580 303 436 999 865 637 23 989  [1;32 192000 0.18329814495932 [0 
971 2 297 704 5 532 858 469 9 10 700 985 713 708 554 16 580 303 436 999 865 637 23 989  [1;32 232800 0.18413883803266 [0 
971 499 588 704 5 532 858 760 9 469 700 985 713 708 554 16 580 303 436 999 865 637 23 989  [1;32 236400 0.18950949374408 [0 
971 499 616 704 5 532 858 760 9 469 700 985 713 932 554 16 580 303 436 999 865 637 162 989  [1;32 242400 0.22209783147084 [0 
971 886 616 704 5 532 858 760 700 469 700 985 713 932 554 16 580 303 436 999 865 637 162 989  [1;32 244800 0.23449873190986 [0 
971 886 616 704 797 532 858 760 700 469 700 985 713 932 554 16 580 303 947 135 865 637 162 599  [1;32 285600 0.24686970225617 [0 
421 886 616 704 797 532 858 760 700 469 807 985 812 932 104 16 319 303 947 135 865 637 162 599  [1;32 288000 0.26854867843495 [0 
421 886 616 704 83 532 858 760 700 469 807 985 812 932 104 16 319 303 947 135 865 637 162 599  [1;32 297600 0.284450802864 [0 
421 886 616 704 83 532 368 760 928 21 807 985 654 932 104 16 319 303 947 135 423 637 162 599  [1;32 303600 0.31459009702093 [0 
421 48 325 704 83 532 368 760 928 21 807 985 737 932 104 16 319 303 947 135 423 637 162 599  [1;32 310800 0.37002633931981 [0 
421 48 325 704 83 532 368 760 928 21 807 985 737 932 104 16 319 303 947 135 423 637 162 599  [1;32 312000 0.3824909449258 [0 
421 48 325 704 83 532 368 760 928 808 807 985 737 932 104 16 319 303 947 170 423 637 162 599  [1;32 339600 0.40540211904448 [0 
421 48 325 704 83 532 368 760 928 808 807 985 737 619 104 16 319 303 947 170 423 637 162 599  [1;32 373200 0.41612483210563 [0 
421 48 325 704 83 532 368 760 928 808 807 985 829 619 104 16 319 303 947 170 423 637 162 599  [1;32 396000 0.41863042591011 [0 
421 48 102 704 83 532 122 760 928 808 915 985 829 619 104 16 319 303 947 48 374 82 162 599  [1;32 448800 0.41912605384145 [0 
421 48 102 704 83 532 122 760 928 808 915 985 829 619 104 16 319 303 947 48 374 82 162 599  [1;32 450000 0.41978317019703 [0 
421 48 102 704 83 532 122 760 928 808 915 985 829 619 104 16 319 303 947 48 374 82 162 599  [1;32 451200 0.46888414376382 [0 
421 48 102 704 899 532 122 874 928 967 484 985 96 619 104 16 319 303 947 48 374 82 162 629  [1;32 561600 0.49753705278229 [0 
421 48 102 704 899 532 122 874 928 967 484 716 96 619 104 16 319 303 947 48 374 82 162 629  [1;32 614400 0.5051622016335 [0 
421 48 102 704 899 532 122 874 928 967 484 716 96 645 104 16 319 303 947 48 374 82 162 629  [1;32 658800 0.51187582515713 [0 
421 48 102 704 899 532 122 874 928 967 484 716 96 482 104 16 319 144 947 48 374 82 162 629  [1;32 1011600 0.51658682635037 [0 
seed 10
421 48 102 704 899 532 122 874 928 967 484 716 96 482 104 16 319 144 947 48 374 82 162 629 
1000 999 
best 0.51658682635037
 [0 
