1 2 3 4 5 6 7 8 9 10 11 12 13 14 15 16 17 18 19 20 21 22 23 24 [1;32m1200 0.059139803866069[0m
1 2 3 4 5 6 7 8 9 10 11 12 13 14 15 16 17 18 19 20 21 22 23 24 [1;32m2400 0.061617976656378[0m
1 7 3 4 5 6 7 8 9 10 11 12 200 14 15 516 17 18 19 20 21 22 23 411 [1;32m20400 0.061913774471774[0m
1 7 3 4 90 6 7 8 9 10 11 32 200 132 900 516 17 18 19 20 21 22 23 411 [1;32m22800 0.063584303180425[0m
1 7 3 4 90 6 7 8 9 10 11 32 200 132 900 516 17 18 19 20 21 22 23 411 [1;32m24000 0.076794580775927[0m
1 7 643 777 90 899 7 8 792 10 11 32 371 132 900 516 17 18 19 20 21 22 23 411 [1;32m31200 0.11476667195813[0m
1 7 643 777 90 899 7 8 792 10 11 32 371 132 900 516 17 18 19 20 21 22 23 411 [1;32m32400 0.12136025926576[0m
1 7 643 777 90 899 7 8 792 10 11 32 371 132 900 516 17 670 19 20 21 22 538 411 [1;32m38400 0.12632182672609[0m
1 7 643 777 90 899 7 874 792 10 11 67 371 132 123 516 17 670 537 20 21 22 538 411 [1;32m61200 0.12632663135112[0m
1 7 643 777 90 899 7 874 792 10 11 67 371 132 123 516 17 670 537 20 21 22 538 411 [1;32m62400 0.12716084947792[0m
1 7 643 777 395 899 7 874 875 72 11 67 371 132 723 516 17 670 537 731 21 22 538 411 [1;32m74400 0.12728527097692[0m
1 7 643 914 395 899 7 339 875 72 11 67 371 132 725 516 17 670 665 731 21 22 61 411 [1;32m139200 0.1492049254392[0m
1 7 643 914 395 143 7 339 875 72 11 67 371 132 725 907 17 670 81 731 21 22 61 621 [1;32m152400 0.15015887983347[0m
1 7 643 914 395 143 7 339 875 72 11 67 371 132 725 907 17 670 81 731 21 22 61 621 [1;32m153600 0.15437930355814[0m
1 7 643 914 395 143 7 339 875 72 11 67 371 132 725 907 17 670 81 731 21 937 61 621 [1;32m156000 0.18320388576116[0m
1 683 643 914 395 143 7 339 875 395 11 67 371 132 725 907 140 921 81 731 21 937 61 621 [1;32m171600 0.19193200696171[0m
1 683 643 914 395 143 7 339 875 395 11 67 371 132 725 907 140 921 81 731 21 937 61 621 [1;32m172800 0.19814979090579[0m
1 683 363 914 395 143 7 339 875 395 11 67 371 340 725 907 908 944 81 731 21 937 61 621 [1;32m186000 0.20725489120978[0m
1 683 363 914 395 143 7 339 875 395 11 67 371 340 725 907 908 944 81 731 21 937 61 621 [1;32m187200 0.21821934276365[0m
1 683 363 914 395 657 7 339 875 395 11 67 371 340 725 907 908 944 81 731 961 937 61 621 [1;32m206400 0.24687947976966[0m
210 946 363 914 395 144 7 339 875 832 11 814 371 340 725 907 908 944 81 731 961 937 64 621 [1;32m301200 0.26984227929924[0m
210 946 363 914 395 144 7 339 875 832 11 814 371 340 725 907 908 944 81 731 961 937 64 621 [1;32m302400 0.27628556567793[0m
210 946 363 914 395 144 7 339 875 367 11 814 371 340 725 907 908 944 81 731 961 937 64 621 [1;32m304800 0.31997834189848[0m
210 946 363 914 395 144 7 339 114 367 11 814 371 979 725 907 908 944 81 731 961 937 64 621 [1;32m519600 0.34428356263818[0m
210 946 363 914 395 352 7 339 114 367 11 814 371 979 725 907 908 944 81 731 961 937 64 621 [1;32m610800 0.34598073678787[0m
210 946 363 914 395 352 7 339 114 367 11 814 371 979 725 907 908 944 81 731 961 937 64 621 [1;32m612000 0.3529522425907[0m
210 946 586 914 395 352 7 691 310 367 11 814 371 979 725 907 908 944 81 731 374 937 64 621 [1;32m636000 0.43287743943189[0m
210 946 586 914 395 352 7 691 310 367 11 814 371 979 725 907 500 944 81 731 374 937 64 621 [1;32m675600 0.4477417809404[0m
210 946 586 914 395 352 7 691 310 367 11 814 371 979 725 921 500 359 81 731 374 937 274 621 [1;32m723600 0.4491121990875[0m
210 946 586 914 395 352 7 691 417 367 11 814 371 979 725 921 250 637 81 731 374 937 274 621 [1;32m736800 0.46455963659273[0m
863 946 586 914 395 352 7 691 417 367 11 814 371 979 725 921 250 637 81 731 374 937 274 621 [1;32m789600 0.50419694272[0m
863 946 586 914 395 352 7 691 417 367 11 814 371 979 725 921 250 637 81 731 374 18 274 621 [1;32m823200 0.50819008217931[0m
863 946 586 914 884 352 7 691 417 388 11 814 371 979 725 921 250 637 81 731 374 927 274 621 [1;32m866400 0.51565120092689[0m
863 946 586 914 884 352 7 691 417 388 11 814 371 979 725 921 327 637 81 731 374 386 274 621 [1;32m966000 0.5289139084345[0m
863 946 586 681 884 352 656 691 417 890 11 814 187 979 725 921 327 637 405 731 374 759 274 621 [1;32m1348800 0.54370865107811[0m
863 946 586 681 884 352 656 691 417 890 11 814 187 979 725 921 834 637 405 731 374 759 274 621 [1;32m1358400 0.56222847376107[0m
728 946 586 681 884 352 656 691 417 890 11 60 187 979 725 921 834 637 405 731 374 506 274 621 [1;32m1368000 0.70181973565801[0m
728 946 586 681 884 352 656 691 417 890 11 60 187 979 725 921 834 637 405 731 374 506 274 621 [1;32m1369200 0.72740924642732[0m
seed 54
728 946 586 681 884 352 656 691 417 890 11 60 187 979 725 921 834 637 405 731 374 506 274 621 
1000 999 
best 0.72740924642732
[0m
