1 2 3 4 5 6 7 8 9 10 11 12 13 14 15 16 17 18 19 20 21 22 23 24  [1;32 1200 0.012332715926502 [0 
421 405 3 4 455 810 7 8 9 10 11 12 492 14 15 16 17 18 19 20 411 22 23 24  [1;32 12000 0.028817306622866 [0 
421 405 3 4 455 810 7 8 9 10 11 12 492 14 15 16 17 18 19 20 411 780 23 24  [1;32 14400 0.033464706791341 [0 
421 211 3 4 455 810 7 8 9 10 11 12 492 14 15 419 17 18 19 20 411 780 23 24  [1;32 16800 0.044685051834067 [0 
421 211 3 4 455 810 7 8 9 10 11 12 492 14 15 419 17 18 19 20 411 780 23 24  [1;32 18000 0.047298416699638 [0 
421 211 3 4 455 271 7 8 9 10 11 12 492 14 15 419 17 18 19 546 411 780 23 24  [1;32 20400 0.064458045321327 [0 
421 135 3 4 455 271 7 8 9 10 234 12 492 410 15 419 17 18 19 546 411 665 297 24  [1;32 30000 0.20063756559228 [0 
421 135 3 4 455 271 7 8 9 10 234 12 492 410 15 147 956 18 635 208 411 665 297 24  [1;32 84000 0.54130430680292 [0 
421 705 3 4 455 271 7 8 9 10 234 12 270 410 142 147 956 259 635 208 411 403 297 949  [1;32 86400 0.61751113435224 [0 
421 705 3 4 455 271 7 8 9 10 234 12 270 410 142 502 956 259 635 208 411 182 297 949  [1;32 210000 0.62181153523658 [0 
421 705 3 4 455 271 7 8 9 10 234 12 891 410 142 502 956 259 635 359 411 933 297 949  [1;32 512400 0.62994093876709 [0 
421 839 3 262 455 271 7 8 9 10 234 12 891 410 142 502 956 259 635 359 411 933 297 949  [1;32 534000 0.67948021815147 [0 
seed 45
421 839 3 262 455 271 7 8 9 10 234 12 891 410 142 502 956 259 635 359 411 933 297 949 
1000 999 
best 0.67948021815147
 [0 
