1 2 3 4 5 6 7 8 9 10 11 12 13 14 15 16 17 18 19 20 21 22 23 24  [1;32 1200 0.48879627817551 [0 
1 2 3 4 5 6 7 8 9 10 11 12 13 14 15 16 17 18 19 20 21 22 23 24  [1;32 2400 0.49538906399864 [0 
1 2 3 4 5 6 7 8 9 10 11 12 13 14 15 16 17 18 19 20 21 22 23 24  [1;32 3600 0.49540091064863 [0 
1 2 3 4 5 6 7 8 9 10 11 12 13 14 15 16 17 18 19 20 21 22 23 24  [1;32 4800 0.49540371886048 [0 
1 88 3 4 5 6 7 8 9 10 315 12 13 14 15 16 17 18 19 20 21 22 23 24  [1;32 9600 0.49543806108758 [0 
1 88 3 4 5 6 7 8 9 10 315 12 13 14 15 16 17 18 163 341 21 548 958 24  [1;32 300000 0.49544052421059 [0 
seed 65
1 88 3 4 5 6 7 8 9 10 315 12 13 14 15 16 17 18 163 341 21 548 958 24 
1000 999 
best 0.49544052421059
 [0 
