1 2 3 4 973 817 7 8 9 10 350 12 13 14 15 16 17 944 19 20 21 288 23 24 [1;32m249600 0.0089918200137264[0m
1 2 735 4 973 817 7 28 9 10 350 12 13 14 324 752 17 944 19 20 852 288 23 24 [1;32m477600 0.0093926057787557[0m
1 368 735 4 973 334 7 28 9 10 326 12 13 14 324 752 17 944 245 20 32 288 23 24 [1;32m686400 0.011858224898796[0m
1 368 735 4 234 334 7 28 9 10 326 12 13 14 324 752 17 944 245 20 32 288 23 24 [1;32m693600 0.023523072462701[0m
1 368 735 4 234 334 7 28 9 10 326 12 13 14 324 752 17 944 245 20 32 697 23 24 [1;32m750000 0.023854488176144[0m
1 368 735 681 234 334 7 28 747 10 326 12 13 14 324 338 17 944 245 20 661 6 23 24 [1;32m774000 0.092411218565847[0m
1 368 735 681 234 334 7 28 747 689 326 12 13 14 324 338 17 944 245 20 661 6 23 24 [1;32m778800 0.094673256176018[0m
1 368 735 681 234 334 7 28 747 689 326 12 13 14 324 338 403 944 245 20 661 6 23 24 [1;32m841200 0.10609099438234[0m
1 368 735 681 120 334 7 28 747 689 326 12 13 14 324 338 365 394 245 407 661 6 338 24 [1;32m1113600 0.11320769684735[0m
1 368 735 681 120 334 7 28 979 49 326 12 13 14 324 338 365 394 245 407 661 6 338 24 [1;32m1146000 0.11470635974859[0m
1 368 735 681 120 313 7 28 979 49 326 12 13 14 324 891 991 394 245 407 661 6 338 24 [1;32m1279200 0.56315737816996[0m
1 368 735 681 120 313 7 28 979 49 326 12 13 14 324 891 991 394 245 407 661 6 338 24 [1;32m1280400 0.60959547025284[0m
1 368 735 681 120 313 7 28 979 49 326 12 13 14 324 891 991 394 245 407 661 6 338 24 [1;32m1281600 0.61875479010747[0m
seed 87
1 368 735 681 120 313 7 28 979 49 326 12 13 14 324 891 991 394 245 407 661 6 338 24 
1000 999 
best 0.61875479010747
[0m
