1 2 3 4 5 6 7 8 9 10 11 12 13 14 15 16 17 18 19 20 21 22 23 24  [1;32 1200 0.11103242894764 [0 
1 2 3 4 5 6 7 8 9 10 11 12 13 14 15 16 17 18 19 20 21 22 23 24  [1;32 2400 0.17354189027122 [0 
957 2 486 4 5 6 451 8 9 10 11 12 13 161 15 16 17 18 19 20 832 22 23 24  [1;32 4800 0.18912873240159 [0 
957 2 486 801 5 6 685 8 9 10 11 12 13 161 322 16 459 18 19 20 832 22 425 24  [1;32 10800 0.24535110038099 [0 
957 2 486 801 5 6 685 8 9 10 11 12 13 161 322 16 459 18 19 20 832 22 425 24  [1;32 12000 0.30044357879778 [0 
957 2 486 801 5 6 685 8 9 10 11 12 13 161 322 16 459 18 19 20 832 22 425 24  [1;32 13200 0.32036775598983 [0 
957 2 486 801 5 6 685 8 9 10 11 12 13 161 322 16 459 18 19 482 832 22 425 24  [1;32 18000 0.3360706649174 [0 
957 2 486 801 5 546 685 8 9 10 214 208 653 557 322 16 459 18 19 482 832 22 425 24  [1;32 44400 0.33856133042107 [0 
957 2 486 801 5 546 458 8 9 10 967 208 653 557 322 16 459 18 19 482 832 22 425 24  [1;32 121200 0.35178371043343 [0 
957 2 486 801 982 546 458 8 44 10 796 208 653 557 322 16 459 18 19 482 832 22 425 24  [1;32 159600 0.44847256481662 [0 
957 2 486 801 982 546 458 8 44 10 796 208 653 557 322 16 459 18 19 691 832 22 425 24  [1;32 169200 0.45668532364235 [0 
957 2 713 801 982 546 458 8 44 532 796 208 653 557 322 278 380 18 19 691 832 22 425 24  [1;32 174000 0.46896194001201 [0 
957 2 713 427 68 546 441 8 44 532 56 208 653 557 322 278 264 18 19 691 832 242 425 24  [1;32 195600 0.48053307579472 [0 
187 2 713 427 68 546 441 8 44 532 56 208 272 557 322 278 264 18 19 613 832 242 425 24  [1;32 211200 0.48357662442103 [0 
187 2 713 427 68 546 441 8 44 532 56 208 272 557 322 278 264 18 19 613 832 242 425 24  [1;32 212400 0.48784113629597 [0 
187 2 713 427 68 546 441 344 44 532 56 208 272 557 975 278 264 18 19 613 832 242 425 871  [1;32 218400 0.50519785760381 [0 
187 2 713 427 68 546 441 344 44 532 56 208 272 557 975 278 264 18 19 613 832 242 425 871  [1;32 219600 0.51687901349642 [0 
187 2 713 427 625 468 441 344 44 532 56 208 272 557 975 278 264 18 19 613 832 242 425 871  [1;32 223200 0.51893641928444 [0 
187 2 713 984 277 13 441 344 44 532 56 208 272 557 975 278 264 18 19 848 832 839 425 459  [1;32 236400 0.52812664257571 [0 
187 2 713 984 277 13 441 344 44 532 56 208 272 557 975 278 351 931 19 848 783 839 425 459  [1;32 240000 0.54329507276443 [0 
187 2 713 984 277 13 441 344 44 532 56 208 272 557 975 278 351 931 19 848 783 839 425 459  [1;32 241200 0.56513090185866 [0 
187 814 713 984 277 13 441 344 44 532 193 208 805 711 975 278 351 931 19 22 783 734 425 459  [1;32 334800 0.60681639934126 [0 
187 814 713 984 277 13 441 344 44 713 193 557 805 711 975 278 351 931 19 22 245 734 425 459  [1;32 823200 0.60831899037749 [0 
187 183 713 984 277 13 441 165 44 713 193 456 805 711 975 278 351 931 19 22 245 734 425 634  [1;32 957600 0.61833825556389 [0 
seed 26
187 183 713 984 277 13 441 165 44 713 193 456 805 711 975 278 351 931 19 22 245 734 425 634 
1000 999 
best 0.61833825556389
 [0 
