1 2 3 4 5 6 7 8 9 10 11 12 13 14 15 16 17 18 19 20 21 22 23 24 [1;32m1200 0.075169784657833[0m
1 2 3 4 5 6 7 8 9 10 11 12 13 14 15 16 17 18 19 20 21 22 23 24 [1;32m2400 0.34054715895566[0m
1 2 3 4 5 6 276 4 9 10 11 12 217 14 15 16 17 18 19 20 21 22 23 145 [1;32m12000 0.34883089781261[0m
1 2 3 4 5 6 276 4 9 10 11 12 217 14 15 16 17 18 19 20 21 22 23 145 [1;32m13200 0.4628867128907[0m
339 83 3 4 5 6 276 4 9 521 11 12 217 14 15 104 17 331 19 20 21 22 79 145 [1;32m273600 0.49055007208387[0m
339 83 3 4 5 6 276 4 9 521 11 12 217 14 15 104 17 331 19 20 21 22 79 145 [1;32m274800 0.50425824326099[0m
339 83 3 4 5 6 276 4 9 521 895 864 217 14 978 104 17 331 19 20 21 22 79 145 [1;32m308400 0.53929193034929[0m
339 83 3 4 5 347 276 4 933 521 895 864 217 14 978 220 666 331 19 20 21 140 79 145 [1;32m338400 0.54714867092746[0m
339 83 3 4 5 347 276 4 933 521 895 579 217 14 978 220 666 331 19 20 21 140 79 145 [1;32m379200 0.55193014241594[0m
339 83 3 4 5 347 94 4 933 521 895 579 217 14 199 220 666 331 19 20 21 140 79 145 [1;32m670800 0.56120762190413[0m
seed 87
339 83 3 4 5 347 94 4 933 521 895 579 217 14 199 220 666 331 19 20 21 140 79 145 
1000 999 
best 0.56120762190413
[0m
