1 2 3 4 5 6 7 8 9 10 11 12 13 14 15 16 17 18 19 20 21 22 23 24  [1;32 1200 0.52629014094884 [0 
1 2 3 4 5 6 7 8 9 10 11 12 13 14 15 16 17 608 19 20 784 22 23 24  [1;32 153600 0.55294429900373 [0 
1 2 3 4 5 6 7 8 9 10 11 12 426 14 445 16 17 608 19 20 784 22 23 24  [1;32 156000 0.56137336185036 [0 
1 2 3 4 584 6 7 8 9 10 11 12 426 14 445 16 17 608 19 20 784 22 23 24  [1;32 158400 0.57498642842569 [0 
1 2 3 4 982 6 7 8 9 10 11 12 426 14 445 16 17 608 19 20 784 22 23 796  [1;32 164400 0.66225953518611 [0 
1 2 3 602 696 6 7 8 642 10 11 12 426 14 445 960 629 608 19 20 784 294 23 796  [1;32 204000 0.73762690160431 [0 
1 2 3 602 283 6 7 8 642 10 11 12 426 14 445 960 629 608 19 20 784 446 23 796  [1;32 217200 0.79484217769836 [0 
1 386 165 602 283 6 7 8 816 10 11 12 426 860 445 960 629 608 19 20 784 446 936 796  [1;32 225600 0.83836302954241 [0 
139 386 165 602 283 6 7 8 816 10 466 438 426 860 987 960 629 608 19 180 784 446 936 796  [1;32 240000 0.8460242308169 [0 
921 276 165 602 283 6 7 8 816 10 466 438 426 742 987 960 855 608 601 180 75 446 936 796  [1;32 267600 0.86397500716219 [0 
921 276 165 602 283 6 7 8 816 10 466 438 426 742 987 960 855 608 601 530 75 446 936 796  [1;32 292800 0.8701356070351 [0 
921 276 165 602 283 6 7 446 816 10 466 438 426 742 987 960 855 608 601 530 75 446 936 318  [1;32 298800 0.87505186126946 [0 
921 276 848 602 283 455 845 446 816 10 466 438 426 742 987 960 855 608 565 299 75 446 936 318  [1;32 940800 0.87802654780539 [0 
921 276 848 602 283 455 845 446 816 10 466 438 129 545 987 960 855 608 565 299 380 446 642 318  [1;32 1047600 0.88049894396357 [0 
seed 50
921 276 848 602 283 455 845 446 816 10 466 438 129 545 987 960 855 608 565 299 380 446 642 318 
1000 999 
best 0.88049894396357
 [0 
