1 2 3 4 5 6 7 8 9 10 11 12 13 14 15 16 17 18 19 20 21 22 23 24  [1;32 1200 0.00082539931038637 [0 
1 2 624 4 5 6 7 8 9 10 11 12 13 14 405 16 17 18 19 20 21 22 23 244  [1;32 805200 0.02716157899757 [0 
1 673 624 4 5 6 7 8 9 10 11 12 13 517 405 16 17 18 19 431 21 621 730 244  [1;32 807600 0.38904381358017 [0 
1 673 624 4 5 6 7 8 9 10 11 12 13 566 405 16 17 18 19 431 21 410 730 244  [1;32 847200 0.43373094955024 [0 
619 673 624 36 5 6 7 8 591 10 11 12 13 566 405 16 17 18 19 431 21 410 730 244  [1;32 1348800 0.43391952030891 [0 
seed 54
619 673 624 36 5 6 7 8 591 10 11 12 13 566 405 16 17 18 19 431 21 410 730 244 
1000 999 
best 0.43391952030891
 [0 
