1 2 3 4 5 6 7 8 9 10 11 12 13 14 15 16 17 18 19 20 21 22 23 24 [1;32m1200 0.0016503169350676[0m
1 2 3 4 5 6 7 8 9 10 11 487 13 14 15 16 17 18 19 20 21 22 23 24 [1;32m142800 0.0098839180033671[0m
1 2 3 210 5 6 7 8 9 10 11 129 13 298 15 148 86 18 19 20 21 22 23 24 [1;32m186000 0.79643312292188[0m
1 2 3 210 5 6 7 8 9 10 11 129 13 298 15 148 86 18 19 20 21 22 23 24 [1;32m187200 0.86444304830949[0m
1 2 3 210 5 6 7 8 9 10 11 129 13 298 15 148 86 18 19 20 21 22 23 24 [1;32m188400 0.88137575809298[0m
seed 85
1 2 3 210 5 6 7 8 9 10 11 129 13 298 15 148 86 18 19 20 21 22 23 24 
1000 999 
best 0.88137575809298
[0m
