1 2 3 4 5 6 7 8 9 10 11 12 13 14 15 16 17 18 19 20 21 22 23 24 [1;32m1200 0.043566184125324[0m
1 2 3 4 5 6 7 8 9 10 11 12 13 14 15 16 17 18 19 20 21 22 23 24 [1;32m2400 0.12409576554966[0m
1 2 3 4 5 6 7 8 9 10 11 12 13 14 15 16 17 18 19 20 21 22 23 24 [1;32m3600 0.12975864045945[0m
1 2 215 4 382 6 7 8 9 10 368 12 13 14 135 16 17 18 106 20 21 22 23 24 [1;32m15600 0.1494469532747[0m
1 2 215 4 792 6 7 897 9 10 368 12 13 14 135 398 17 674 106 20 21 22 23 24 [1;32m75600 0.16217546603887[0m
1 791 215 4 792 6 7 897 899 111 368 12 13 419 135 398 17 648 106 20 21 22 23 24 [1;32m196800 0.22448880278769[0m
1 791 215 4 792 6 7 897 450 111 368 12 13 419 135 398 17 648 106 20 21 22 23 24 [1;32m208800 0.22723818946674[0m
1 791 215 4 792 6 7 897 450 111 368 12 13 367 135 398 17 648 106 20 21 22 23 24 [1;32m214800 0.24070428926045[0m
1 791 215 4 792 6 7 897 41 111 368 12 13 367 135 402 17 648 106 20 21 22 23 24 [1;32m248400 0.26207043754926[0m
1 791 215 4 792 6 7 526 41 111 368 12 13 367 135 402 17 648 106 20 21 22 23 24 [1;32m254400 0.27639224099486[0m
1 791 215 4 792 6 7 526 589 111 368 12 13 367 135 402 17 648 106 20 21 202 23 24 [1;32m264000 0.31708637274948[0m
1 791 215 796 792 6 7 526 589 913 205 12 13 367 135 402 17 648 106 20 21 202 23 24 [1;32m277200 0.32582245752193[0m
1 791 515 796 792 6 7 526 589 913 205 12 13 367 135 402 17 648 106 20 21 357 23 24 [1;32m286800 0.33027053858814[0m
1 191 515 796 792 6 7 526 589 913 205 12 13 367 135 402 17 648 106 20 21 357 23 83 [1;32m300000 0.34514228839108[0m
1 191 515 953 567 6 7 526 589 913 205 12 13 367 135 402 449 648 62 20 21 357 500 83 [1;32m322800 0.35502642287234[0m
1 191 515 953 567 6 7 526 589 913 205 12 13 367 983 402 449 648 62 20 21 357 500 987 [1;32m445200 0.36249413530346[0m
1 613 529 953 567 6 7 526 589 913 205 12 13 367 983 687 449 648 395 20 479 357 500 987 [1;32m453600 0.4336279167015[0m
1 613 529 953 567 6 7 526 589 913 205 12 13 367 983 687 449 648 395 20 479 357 500 987 [1;32m454800 0.46410570229444[0m
1 613 529 953 567 6 7 526 589 913 205 12 13 367 983 687 449 648 395 20 479 357 500 987 [1;32m456000 0.46492959257466[0m
1 358 529 953 567 6 7 526 589 913 205 12 13 367 983 687 782 648 17 20 479 357 695 987 [1;32m652800 0.48082700529307[0m
1 358 529 953 567 6 7 526 589 913 205 12 13 367 983 687 782 648 17 983 479 13 695 987 [1;32m765600 0.48606868199104[0m
1 358 529 851 567 6 7 526 589 913 205 12 13 367 983 687 782 648 17 983 479 13 695 987 [1;32m814800 0.49119535410781[0m
1 358 529 851 567 6 7 446 801 913 205 12 13 367 590 687 5 648 17 983 1 13 695 987 [1;32m999600 0.61835021423328[0m
1 358 529 851 567 6 7 96 801 913 205 12 13 367 714 687 5 648 17 747 1 94 695 987 [1;32m1003200 0.61845407228069[0m
1 984 529 851 567 6 563 96 801 913 205 12 13 200 25 687 5 648 17 411 1 94 695 987 [1;32m1153200 0.62839577586489[0m
1 984 529 851 567 6 563 96 801 913 67 12 93 200 25 687 5 648 869 829 1 94 695 987 [1;32m1196400 0.63290883280333[0m
1 113 529 851 567 6 563 96 801 913 67 647 93 200 25 687 5 648 869 829 1 94 695 987 [1;32m1203600 0.63400609559409[0m
seed 65
1 113 529 851 567 6 563 96 801 913 67 647 93 200 25 687 5 648 869 829 1 94 695 987 
1000 999 
best 0.63400609559409
[0m
