1 2 3 4 5 6 7 8 9 10 11 12 13 14 15 16 17 18 19 20 21 22 23 24 [1;32m1200 0.25923592004204[0m
1 2 3 4 5 6 7 8 9 10 11 12 599 14 319 16 17 18 19 20 21 22 23 24 [1;32m3600 0.26420819595294[0m
1 2 3 4 5 6 7 8 9 10 11 12 599 14 319 16 17 18 19 20 21 22 23 24 [1;32m4800 0.26752002862418[0m
1 2 3 4 5 6 7 8 141 10 11 12 599 14 319 16 17 18 19 20 559 22 454 24 [1;32m7200 0.28073128009936[0m
1 2 3 4 5 6 7 8 141 10 11 12 599 14 319 16 17 18 654 20 559 22 454 24 [1;32m10800 0.36724067390674[0m
1 2 3 4 5 6 7 8 141 10 11 12 599 14 319 16 17 18 654 20 559 22 454 24 [1;32m12000 0.36761346517006[0m
1 430 3 4 5 6 207 8 141 10 822 12 599 225 319 16 17 343 654 20 559 22 454 24 [1;32m14400 0.42050857842658[0m
566 430 3 4 979 6 207 8 141 10 822 12 599 225 319 16 17 343 654 20 559 309 454 24 [1;32m28800 0.43178497885036[0m
566 430 3 4 979 6 689 8 141 524 168 12 599 225 319 16 17 343 654 20 444 309 454 923 [1;32m51600 0.4489981782822[0m
566 430 147 4 979 6 71 8 141 41 11 12 599 225 319 16 17 343 654 20 444 736 873 923 [1;32m61200 0.46593395806347[0m
566 910 147 4 979 6 71 8 141 41 101 12 599 225 319 16 17 818 654 20 444 966 873 923 [1;32m63600 0.47516596870198[0m
566 910 147 4 979 6 71 8 141 228 101 12 599 225 319 16 17 116 654 20 444 966 873 205 [1;32m85200 0.52112078753429[0m
566 910 147 4 979 6 71 8 141 228 101 987 599 225 319 16 17 116 654 20 444 966 873 205 [1;32m91200 0.54613048757774[0m
566 910 147 4 979 632 866 8 141 228 101 987 599 225 319 16 17 116 654 20 444 966 873 205 [1;32m102000 0.57316494368346[0m
566 910 147 4 979 632 866 8 141 228 101 987 926 225 319 691 17 116 654 20 444 966 873 205 [1;32m477600 0.5823071617606[0m
566 910 147 397 979 471 866 701 141 228 101 987 926 225 319 691 327 116 654 20 444 966 652 205 [1;32m558000 0.58511727915614[0m
566 910 147 397 979 471 866 701 936 592 101 987 926 225 319 691 327 116 654 20 444 966 495 205 [1;32m561600 0.61475087311826[0m
566 420 338 397 170 471 866 701 936 592 101 987 926 496 319 691 327 116 654 20 444 966 495 205 [1;32m961200 0.63158532254354[0m
566 420 338 397 170 471 866 701 936 592 101 987 926 496 319 691 327 116 654 20 444 966 495 205 [1;32m962400 0.68795637834888[0m
566 420 338 397 170 471 866 701 936 665 101 987 926 496 319 691 327 116 654 20 444 583 495 205 [1;32m966000 0.69850831680904[0m
566 420 338 397 170 471 866 701 958 665 101 987 926 496 319 691 327 116 654 20 444 583 233 205 [1;32m982800 0.76508852636292[0m
seed 52
566 420 338 397 170 471 866 701 958 665 101 987 926 496 319 691 327 116 654 20 444 583 233 205 
1000 999 
best 0.76508852636292
[0m
