1 2 3 4 5 6 7 8 9 10 11 12 13 14 15 16 17 18 19 20 21 22 23 24  [1;32 1200 0.22237475985564 [0 
1 2 3 4 5 6 7 286 9 10 29 12 13 14 15 16 17 18 430 20 21 22 23 24  [1;32 34800 0.44766821487831 [0 
1 643 3 4 5 270 7 286 9 10 147 12 316 14 684 16 17 18 430 20 967 22 23 24  [1;32 60000 0.49384194412377 [0 
1 643 3 4 5 270 7 286 9 10 147 12 316 14 684 16 17 18 430 20 967 22 23 24  [1;32 61200 0.64596842736601 [0 
1 643 3 4 5 270 7 286 9 10 147 12 660 583 684 16 17 18 430 608 967 22 23 24  [1;32 67200 0.70781991049271 [0 
1 643 3 4 5 270 7 286 9 10 147 12 660 583 684 984 17 118 430 608 967 272 23 24  [1;32 302400 0.75341068789163 [0 
1 643 3 4 5 270 7 286 9 10 147 12 660 583 684 984 17 118 430 608 967 272 23 24  [1;32 303600 0.8310631514327 [0 
1 643 3 4 5 270 7 286 9 10 147 12 660 583 684 984 17 118 430 608 967 272 23 24  [1;32 304800 0.84248209215737 [0 
1 643 3 4 5 580 7 286 718 10 147 12 660 243 684 731 17 74 430 461 967 272 23 24  [1;32 307200 0.88477926023193 [0 
1 643 3 223 5 580 7 286 718 10 147 12 257 243 684 731 17 74 430 461 967 272 237 219  [1;32 309600 0.89467630676509 [0 
1 643 3 223 5 580 7 636 718 10 147 12 257 243 684 731 59 74 430 461 967 272 237 219  [1;32 366000 0.89531277726072 [0 
seed 74
1 643 3 223 5 580 7 636 718 10 147 12 257 243 684 731 59 74 430 461 967 272 237 219 
1000 999 
best 0.89531277726072
 [0 
