1 2 3 4 5 6 7 8 9 10 11 12 13 14 15 16 17 18 19 20 21 22 23 24  [1;32 1200 0.19548087693454 [0 
397 2 134 309 5 6 756 8 9 10 11 12 13 14 275 519 17 18 19 20 21 22 23 24  [1;32 9600 0.23298449213235 [0 
397 2 134 309 5 6 756 8 9 10 11 12 13 14 275 519 17 18 19 20 21 22 23 24  [1;32 10800 0.25262570706439 [0 
397 2 187 309 905 6 756 8 9 10 11 12 13 14 275 210 17 18 19 20 21 22 23 24  [1;32 31200 0.27255262841363 [0 
397 2 187 846 905 6 756 8 9 10 11 12 13 14 275 210 17 18 19 20 21 22 23 24  [1;32 43200 0.27385699960124 [0 
397 2 187 846 905 6 756 8 9 10 196 12 13 14 275 210 17 18 19 20 21 22 23 24  [1;32 52800 0.28322173670798 [0 
397 2 187 846 905 6 756 8 9 10 196 12 13 14 275 210 17 18 19 20 21 22 23 24  [1;32 54000 0.28963004426702 [0 
397 2 187 846 717 6 756 8 9 10 196 922 956 14 275 210 17 18 746 20 21 22 23 24  [1;32 63600 0.29066179170915 [0 
397 591 187 846 717 6 756 8 9 712 196 922 956 14 275 210 17 18 746 20 21 22 51 24  [1;32 69600 0.35432032145404 [0 
397 591 187 846 717 6 756 8 9 712 196 922 956 14 275 210 17 18 746 20 21 22 51 24  [1;32 70800 0.37830201770581 [0 
397 591 187 846 717 6 756 8 9 712 196 922 956 14 275 210 17 18 746 20 408 22 51 24  [1;32 86400 0.38649863172281 [0 
99 591 187 846 717 6 756 8 9 712 196 922 956 14 275 328 17 824 746 20 408 22 51 24  [1;32 114000 0.40094830707841 [0 
99 591 187 846 717 6 756 8 9 712 196 922 956 14 275 328 17 824 746 20 927 22 51 747  [1;32 295200 0.51358876490791 [0 
99 591 187 846 717 6 756 8 9 712 196 922 956 14 275 328 17 824 746 20 927 22 51 747  [1;32 296400 0.54060154979305 [0 
99 591 187 846 717 6 378 8 998 712 196 922 956 14 275 328 17 123 746 20 927 182 51 747  [1;32 309600 0.61964301270282 [0 
99 591 187 846 717 6 378 8 998 712 196 922 956 14 275 328 155 123 746 118 927 182 51 747  [1;32 318000 0.64426301942055 [0 
99 591 187 846 717 6 378 8 998 712 196 922 956 14 275 328 155 123 746 118 927 182 51 747  [1;32 319200 0.81327390405762 [0 
99 591 187 846 717 6 378 8 998 712 196 922 956 14 275 374 155 123 746 243 927 182 51 747  [1;32 578400 0.8342750627173 [0 
seed 81
99 591 187 846 717 6 378 8 998 712 196 922 956 14 275 374 155 123 746 243 927 182 51 747 
1000 999 
best 0.8342750627173
 [0 
