1 2 3 4 5 6 7 8 9 10 11 12 13 14 15 16 17 18 19 20 21 22 23 24  [1;32 1200 0.00082539931038637 [0 
1 791 3 4 5 6 7 8 899 111 11 12 13 419 15 16 17 648 19 20 21 22 23 24  [1;32 192000 0.22081051286471 [0 
1 791 3 4 5 6 693 8 899 111 11 12 13 419 15 16 17 648 907 20 853 22 692 24  [1;32 217200 0.57045271950566 [0 
1 263 3 4 501 6 186 8 899 111 11 980 13 419 15 256 17 648 907 20 853 22 692 24  [1;32 220800 0.67132091259751 [0 
1 263 3 4 501 6 186 8 899 111 11 980 99 419 15 256 17 648 907 20 504 22 692 24  [1;32 226800 0.68038234407773 [0 
89 263 3 4 501 653 186 8 899 111 422 980 99 811 15 256 17 648 907 107 504 22 594 24  [1;32 435600 0.70706907868679 [0 
89 263 3 4 393 653 186 8 899 111 422 980 99 811 15 256 17 648 907 107 504 410 594 24  [1;32 493200 0.78378293271577 [0 
80 302 3 4 393 710 186 8 899 111 422 980 99 811 15 256 22 648 907 107 504 410 594 516  [1;32 598800 0.80840397294334 [0 
80 302 306 4 393 710 186 8 899 111 422 980 99 811 15 256 22 648 243 107 504 410 594 516  [1;32 601200 0.82724299622118 [0 
80 302 306 4 393 710 186 8 899 111 422 980 99 811 15 256 22 648 243 107 504 410 594 516  [1;32 602400 0.88629395491966 [0 
seed 65
80 302 306 4 393 710 186 8 899 111 422 980 99 811 15 256 22 648 243 107 504 410 594 516 
1000 999 
best 0.88629395491966
 [0 
