1 2 3 845 5 6 7 8 9 10 11 12 194 14 15 16 17 18 811 20 469 654 268 24 [1;32m88800 0.50978623289941[0m
1 2 519 845 5 6 7 8 9 10 11 12 194 14 15 16 17 18 811 20 469 654 268 24 [1;32m123600 0.64639806369276[0m
1 2 519 845 5 6 7 8 9 10 11 12 194 14 15 16 17 18 811 20 469 654 268 24 [1;32m124800 0.888320279876[0m
1 2 519 845 5 416 532 8 9 10 11 12 194 14 314 16 17 18 724 20 469 654 268 24 [1;32m216000 0.89905525047623[0m
1 2 519 845 5 416 304 8 2 10 11 851 828 14 314 16 17 18 724 20 469 654 521 24 [1;32m249600 0.90159172136994[0m
1 2 519 845 421 416 304 8 2 451 14 851 828 14 314 16 17 18 519 20 469 654 653 24 [1;32m392400 0.90695682535575[0m
seed 90
1 2 519 845 421 416 304 8 2 451 14 851 828 14 314 16 17 18 519 20 469 654 653 24 
1000 999 
best 0.90695682535575
[0m
