1 2 3 4 5 6 7 8 9 10 11 12 13 14 15 16 17 18 19 20 21 22 23 24  [1;32 1200 0.120532033376 [0 
1 2 3 4 5 6 7 8 9 10 11 12 13 14 15 16 17 18 19 20 21 22 23 24  [1;32 2400 0.39608687367878 [0 
131 2 3 4 5 6 7 8 9 10 11 12 13 14 57 16 17 18 19 20 21 22 23 24  [1;32 21600 0.39635189602984 [0 
46 2 161 4 5 6 7 8 537 10 11 12 13 14 57 16 17 18 19 20 21 22 23 24  [1;32 138000 0.40331988566906 [0 
46 2 161 4 98 6 956 8 171 10 11 686 13 864 57 16 17 18 19 804 21 22 23 24  [1;32 295200 0.40378479695048 [0 
46 2 161 4 98 6 956 506 925 10 11 686 13 93 57 504 185 18 19 905 21 22 23 24  [1;32 332400 0.43374330993067 [0 
46 2 161 4 98 6 956 506 925 10 11 686 13 93 57 504 185 18 19 905 21 22 23 24  [1;32 333600 0.46567334227154 [0 
46 2 161 4 98 6 207 506 925 10 11 686 13 93 57 504 185 917 19 905 21 22 408 49  [1;32 459600 0.47588621195632 [0 
46 2 161 4 98 6 207 687 531 10 11 686 13 93 57 504 185 917 19 905 21 22 408 49  [1;32 488400 0.50214926179917 [0 
46 2 161 4 98 6 207 687 531 577 11 686 13 851 57 504 185 917 19 905 21 22 408 49  [1;32 634800 0.55218922040132 [0 
46 2 161 4 98 6 207 434 531 577 11 686 13 851 57 504 185 917 19 905 21 22 408 49  [1;32 879600 0.57465066244147 [0 
seed 33
46 2 161 4 98 6 207 434 531 577 11 686 13 851 57 504 185 917 19 905 21 22 408 49 
1000 999 
best 0.57465066244147
 [0 
