1 2 3 4 5 6 7 8 9 10 11 12 13 14 15 16 17 18 19 20 21 22 23 24 [1;32m1200 0.092733001324379[0m
1 2 3 4 5 6 7 8 9 10 11 12 13 14 15 16 17 18 19 20 21 22 23 24 [1;32m2400 0.094658533951755[0m
1 2 3 4 5 683 7 8 249 10 445 129 13 14 15 16 17 887 19 440 21 22 23 24 [1;32m7200 0.13596805834872[0m
1 2 3 4 5 683 7 8 249 10 445 129 13 14 15 16 17 887 19 440 21 22 23 24 [1;32m8400 0.14320906967046[0m
1 2 3 4 5 395 7 961 249 10 451 129 13 14 15 16 17 887 19 440 21 22 23 24 [1;32m16800 0.24330284359692[0m
130 856 3 246 5 395 379 961 249 10 451 129 13 14 15 16 17 887 608 440 21 711 23 24 [1;32m20400 0.2764156061682[0m
130 856 3 246 5 395 379 961 249 10 451 129 13 14 15 16 17 887 608 440 21 711 23 24 [1;32m21600 0.30934968570995[0m
130 856 3 246 5 395 379 961 249 10 451 129 13 314 15 16 708 887 877 440 21 711 23 24 [1;32m28800 0.3261213168206[0m
130 856 3 246 5 395 379 961 249 10 451 129 13 314 15 16 708 887 877 440 21 711 23 24 [1;32m30000 0.34660218234842[0m
130 856 3 246 625 395 379 961 249 10 451 129 13 314 15 16 708 887 877 440 21 711 23 229 [1;32m34800 0.40662016388196[0m
130 856 3 246 625 395 507 961 249 10 451 129 13 314 15 16 708 887 877 594 21 711 23 229 [1;32m37200 0.41696722815565[0m
126 353 3 246 625 395 507 961 249 10 451 129 15 314 15 16 708 887 877 701 21 711 23 229 [1;32m52800 0.43348057681399[0m
126 353 3 246 625 395 507 961 249 10 451 129 320 314 15 16 708 887 453 830 21 958 23 229 [1;32m78000 0.44468097033619[0m
126 353 3 246 625 395 507 961 300 10 451 129 320 314 15 392 708 818 453 830 21 958 23 296 [1;32m86400 0.45083663628597[0m
37 353 994 246 625 395 507 961 300 10 956 129 320 314 15 392 708 818 453 24 21 958 23 296 [1;32m106800 0.46895312297985[0m
37 353 994 246 625 395 507 978 300 10 956 129 483 314 15 392 708 818 453 24 21 958 23 296 [1;32m186000 0.4761359719695[0m
37 353 994 246 625 395 507 978 300 10 956 129 483 314 15 392 708 818 453 24 21 958 23 296 [1;32m187200 0.4884792435841[0m
37 353 994 246 625 395 507 978 300 10 956 917 483 314 15 392 708 818 453 24 147 958 575 646 [1;32m204000 0.49132538092196[0m
37 353 994 324 625 395 507 978 459 10 956 917 483 314 15 392 708 818 453 24 147 958 575 646 [1;32m228000 0.5168758410954[0m
37 353 994 324 625 395 507 978 459 10 956 917 483 314 15 392 708 818 453 24 147 958 575 646 [1;32m229200 0.5465999650023[0m
37 353 994 324 625 395 507 978 459 10 956 917 483 314 15 392 708 818 453 24 147 958 575 646 [1;32m230400 0.54738904304904[0m
37 353 994 324 625 395 507 978 459 899 956 917 483 314 15 392 933 818 453 24 949 958 575 646 [1;32m540000 0.56185107777614[0m
622 353 994 324 625 395 507 978 459 239 559 917 932 314 15 392 259 818 453 24 949 958 575 646 [1;32m576000 0.57989561540706[0m
622 353 994 324 625 395 110 978 652 239 559 917 932 314 15 392 259 908 453 24 949 199 811 646 [1;32m615600 0.58290372006191[0m
331 353 994 324 625 395 826 978 652 239 559 917 932 314 15 392 259 908 453 207 441 199 811 646 [1;32m760800 0.58736054072049[0m
331 353 994 324 625 395 826 978 652 239 559 730 932 314 15 392 259 908 453 207 441 199 811 646 [1;32m878400 0.5902503460964[0m
331 353 994 324 625 395 569 978 652 239 559 730 932 314 15 146 585 908 453 207 5 199 811 646 [1;32m960000 0.59982476176659[0m
seed 48
331 353 994 324 625 395 569 978 652 239 559 730 932 314 15 146 585 908 453 207 5 199 811 646 
1000 999 
best 0.59982476176659
[0m
