1 2 3 4 5 6 7 8 9 10 11 12 13 14 15 16 17 18 19 20 21 22 23 24 [1;32m1200 0.099153986851663[0m
1 2 3 4 5 6 519 8 9 10 11 12 13 991 15 16 17 18 19 20 21 22 23 24 [1;32m14400 0.10460759768783[0m
1 2 3 4 515 6 519 8 9 10 483 12 13 991 895 16 17 18 14 20 21 22 368 24 [1;32m25200 0.11225938750359[0m
1 2 3 250 515 6 519 8 9 10 483 12 13 991 895 16 17 18 14 20 21 22 368 24 [1;32m30000 0.11641100877621[0m
1 2 3 250 515 6 519 8 9 10 483 12 13 991 895 16 17 18 14 20 21 22 368 24 [1;32m31200 0.12880178749322[0m
1 2 3 638 583 6 519 8 706 10 483 12 13 991 764 16 17 18 14 20 21 22 368 24 [1;32m38400 0.13981065557858[0m
1 2 3 638 583 6 519 8 706 10 483 12 13 991 764 16 17 18 14 20 21 22 368 24 [1;32m39600 0.14944990470262[0m
1 2 3 300 583 6 519 8 706 10 483 12 13 770 764 16 400 18 14 20 21 22 569 24 [1;32m44400 0.15745423148924[0m
1 2 3 300 355 6 519 8 706 10 483 12 13 770 764 16 400 18 14 20 21 22 569 24 [1;32m72000 0.18563803370237[0m
1 2 3 300 355 6 519 8 706 10 483 12 13 770 764 16 400 18 14 20 21 22 569 24 [1;32m73200 0.20228232462301[0m
1 2 3 300 355 6 519 8 706 10 483 12 13 770 764 16 400 18 14 20 21 22 569 24 [1;32m74400 0.20911409653917[0m
1 2 3 300 355 6 519 8 706 10 483 12 13 770 764 16 400 18 14 20 21 22 569 24 [1;32m75600 0.21217992631018[0m
1 2 3 523 355 6 519 8 706 10 483 12 13 770 764 16 400 18 14 20 21 22 569 24 [1;32m99600 0.21549080636842[0m
1 2 512 523 355 181 519 8 706 299 483 12 13 770 764 16 400 18 14 20 21 22 33 24 [1;32m115200 0.2196392048433[0m
1 2 512 523 355 181 519 8 706 299 483 12 13 770 764 16 400 18 14 20 21 22 33 24 [1;32m116400 0.23450164961024[0m
1 2 512 523 355 181 519 8 706 299 483 12 13 770 764 16 400 18 14 20 21 22 871 24 [1;32m157200 0.24027666084508[0m
1 2 639 523 355 181 853 8 706 299 483 12 13 715 764 16 400 18 14 20 21 22 871 24 [1;32m200400 0.24934405948887[0m
1 2 639 523 355 181 853 8 706 299 483 553 825 715 764 16 400 950 14 20 460 22 871 24 [1;32m219600 0.26094994472959[0m
1 2 639 523 355 181 853 8 706 299 483 553 825 715 764 16 400 950 14 20 460 22 871 24 [1;32m220800 0.28439171327071[0m
1 2 639 523 758 181 853 8 556 299 483 553 825 715 764 16 349 950 14 20 256 22 871 24 [1;32m242400 0.28739276535034[0m
1 2 639 523 758 181 853 8 556 299 483 553 825 715 764 16 349 950 14 20 256 22 871 24 [1;32m243600 0.305488803292[0m
1 2 639 523 758 181 853 8 556 299 483 553 825 715 764 16 349 950 14 20 256 22 871 24 [1;32m244800 0.33604303439712[0m
155 2 639 523 758 181 853 8 556 299 483 553 495 715 764 16 349 950 14 20 256 22 500 24 [1;32m252000 0.35340144757861[0m
155 2 639 523 758 181 853 8 556 299 483 553 495 715 764 16 349 305 14 20 331 22 500 24 [1;32m255600 0.36741337401408[0m
799 2 639 523 758 181 853 185 556 299 483 553 112 715 764 16 460 711 845 20 331 22 500 24 [1;32m382800 0.41540166917699[0m
799 2 639 647 758 181 853 185 556 299 483 553 112 715 764 16 460 711 845 20 331 22 500 24 [1;32m388800 0.41547702826396[0m
799 2 639 647 758 43 350 185 486 299 483 553 112 715 764 16 460 711 990 20 279 486 500 24 [1;32m398400 0.43785382926331[0m
799 2 639 647 758 43 350 185 486 299 483 553 112 715 764 16 460 711 990 20 279 352 500 24 [1;32m402000 0.47734116885149[0m
799 2 639 285 758 43 350 185 486 299 483 553 112 715 764 16 460 711 990 20 279 352 109 24 [1;32m414000 0.50952070417846[0m
799 2 639 285 758 43 350 831 486 299 483 553 112 715 764 16 460 711 888 20 279 352 769 24 [1;32m504000 0.52127935474603[0m
799 2 639 285 758 43 350 831 770 299 483 553 112 715 764 16 460 711 888 20 279 352 769 24 [1;32m685200 0.52284001384091[0m
799 2 639 971 758 43 350 831 770 299 483 553 112 715 764 16 460 711 888 20 279 352 769 24 [1;32m984000 0.52597981164565[0m
799 2 639 971 758 43 350 831 770 299 483 553 112 715 764 16 460 711 357 20 279 352 769 205 [1;32m1086000 0.52616606685539[0m
seed 79
799 2 639 971 758 43 350 831 770 299 483 553 112 715 764 16 460 711 357 20 279 352 769 205 
1000 999 
best 0.52616606685539
[0m
