1 2 3 4 5 6 7 8 9 10 11 12 13 14 15 16 17 18 19 20 21 22 23 24  [1;32 1200 0.00082539931038637 [0 
1 2 48 4 65 6 7 8 9 10 11 12 13 14 656 16 17 18 19 20 21 22 763 24  [1;32 118800 0.23566079381405 [0 
925 2 48 999 65 6 7 8 9 425 11 12 13 14 947 16 39 18 19 20 21 22 763 24  [1;32 208800 0.23609848788793 [0 
925 2 48 999 65 6 7 8 9 425 11 175 13 14 947 16 39 18 19 20 35 22 763 24  [1;32 252000 0.36562649172907 [0 
925 2 48 999 65 6 7 8 9 425 11 175 13 14 947 16 39 203 19 939 35 22 763 212  [1;32 363600 0.42326103584133 [0 
925 2 48 999 65 584 7 8 9 425 11 175 13 14 947 16 39 203 19 939 771 22 193 212  [1;32 574800 0.42621067422075 [0 
645 2 48 999 65 584 671 8 9 425 11 175 13 14 914 16 39 203 19 939 771 22 699 212  [1;32 636000 0.48213188364756 [0 
645 2 48 999 65 584 671 8 9 425 11 175 13 14 914 16 39 203 19 939 771 22 699 212  [1;32 637200 0.80422017664358 [0 
658 2 48 999 941 584 671 8 9 425 11 175 13 14 914 16 39 203 19 939 771 387 699 212  [1;32 652800 0.80582552652067 [0 
658 2 48 856 941 584 671 8 9 425 11 175 13 14 914 16 39 203 19 661 771 387 699 212  [1;32 667200 0.84875777638522 [0 
658 57 48 856 941 584 671 8 9 425 11 175 13 14 914 494 39 203 156 661 771 387 699 212  [1;32 836400 0.85743264309773 [0 
seed 49
658 57 48 856 941 584 671 8 9 425 11 175 13 14 914 494 39 203 156 661 771 387 699 212 
1000 999 
best 0.85743264309773
 [0 
