1 2 3 4 5 6 7 8 9 10 11 12 13 14 15 16 17 18 19 20 21 22 23 24  [1;32 1200 0.051795429634333 [0 
1 2 3 4 5 6 7 8 9 10 11 12 13 14 15 16 17 18 19 20 21 22 23 24  [1;32 2400 0.12978591866034 [0 
1 2 3 4 5 6 7 8 9 10 11 12 13 14 15 16 17 18 19 20 21 22 23 24  [1;32 3600 0.15773495991777 [0 
469 2 3 4 5 614 7 8 598 10 11 143 13 14 15 16 17 18 19 20 21 22 486 24  [1;32 8400 0.16305897026695 [0 
469 2 86 4 5 614 7 8 598 10 11 143 13 14 15 16 237 18 19 20 148 22 486 20  [1;32 10800 0.1679834672733 [0 
469 2 86 4 5 614 7 8 47 10 11 783 13 14 15 16 237 898 19 89 148 22 486 20  [1;32 16800 0.22954234678264 [0 
469 2 86 4 5 614 7 8 47 10 11 783 13 14 15 16 237 898 19 89 148 22 486 20  [1;32 18000 0.2526503224627 [0 
657 2 86 4 5 614 7 856 47 663 11 783 13 14 15 16 237 211 19 89 148 22 486 20  [1;32 22800 0.2544488839312 [0 
657 2 86 562 5 614 7 856 47 663 11 783 13 14 15 16 237 211 933 89 148 22 486 20  [1;32 30000 0.25524982364886 [0 
657 2 86 562 5 614 7 856 47 663 11 783 13 14 15 16 237 211 933 89 148 22 486 20  [1;32 31200 0.25752980850653 [0 
657 2 86 562 5 614 7 856 47 663 11 783 13 14 15 16 237 27 933 89 148 22 486 20  [1;32 39600 0.26888054068145 [0 
657 2 86 804 5 614 7 856 47 663 11 783 13 14 15 16 368 27 933 89 148 22 486 20  [1;32 45600 0.27413265749573 [0 
657 2 86 804 5 614 7 401 47 663 11 783 13 14 15 584 368 791 933 89 429 22 486 20  [1;32 57600 0.29250573677486 [0 
657 2 86 415 535 614 601 401 158 663 11 783 910 14 15 584 368 791 933 89 429 22 486 20  [1;32 90000 0.29310770265699 [0 
657 2 657 415 510 614 601 401 158 663 11 43 910 14 15 584 368 791 933 89 429 22 486 20  [1;32 94800 0.29741909227035 [0 
657 2 657 415 510 614 601 401 158 663 11 43 910 14 15 584 368 791 933 89 429 22 486 20  [1;32 96000 0.31955548649256 [0 
657 2 657 415 510 614 601 401 158 885 11 43 910 14 866 584 368 791 933 89 429 22 486 20  [1;32 98400 0.34098753185591 [0 
657 2 657 415 146 614 601 401 888 545 11 43 910 14 192 584 368 791 933 89 429 22 486 20  [1;32 146400 0.41856196274994 [0 
657 2 657 415 146 614 601 401 888 545 11 43 133 14 192 584 368 791 933 89 429 22 140 20  [1;32 150000 0.48911466140448 [0 
657 610 657 415 146 614 601 401 888 545 11 43 133 14 192 584 368 791 933 89 958 22 140 20  [1;32 196800 0.51404526331629 [0 
657 709 657 415 146 471 104 401 888 545 65 43 133 14 885 584 368 791 933 89 958 22 140 20  [1;32 277200 0.54627900666826 [0 
657 856 626 431 146 471 104 401 888 545 177 293 133 14 885 584 368 791 933 89 958 22 140 20  [1;32 330000 0.54824575644992 [0 
657 856 626 431 146 950 104 769 888 545 177 713 133 14 885 584 368 791 933 89 958 44 140 20  [1;32 674400 0.56207089868213 [0 
657 856 626 431 146 950 104 769 888 545 177 713 133 14 885 584 368 791 933 89 958 155 887 773  [1;32 715200 0.57570122713283 [0 
657 856 626 431 146 950 104 769 888 545 177 713 133 14 885 584 368 791 933 89 958 155 887 773  [1;32 716400 0.58785457110415 [0 
657 856 626 431 146 950 104 769 888 545 177 713 133 14 885 584 368 791 933 89 829 155 887 580  [1;32 1308000 0.59816749233274 [0 
657 856 626 431 146 950 104 769 888 545 177 713 133 346 885 584 449 791 933 89 829 155 887 580  [1;32 1321200 0.61473242069099 [0 
seed 68
657 856 626 431 146 950 104 769 888 545 177 713 133 346 885 584 449 791 933 89 829 155 887 580 
1000 999 
best 0.61473242069099
 [0 
