1 2 3 4 5 6 7 8 9 10 11 12 13 14 15 16 17 18 19 20 21 22 23 24  [1;32 1200 0.032363845413242 [0 
1 2 3 378 5 6 7 7 9 10 11 12 44 14 15 16 17 18 746 20 21 22 23 24  [1;32 4800 0.033507013547304 [0 
1 2 3 378 5 6 7 7 9 10 11 12 44 14 15 16 17 18 746 20 21 22 23 24  [1;32 6000 0.036060704265942 [0 
1 2 3 378 5 6 7 7 9 10 11 12 44 14 196 16 606 18 746 20 21 22 23 901  [1;32 18000 0.042691997446444 [0 
878 2 3 378 5 6 7 7 9 10 11 12 167 14 196 16 606 18 746 20 21 22 23 901  [1;32 24000 0.057752502149213 [0 
878 2 3 378 5 853 509 7 9 10 11 12 167 14 196 16 606 18 746 153 21 22 215 901  [1;32 33600 0.065225664692541 [0 
878 2 3 378 5 853 509 7 9 10 11 12 167 14 196 16 606 18 746 153 21 22 215 901  [1;32 34800 0.087529482389489 [0 
878 2 3 319 5 853 509 7 578 10 11 453 167 14 196 16 606 18 746 399 822 22 215 901  [1;32 38400 0.10322609477714 [0 
878 2 833 319 65 853 509 7 561 10 11 453 167 14 196 16 606 18 746 399 555 360 215 901  [1;32 67200 0.12223707986274 [0 
878 2 833 319 65 853 509 7 561 10 11 453 167 14 196 16 606 18 746 399 555 360 215 901  [1;32 68400 0.12617455457334 [0 
878 2 833 319 65 853 509 849 561 10 11 453 167 14 196 16 606 18 746 399 555 999 215 901  [1;32 72000 0.13868006093919 [0 
152 2 833 319 65 853 509 849 561 10 680 453 167 14 280 16 606 18 746 399 555 999 215 901  [1;32 76800 0.1451359422091 [0 
132 2 248 319 65 853 509 849 215 560 680 453 167 14 280 16 606 18 994 399 555 999 215 901  [1;32 82800 0.14971413470383 [0 
132 2 248 319 65 853 509 849 215 560 680 453 167 14 280 16 606 18 994 399 555 999 215 901  [1;32 84000 0.16477679407235 [0 
132 2 248 319 65 853 509 849 215 560 518 674 167 14 280 16 606 18 994 399 126 999 215 16  [1;32 93600 0.19568195984033 [0 
406 2 248 319 65 853 509 416 215 560 518 674 167 14 280 16 321 18 994 399 126 999 215 16  [1;32 132000 0.21137676425418 [0 
406 2 248 319 65 853 509 416 215 560 518 674 167 14 280 16 321 18 994 399 126 999 215 16  [1;32 133200 0.21549813244145 [0 
406 2 248 319 65 853 509 416 215 560 518 674 167 14 280 16 321 18 994 399 126 999 215 16  [1;32 134400 0.21631755363933 [0 
406 137 248 319 65 853 509 416 215 729 518 674 167 14 280 16 321 18 994 399 126 999 215 16  [1;32 136800 0.22294783325923 [0 
406 137 248 319 65 853 509 416 215 729 518 674 167 14 280 16 321 18 994 399 126 999 215 16  [1;32 138000 0.23696444109843 [0 
406 137 248 65 65 853 509 416 791 729 518 674 167 14 280 16 321 711 608 399 126 99 215 16  [1;32 145200 0.25054375857427 [0 
406 9 248 65 264 853 509 416 791 729 518 674 167 14 280 967 321 711 608 399 563 99 215 16  [1;32 151200 0.25531625172901 [0 
406 295 248 65 264 853 509 954 791 729 518 315 626 14 280 967 321 711 608 399 563 99 215 16  [1;32 159600 0.27619063790722 [0 
406 295 248 65 264 853 509 953 791 729 518 315 626 14 280 967 321 711 608 399 563 99 215 16  [1;32 176400 0.29817939827658 [0 
406 295 248 65 264 853 509 200 791 729 518 315 626 14 280 967 321 711 608 399 563 99 215 16  [1;32 190800 0.39119610581733 [0 
406 295 248 182 264 853 382 200 791 729 518 315 626 14 280 967 321 711 608 399 563 99 215 16  [1;32 198000 0.47895143871974 [0 
406 1000 248 741 264 853 382 200 791 729 518 315 626 14 80 967 321 711 608 399 563 99 215 16  [1;32 200400 0.61229759995776 [0 
406 1000 248 741 264 853 382 200 171 737 518 692 724 54 80 967 321 711 608 43 563 99 215 16  [1;32 225600 0.63246790942276 [0 
406 1000 248 741 264 853 382 200 171 737 321 692 724 54 80 967 747 711 608 43 563 99 215 16  [1;32 328800 0.6671389404122 [0 
406 1000 59 741 264 853 382 200 171 679 321 692 724 54 80 967 747 711 608 43 563 99 215 16  [1;32 864000 0.69952421657479 [0 
406 942 59 874 117 853 382 200 171 579 321 692 302 54 80 967 747 711 608 43 563 99 215 443  [1;32 876000 0.70900091151216 [0 
406 942 59 874 117 821 382 200 171 579 150 692 132 54 80 967 828 711 608 43 775 99 215 443  [1;32 926400 0.74927387509667 [0 
406 942 59 874 117 821 382 200 171 579 150 692 132 216 80 967 828 711 608 261 775 99 215 443  [1;32 1048800 0.78627351509354 [0 
406 942 59 712 117 821 382 200 171 579 150 692 132 216 80 967 828 711 608 261 996 99 215 796  [1;32 1088400 0.82225030767289 [0 
406 942 59 712 117 821 382 200 171 579 150 692 132 216 80 967 828 711 608 261 165 99 215 796  [1;32 1274400 0.85088770845092 [0 
406 942 59 712 117 821 382 200 171 579 150 692 132 216 80 967 828 711 608 261 165 99 215 833  [1;32 1299600 0.87439421798869 [0 
seed 91
406 942 59 712 117 821 382 200 171 579 150 692 132 216 80 967 828 711 608 261 165 99 215 833 
1000 999 
best 0.87439421798869
 [0 
