163 2 36 4 5 6 7 8 9 768 11 12 954 14 15 16 17 826 19 20 21 22 23 24  [1;32 134400 0.00024079561857376 [0 
163 2 36 4 5 6 7 8 226 768 11 12 954 14 15 16 63 826 19 20 21 22 23 24  [1;32 148800 0.00071613534247221 [0 
163 2 507 321 5 169 7 8 226 768 11 12 954 14 15 16 330 826 19 20 200 22 23 24  [1;32 152400 0.019776351526052 [0 
163 2 507 321 5 169 7 8 226 768 11 12 199 14 15 16 330 232 19 762 200 34 23 24  [1;32 253200 0.021837454625743 [0 
163 514 507 321 5 169 987 8 226 768 11 12 199 54 15 16 330 232 19 762 200 34 23 24  [1;32 294000 0.022711085757983 [0 
seed 69
163 514 507 321 5 169 987 8 226 768 11 12 199 54 15 16 330 232 19 762 200 34 23 24 
1000 999 
best 0.022711085757983
 [0 
