1 2 159 4 5 6 7 313 9 883 11 12 13 14 15 16 17 18 19 20 21 22 23 24 [1;32m111600 0.023923306296344[0m
1 2 159 4 5 6 7 313 9 773 11 185 13 14 15 16 17 18 19 20 21 22 23 24 [1;32m114000 0.025648966261319[0m
1 2 159 4 5 6 331 313 9 773 11 185 502 14 15 16 17 18 19 20 21 22 23 24 [1;32m117600 0.02578496983855[0m
1 2 159 468 5 6 331 237 9 773 11 498 502 14 709 16 17 18 19 20 21 22 23 24 [1;32m124800 0.027971664917011[0m
1 2 966 400 5 6 331 237 9 773 11 498 777 14 709 300 17 18 625 20 21 22 23 379 [1;32m160800 0.34952634982349[0m
1 2 966 400 5 6 331 237 9 548 11 498 777 14 709 51 17 18 625 20 21 22 23 379 [1;32m291600 0.36475848934756[0m
1 2 966 78 5 749 331 30 796 548 11 498 777 14 709 51 17 18 625 20 21 22 23 379 [1;32m344400 0.45697467049073[0m
1 2 966 78 5 749 331 30 796 548 11 498 777 14 709 51 17 18 625 20 21 22 23 379 [1;32m345600 0.67816992934284[0m
1 2 966 78 5 749 331 30 796 453 11 498 777 14 709 51 17 18 562 372 21 961 23 379 [1;32m414000 0.69094505298044[0m
seed 46
1 2 966 78 5 749 331 30 796 453 11 498 777 14 709 51 17 18 562 372 21 961 23 379 
1000 999 
best 0.69094505298044
[0m
