1 2 3 4 5 6 7 8 9 10 11 12 13 14 15 16 17 18 19 20 21 22 23 24  [1;32 1200 0.39039118699548 [0 
1 2 3 4 5 6 7 8 9 10 11 12 13 14 15 16 17 18 19 20 21 22 23 24  [1;32 2400 0.45615995091838 [0 
1 2 3 4 5 6 7 569 163 10 11 12 906 14 15 16 17 4 19 20 21 22 23 24  [1;32 7200 0.55169702562623 [0 
1 2 3 4 5 6 7 569 163 10 11 12 906 14 15 16 17 4 19 20 21 22 534 24  [1;32 25200 0.56630111623333 [0 
1 2 3 4 5 6 7 742 163 10 11 12 906 14 471 16 17 4 760 20 21 880 534 21  [1;32 37200 0.59214248324925 [0 
1 2 3 4 446 6 848 742 520 118 11 12 906 14 471 16 17 4 760 20 577 880 724 21  [1;32 39600 0.59360279169792 [0 
1 2 3 835 446 6 687 742 318 865 11 12 906 257 471 16 17 4 494 20 577 880 724 21  [1;32 265200 0.60956807684731 [0 
1 2 3 835 446 781 687 992 318 865 11 12 906 257 80 16 17 332 494 20 577 880 724 743  [1;32 271200 0.61883591057867 [0 
1 2 3 47 446 340 687 992 318 865 11 12 906 257 80 347 17 332 494 331 870 880 724 743  [1;32 319200 0.62382920976006 [0 
1 2 3 47 446 340 687 992 318 865 11 12 906 257 80 347 17 332 850 331 870 880 887 743  [1;32 321600 0.62671342691052 [0 
1 295 3 47 446 340 687 992 318 865 11 12 906 257 80 347 17 332 850 331 870 880 887 743  [1;32 355200 0.63866370881194 [0 
1 295 3 47 446 340 687 992 318 865 11 12 964 257 80 347 17 332 850 331 870 880 887 743  [1;32 415200 0.65572306631184 [0 
1 316 3 47 446 340 687 992 318 865 11 640 964 257 80 347 17 332 850 599 870 880 887 743  [1;32 420000 0.66115020998609 [0 
1 316 3 47 446 340 687 992 318 865 11 640 964 257 80 347 17 332 850 599 870 880 887 323  [1;32 906000 0.66591112002076 [0 
1 316 3 47 446 340 687 992 318 878 11 640 964 257 80 347 17 332 850 599 870 375 887 323  [1;32 1423200 0.8152781402354 [0 
1 302 3 185 446 340 687 992 318 739 11 640 964 257 80 347 393 332 850 599 870 375 550 323  [1;32 1429200 0.81566482057369 [0 
seed 100
1 302 3 185 446 340 687 992 318 739 11 640 964 257 80 347 393 332 850 599 870 375 550 323 
1000 999 
best 0.81566482057369
 [0 
