1 2 3 4 5 6 7 8 9 10 11 12 13 14 15 16 17 18 19 20 21 22 23 24 [1;32m1200 0.13518027554649[0m
1 2 3 4 5 6 7 8 9 10 11 12 13 14 15 16 17 18 19 20 21 22 23 24 [1;32m2400 0.17492416050363[0m
1 2 3 4 5 6 7 8 9 10 11 12 13 14 15 16 17 18 19 20 21 22 23 24 [1;32m3600 0.19244934522339[0m
1 2 3 4 5 6 7 8 9 10 11 12 13 14 15 16 17 18 19 20 21 22 23 24 [1;32m4800 0.23367278573479[0m
1 642 3 4 5 6 7 8 9 436 11 12 13 14 348 16 17 28 19 20 21 22 23 24 [1;32m13200 0.24522490073113[0m
1 642 3 4 5 6 7 8 9 594 11 12 13 14 348 16 960 28 978 20 21 22 678 24 [1;32m46800 0.30057008327379[0m
1 642 3 4 5 6 7 8 9 594 11 12 13 14 348 378 960 28 978 20 21 22 678 24 [1;32m49200 0.30301823715642[0m
1 642 3 4 5 6 7 8 9 594 11 12 13 14 348 378 960 28 978 20 21 22 678 24 [1;32m50400 0.3104430663309[0m
1 642 3 4 5 6 7 652 9 594 431 272 13 14 348 378 960 28 978 20 21 22 180 24 [1;32m55200 0.33357270325799[0m
1 642 3 4 5 6 7 652 9 594 431 272 13 14 348 378 960 28 978 20 21 22 180 24 [1;32m56400 0.33522135456087[0m
1 642 593 4 5 6 7 652 9 594 431 272 13 254 348 378 960 28 978 20 21 22 180 24 [1;32m79200 0.37156630424029[0m
1 642 593 4 5 6 7 652 9 594 431 272 13 254 348 378 960 28 978 20 21 22 180 511 [1;32m96000 0.37170538681194[0m
549 642 593 4 5 6 343 737 9 594 431 272 13 254 348 378 200 28 978 20 21 22 180 511 [1;32m132000 0.42190960244637[0m
549 642 593 4 5 6 343 737 9 594 431 272 13 254 348 378 200 28 978 20 624 329 180 511 [1;32m276000 0.46124884337221[0m
549 642 783 4 5 6 343 780 9 594 431 272 80 254 348 378 200 28 978 530 624 329 180 179 [1;32m284400 0.50028630953357[0m
549 642 783 4 5 6 343 780 925 594 431 272 80 254 348 378 200 28 978 530 624 329 180 179 [1;32m386400 0.50661679865478[0m
549 642 783 4 5 6 343 780 925 594 431 272 80 153 348 684 200 28 978 532 624 329 180 179 [1;32m495600 0.52513319455336[0m
549 642 783 742 5 6 343 780 925 594 431 272 80 153 348 684 200 94 978 532 945 329 180 179 [1;32m513600 0.5533369586987[0m
549 126 783 742 5 6 343 780 925 594 431 272 80 153 348 684 200 94 978 532 945 329 180 179 [1;32m620400 0.61162322937659[0m
348 126 783 647 5 6 343 780 925 594 431 272 80 153 348 684 200 94 978 532 945 329 180 179 [1;32m625200 0.611696932013[0m
348 126 783 647 5 6 343 780 925 594 555 272 80 153 348 684 448 94 978 532 945 329 180 102 [1;32m628800 0.6265222146584[0m
348 126 783 647 5 6 744 780 925 594 555 272 80 153 348 280 448 94 978 532 945 329 180 102 [1;32m636000 0.71899284738869[0m
276 126 783 647 5 6 744 780 925 594 555 128 80 153 348 945 448 94 978 532 945 329 180 102 [1;32m646800 0.72386672186565[0m
276 126 783 647 5 298 436 614 925 594 555 128 80 153 348 945 448 94 978 532 945 329 180 102 [1;32m694800 0.76006652113459[0m
276 126 783 647 5 298 436 614 925 594 555 672 80 153 348 945 448 816 978 532 945 329 180 102 [1;32m721200 0.76049305407803[0m
276 126 783 347 894 298 379 614 925 594 555 672 80 153 348 945 24 816 978 532 945 329 652 102 [1;32m871200 0.79645978656273[0m
276 126 783 347 894 298 379 614 925 48 555 789 80 725 348 945 24 816 978 532 945 329 652 102 [1;32m891600 0.81732937726617[0m
seed 88
276 126 783 347 894 298 379 614 925 48 555 789 80 725 348 945 24 816 978 532 945 329 652 102 
1000 999 
best 0.81732937726617
[0m
