1 2 3 4 5 6 7 8 967 10 11 12 13 14 15 16 17 18 19 480 21 138 23 446 [1;32m20400 0.50001381869353[0m
1 2 3 133 5 6 7 8 967 10 11 12 13 14 15 16 17 871 19 480 21 138 23 907 [1;32m88800 0.80919822078939[0m
1 2 3 133 5 6 7 8 967 10 11 12 13 14 15 16 17 871 19 480 21 138 23 907 [1;32m90000 0.82519078543614[0m
1 2 3 418 5 488 7 8 967 10 11 12 13 14 15 16 881 871 19 480 21 138 23 599 [1;32m274800 0.84518918094991[0m
1 2 3 418 5 488 7 8 967 10 11 12 13 14 15 16 881 871 19 480 21 138 23 599 [1;32m276000 0.8793276493989[0m
1 2 3 418 5 488 7 8 967 10 11 12 13 14 15 16 881 871 19 480 21 138 23 599 [1;32m277200 0.89089504629557[0m
1 298 3 418 5 488 309 157 967 10 11 12 13 14 15 16 881 871 19 480 21 138 23 37 [1;32m1414800 0.89765237392492[0m
seed 11
1 298 3 418 5 488 309 157 967 10 11 12 13 14 15 16 881 871 19 480 21 138 23 37 
1000 999 
best 0.89765237392492
[0m
