1 2 3 4 5 6 7 8 9 10 11 12 13 14 15 16 17 18 19 20 21 22 23 24  [1;32 1200 0.018157494835604 [0 
1 2 3 4 5 6 7 8 9 10 11 12 13 14 15 16 17 18 19 20 21 979 23 24  [1;32 3600 0.021704724606542 [0 
1 2 3 4 5 6 7 8 9 10 11 12 13 14 15 16 17 18 19 20 21 979 23 24  [1;32 4800 0.027042586726513 [0 
281 2 254 4 5 6 470 8 9 10 374 12 539 14 15 16 17 18 19 20 21 979 23 24  [1;32 9600 0.030858888685551 [0 
281 2 254 4 5 6 470 8 9 10 374 12 539 14 15 16 17 18 19 20 21 979 23 24  [1;32 10800 0.042805351494464 [0 
281 2 254 4 5 6 470 8 9 10 374 12 539 14 283 16 17 18 19 20 21 979 23 24  [1;32 13200 0.080132032647143 [0 
281 2 254 4 5 6 470 8 9 10 374 12 539 14 283 16 17 18 19 20 21 979 23 24  [1;32 14400 0.082555203262943 [0 
281 2 254 4 5 6 470 8 9 10 374 12 539 14 283 16 17 18 19 20 21 979 23 24  [1;32 15600 0.085046204008051 [0 
281 2 254 4 5 6 470 8 9 10 374 12 539 14 283 16 17 18 19 20 21 979 23 24  [1;32 16800 0.10732752849988 [0 
281 2 254 4 970 964 470 8 9 10 374 12 539 348 283 16 967 18 19 20 21 979 23 24  [1;32 123600 0.19101427805456 [0 
281 797 254 4 970 964 470 8 9 10 374 12 577 348 85 16 521 18 19 20 21 979 696 24  [1;32 153600 0.19750071343103 [0 
281 230 254 4 970 964 470 8 9 10 374 12 577 348 85 16 521 18 19 20 21 979 696 24  [1;32 162000 0.20222849724516 [0 
281 320 808 676 970 964 56 8 9 10 164 12 577 348 85 16 521 18 19 20 21 377 696 24  [1;32 178800 0.23972534994858 [0 
281 320 808 676 970 964 56 8 9 10 164 12 577 348 85 16 521 18 19 20 21 377 696 24  [1;32 180000 0.24859100943678 [0 
207 320 808 676 970 964 56 8 9 10 164 12 577 348 85 16 521 18 19 20 21 377 696 24  [1;32 195600 0.26821122988384 [0 
207 320 808 676 970 964 56 8 9 10 164 12 577 348 85 16 521 18 19 20 21 377 299 24  [1;32 216000 0.26962374245801 [0 
207 320 808 676 970 964 56 8 93 10 746 12 577 348 85 16 704 18 19 20 21 377 299 24  [1;32 289200 0.47440584230754 [0 
207 320 808 676 970 964 56 8 93 10 746 12 577 348 85 16 704 18 19 20 21 377 299 24  [1;32 290400 0.51352526576828 [0 
207 320 808 676 970 964 56 8 93 10 746 798 577 348 85 16 704 18 19 20 21 377 299 24  [1;32 300000 0.55075035099024 [0 
207 320 808 676 970 964 56 8 93 10 746 798 577 348 85 16 704 203 19 20 21 377 299 24  [1;32 308400 0.55809548354367 [0 
207 320 808 676 970 964 56 8 93 10 746 798 577 348 85 16 704 175 19 20 21 377 962 24  [1;32 313200 0.56173414101254 [0 
207 320 808 676 970 964 56 8 93 761 746 798 93 348 85 425 704 175 19 20 21 377 962 24  [1;32 364800 0.56607575089922 [0 
207 320 808 676 970 573 636 8 93 761 746 798 93 348 85 435 704 175 19 20 21 377 328 24  [1;32 460800 0.61860201303624 [0 
207 320 808 676 970 573 636 8 93 761 746 168 93 348 85 435 704 175 19 20 21 886 328 24  [1;32 619200 0.64577855740128 [0 
207 320 814 676 970 138 636 336 93 761 746 168 93 348 85 435 704 175 19 20 21 886 328 24  [1;32 715200 0.65164342012917 [0 
245 320 814 676 970 138 636 336 93 761 746 168 93 348 85 435 704 175 19 20 21 886 328 24  [1;32 768000 0.65726204381527 [0 
seed 94
245 320 814 676 970 138 636 336 93 761 746 168 93 348 85 435 704 175 19 20 21 886 328 24 
1000 999 
best 0.65726204381527
 [0 
