1 2 3 4 5 6 7 8 9 10 11 12 13 14 15 16 17 18 19 20 21 22 23 24  [1;32 1200 0.49457280750717 [0 
1 2 3 4 5 6 7 8 9 10 11 12 13 14 15 16 17 18 19 20 21 22 23 24  [1;32 2400 0.49538906399864 [0 
1 2 3 4 5 6 7 8 9 10 11 12 13 14 15 16 17 18 19 20 21 22 23 24  [1;32 3600 0.49540091064863 [0 
1 2 3 4 5 6 7 8 9 10 11 12 13 14 15 16 17 18 19 20 21 22 23 24  [1;32 4800 0.49540371886048 [0 
1 2 685 4 5 6 7 8 9 10 11 12 13 14 15 16 17 18 19 20 21 22 23 24  [1;32 16800 0.50740371474742 [0 
1 119 685 4 5 6 7 8 9 10 11 12 13 14 15 956 617 18 19 62 21 22 23 24  [1;32 21600 0.57541511620686 [0 
1 119 685 4 5 6 7 318 9 10 11 12 13 14 15 956 377 18 19 62 21 22 23 24  [1;32 33600 0.62812655535608 [0 
1 119 262 4 5 6 7 318 9 10 11 12 13 14 15 956 377 18 56 62 305 22 23 706  [1;32 72000 0.7951096684237 [0 
1 317 262 971 5 6 7 318 9 10 11 12 13 14 15 956 377 18 344 62 305 22 23 100  [1;32 86400 0.80407384082394 [0 
1 317 262 971 5 6 7 318 910 10 11 12 13 14 15 956 377 18 344 62 305 22 23 100  [1;32 201600 0.84876742342594 [0 
1 312 262 233 5 6 7 318 361 10 11 12 13 14 15 956 377 18 344 772 305 22 23 100  [1;32 212400 0.85994767345016 [0 
1 312 262 233 5 6 7 318 361 10 11 12 13 14 15 956 377 18 344 772 305 22 23 100  [1;32 213600 0.8752195118303 [0 
1 312 262 233 171 6 7 318 361 10 11 12 13 14 15 956 377 18 344 402 305 22 802 100  [1;32 284400 0.88044110018577 [0 
1 312 254 233 171 6 7 318 361 10 11 12 13 14 15 956 377 18 344 402 305 22 802 100  [1;32 465600 0.88826116707629 [0 
1 312 254 233 171 6 7 318 361 10 11 12 13 14 15 821 377 18 344 402 305 22 802 100  [1;32 873600 0.88851361052778 [0 
1 312 254 233 486 163 812 318 54 10 11 12 13 14 15 821 377 18 344 402 305 22 802 100  [1;32 942000 0.8887846614681 [0 
seed 8
1 312 254 233 486 163 812 318 54 10 11 12 13 14 15 821 377 18 344 402 305 22 802 100 
1000 999 
best 0.8887846614681
 [0 
