1 2 3 4 5 6 7 8 9 10 11 12 13 14 15 16 17 18 19 20 21 22 23 24 [1;32m1200 0.02972483614407[0m
1 2 3 4 5 6 7 622 9 10 11 12 13 14 15 16 587 18 19 377 21 974 23 24 [1;32m3600 0.030543379022395[0m
1 2 3 4 5 6 7 622 9 10 11 12 13 14 15 16 587 18 19 377 21 974 23 24 [1;32m4800 0.03550607142167[0m
1 2 3 4 5 6 7 622 9 493 11 12 494 14 15 16 587 18 19 377 21 974 23 24 [1;32m8400 0.040458339619842[0m
268 2 3 4 5 6 7 622 9 370 11 12 494 14 15 16 587 18 19 377 21 974 23 24 [1;32m20400 0.047062019277377[0m
268 67 3 721 5 6 7 622 592 370 11 12 494 14 15 16 587 18 19 377 21 974 23 24 [1;32m32400 0.048749728036425[0m
268 890 3 721 5 6 7 622 592 370 212 12 494 470 15 16 587 18 19 377 979 974 23 24 [1;32m38400 0.070774816567548[0m
268 890 3 721 5 6 7 622 592 967 212 543 494 470 15 16 905 18 19 377 979 974 951 24 [1;32m54000 0.079349148557099[0m
268 890 3 721 5 6 7 622 592 967 212 543 494 470 15 16 905 18 19 377 979 974 951 24 [1;32m55200 0.079411374041497[0m
268 890 3 721 5 6 7 622 592 967 212 543 494 470 301 16 841 18 19 233 948 974 951 24 [1;32m66000 0.1040337749065[0m
268 890 3 721 5 6 502 622 592 967 212 543 494 828 301 16 841 18 19 233 984 974 951 531 [1;32m195600 0.1106388451748[0m
839 890 3 721 910 6 502 622 592 967 158 543 494 828 301 16 841 18 837 233 984 644 951 531 [1;32m255600 0.15865453143713[0m
839 890 3 721 910 6 502 622 592 967 158 543 494 828 301 16 841 18 837 233 984 644 951 531 [1;32m256800 0.17014784955546[0m
839 890 3 721 910 6 502 622 592 967 158 543 346 828 301 16 841 18 837 233 984 644 951 531 [1;32m261600 0.17751664331221[0m
839 890 3 721 910 6 776 622 592 967 158 543 346 828 833 16 930 573 837 233 984 644 951 531 [1;32m279600 0.20393451839986[0m
839 890 3 721 910 6 776 622 592 967 158 543 346 828 833 16 930 573 837 233 984 644 951 531 [1;32m280800 0.212194080248[0m
763 890 3 721 910 6 956 622 592 440 158 543 346 828 552 16 930 573 837 233 984 644 951 531 [1;32m285600 0.23392990710662[0m
763 890 3 721 910 6 956 622 592 440 158 543 346 828 552 16 930 573 837 233 984 644 951 531 [1;32m286800 0.24604399524523[0m
763 890 531 721 910 6 192 622 592 205 158 543 346 828 552 16 930 573 837 233 984 644 951 531 [1;32m307200 0.25017997416977[0m
763 890 531 721 910 6 192 540 592 205 158 543 346 828 552 16 670 709 837 233 499 644 951 531 [1;32m309600 0.26776366227163[0m
763 890 531 721 910 6 192 540 592 205 158 543 346 828 552 16 670 709 837 233 499 644 951 531 [1;32m310800 0.27827747704212[0m
352 890 531 721 910 6 192 540 592 205 158 543 774 828 552 16 670 147 587 233 499 644 951 531 [1;32m367200 0.29479346335881[0m
352 890 531 721 910 6 192 540 592 205 158 543 774 828 552 16 670 147 587 233 499 644 951 531 [1;32m368400 0.29975397849362[0m
352 890 531 721 910 736 192 540 592 205 158 543 774 828 552 16 670 147 128 233 499 644 951 531 [1;32m414000 0.31127715433277[0m
352 890 531 721 910 736 192 540 592 205 158 543 774 286 552 16 670 147 128 202 499 644 951 531 [1;32m423600 0.36494392380221[0m
293 890 531 721 910 736 192 540 592 205 158 543 774 286 552 16 670 147 128 202 499 644 951 531 [1;32m535200 0.383120428567[0m
293 890 531 721 910 736 712 540 592 205 158 543 774 286 552 16 670 147 128 388 732 644 951 531 [1;32m586800 0.43180472395121[0m
seed 6
293 890 531 721 910 736 712 540 592 205 158 543 774 286 552 16 670 147 128 388 732 644 951 531 
1000 999 
best 0.43180472395121
[0m
