1 2 3 4 5 6 7 8 9 10 11 12 13 14 15 16 17 18 19 20 21 22 23 24 [1;32m1200 0.085035417684007[0m
1 2 3 4 5 6 7 8 9 10 11 12 13 14 15 16 17 18 19 20 21 22 23 24 [1;32m2400 0.094951771777436[0m
1 2 3 4 5 6 7 8 9 10 11 366 577 14 15 16 326 18 19 20 21 22 961 24 [1;32m6000 0.095774094351297[0m
1 2 194 547 5 6 890 8 9 10 11 366 577 14 15 367 326 18 19 20 21 22 329 24 [1;32m9600 0.096152306839711[0m
1 2 194 547 5 285 890 8 9 10 11 366 577 14 902 367 326 18 285 20 21 22 329 24 [1;32m13200 0.096196678768208[0m
1 2 194 547 5 726 890 8 9 10 11 883 577 14 923 367 718 340 285 605 21 22 329 24 [1;32m19200 0.10075708316539[0m
1 2 194 547 5 726 890 8 9 10 11 883 577 14 923 367 718 340 285 605 21 22 329 24 [1;32m20400 0.1270665201922[0m
512 658 194 547 5 378 890 8 9 40 11 883 577 14 923 841 718 340 285 605 21 22 329 24 [1;32m73200 0.13539978562534[0m
512 658 194 547 5 378 890 8 669 40 11 883 317 14 923 775 718 340 285 605 21 22 329 24 [1;32m75600 0.13621981503477[0m
512 658 194 547 5 378 890 8 669 40 480 883 317 14 923 775 693 340 285 605 21 22 329 24 [1;32m85200 0.15269790337288[0m
512 658 194 547 5 378 890 8 669 40 480 883 317 14 923 775 693 340 285 605 21 22 329 24 [1;32m86400 0.15814083966795[0m
512 658 194 547 5 460 890 8 747 40 480 883 317 14 923 775 693 340 285 605 21 22 329 24 [1;32m90000 0.17015914357092[0m
512 658 194 547 5 460 890 8 747 40 480 883 317 14 923 775 693 340 285 560 21 22 329 705 [1;32m207600 0.18239143789296[0m
512 658 565 547 5 460 890 171 747 72 480 883 317 14 923 775 693 340 285 566 471 731 329 705 [1;32m290400 0.19905781929984[0m
512 658 565 547 5 460 890 171 747 72 480 883 317 14 923 775 693 340 285 566 471 731 329 705 [1;32m291600 0.20401082749344[0m
512 658 565 547 5 460 890 171 747 72 480 883 317 14 923 775 693 340 285 566 471 731 329 705 [1;32m292800 0.20963407811808[0m
512 658 565 547 5 94 890 171 747 292 480 883 317 14 923 376 693 340 285 566 804 556 329 705 [1;32m302400 0.23429441960506[0m
512 658 565 547 5 432 890 171 344 292 480 652 317 14 923 376 693 340 285 566 804 556 918 705 [1;32m315600 0.3034551277438[0m
512 658 565 547 5 432 890 580 344 292 480 652 317 14 923 376 693 157 285 566 804 556 918 705 [1;32m319200 0.30962596370063[0m
512 658 565 547 5 432 890 580 344 292 480 404 317 14 923 962 693 516 285 566 804 556 743 705 [1;32m388800 0.42384358903977[0m
512 658 565 547 5 432 890 580 344 292 480 404 317 14 923 962 693 516 277 566 804 556 743 705 [1;32m468000 0.5152166026935[0m
seed 92
512 658 565 547 5 432 890 580 344 292 480 404 317 14 923 962 693 516 277 566 804 556 743 705 
1000 999 
best 0.5152166026935
[0m
