1 2 3 4 5 6 7 8 9 10 11 12 13 14 15 16 17 18 19 20 21 22 23 24  [1;32 1200 0.00082539931038637 [0 
1 2 3 4 5 6 223 215 9 10 11 12 13 14 915 16 510 255 550 20 21 22 23 24  [1;32 108000 0.0040822474560813 [0 
1 2 108 4 5 971 223 583 9 10 11 12 13 14 915 16 510 255 550 20 21 22 23 24  [1;32 141600 0.070178184552481 [0 
1 150 108 4 5 971 223 583 9 10 11 12 13 14 915 16 510 255 550 926 21 22 23 24  [1;32 147600 0.19395188275858 [0 
734 150 108 4 5 479 223 583 9 10 11 12 13 14 915 495 510 255 550 926 21 22 23 24  [1;32 156000 0.53021011274763 [0 
734 150 108 4 5 479 223 583 9 10 11 12 13 14 915 495 510 255 550 926 21 22 23 24  [1;32 157200 0.54020219455786 [0 
734 150 108 4 5 479 223 583 9 10 11 12 13 14 915 495 510 255 550 926 21 22 23 24  [1;32 158400 0.5452992083631 [0 
734 150 108 4 5 479 223 583 9 10 11 109 13 14 915 495 510 255 550 926 21 22 23 24  [1;32 162000 0.55737132273447 [0 
734 150 210 4 5 479 223 583 9 10 11 109 13 14 915 495 510 255 550 926 21 22 23 24  [1;32 165600 0.64743826953236 [0 
734 150 210 4 5 479 223 583 9 10 24 109 378 14 915 626 510 255 550 926 21 22 476 24  [1;32 174000 0.66753394731252 [0 
734 150 210 4 5 479 223 583 9 10 24 109 378 14 915 626 510 255 550 926 21 22 476 24  [1;32 175200 0.77481956113786 [0 
734 961 136 4 313 479 223 583 9 724 24 109 378 14 915 626 510 255 550 1 21 789 476 24  [1;32 181200 0.85086802403979 [0 
734 961 136 10 313 479 223 583 133 724 24 109 677 14 836 626 510 255 550 1 21 789 476 24  [1;32 240000 0.87091137835573 [0 
734 961 136 10 313 479 223 583 133 991 24 109 263 14 684 626 28 255 550 1 21 789 476 24  [1;32 265200 0.89044936082663 [0 
734 961 136 165 313 479 223 583 133 991 24 109 263 14 684 839 28 255 550 1 21 789 476 24  [1;32 1246800 0.90430601927123 [0 
seed 65
734 961 136 165 313 479 223 583 133 991 24 109 263 14 684 839 28 255 550 1 21 789 476 24 
1000 999 
best 0.90430601927123
 [0 
