572 2 3 956 5 6 7 914 9 10 11 12 13 14 15 16 17 18 19 20 21 22 23 24 [1;32m1284000 0.00077969392451787[0m
572 2 3 956 385 6 986 914 9 10 11 12 13 14 15 16 17 18 19 20 21 895 23 24 [1;32m1299600 0.0019364962841998[0m
572 2 3 956 385 611 986 914 9 10 11 12 13 39 15 16 17 18 19 20 21 895 23 802 [1;32m1348800 0.0025522672956502[0m
572 2 63 956 385 611 986 914 9 10 11 12 497 39 15 16 17 18 19 20 21 895 23 802 [1;32m1365600 0.0027381726581516[0m
572 2 115 956 385 611 986 914 9 338 11 12 497 39 15 16 17 18 19 20 846 895 23 802 [1;32m1406400 0.0028017350858143[0m
seed 16
572 2 115 956 385 611 986 914 9 338 11 12 497 39 15 16 17 18 19 20 846 895 23 802 
1000 999 
best 0.0028017350858143
[0m
