1 2 3 4 5 6 7 8 9 10 11 12 13 14 15 16 17 18 19 20 21 22 23 24 [1;32m1200 0.00082539931038637[0m
1 791 3 4 5 6 7 8 899 111 11 12 13 419 15 16 17 648 19 20 21 22 23 24 [1;32m192000 0.22081051286471[0m
1 791 3 4 5 6 693 8 899 111 11 12 13 419 15 16 17 648 907 20 853 22 692 24 [1;32m217200 0.57045271950566[0m
1 263 3 4 501 6 186 8 899 111 11 980 13 419 15 256 17 648 907 20 853 22 692 24 [1;32m220800 0.67132091259751[0m
1 263 3 4 501 6 186 8 899 111 11 980 99 419 15 256 17 648 907 20 504 22 692 24 [1;32m226800 0.68038234407773[0m
89 263 3 4 501 653 186 8 899 111 422 980 99 811 15 256 17 648 907 107 504 22 594 24 [1;32m435600 0.70706907868679[0m
89 263 3 4 393 653 186 8 899 111 422 980 99 811 15 256 17 648 907 107 504 410 594 24 [1;32m493200 0.78378293271577[0m
80 302 3 4 393 710 186 8 899 111 422 980 99 811 15 256 22 648 907 107 504 410 594 516 [1;32m598800 0.80840397294334[0m
80 302 306 4 393 710 186 8 899 111 422 980 99 811 15 256 22 648 243 107 504 410 594 516 [1;32m601200 0.82724299622118[0m
80 302 306 4 393 710 186 8 899 111 422 980 99 811 15 256 22 648 243 107 504 410 594 516 [1;32m602400 0.88629395491966[0m
seed 65
80 302 306 4 393 710 186 8 899 111 422 980 99 811 15 256 22 648 243 107 504 410 594 516 
1000 999 
best 0.88629395491966
[0m
