1 2 3 4 5 6 7 8 9 10 11 12 13 14 15 16 17 18 19 20 21 22 23 24 [1;32m1200 0.071423438823574[0m
1 2 3 652 5 6 7 8 9 10 11 12 13 14 15 16 17 374 19 20 21 927 23 24 [1;32m14400 0.17700201261087[0m
1 2 3 652 921 6 7 8 9 10 11 12 13 14 815 639 17 374 19 20 43 927 23 24 [1;32m139200 0.34247529098604[0m
1 2 3 652 921 6 7 8 9 10 11 12 13 14 815 639 17 374 19 20 43 927 23 24 [1;32m140400 0.35460538697871[0m
1 2 3 652 921 6 7 8 9 10 11 12 13 14 815 639 17 374 19 20 43 927 23 24 [1;32m141600 0.37232569786937[0m
1 2 3 652 921 6 7 8 9 10 11 12 13 14 838 639 17 374 19 20 43 927 739 24 [1;32m230400 0.4208492753291[0m
1 2 3 652 921 6 7 8 9 10 11 12 13 14 838 639 17 374 19 20 43 927 739 24 [1;32m231600 0.43904818595339[0m
1 2 3 652 921 6 7 8 9 10 11 12 13 14 838 639 17 374 19 20 43 927 739 735 [1;32m238800 0.47686009752065[0m
1 2 3 652 921 6 7 8 9 10 11 12 13 14 838 639 17 374 19 20 43 927 739 735 [1;32m240000 0.4832039627288[0m
1 2 3 652 921 895 7 8 9 10 11 12 13 14 838 639 17 374 19 20 32 927 739 735 [1;32m254400 0.7943852608786[0m
1 2 3 652 921 895 599 8 223 10 11 12 13 14 731 639 17 374 19 20 656 927 739 622 [1;32m258000 0.8397626862876[0m
1 2 3 695 921 895 599 8 223 10 80 12 13 14 731 639 126 374 19 20 656 927 739 622 [1;32m264000 0.8572495879612[0m
1 2 3 695 921 895 599 8 223 10 80 12 13 14 731 639 288 374 19 20 656 927 959 523 [1;32m498000 0.87383242896592[0m
1 2 3 695 921 895 599 8 223 10 80 12 13 14 731 639 288 374 19 20 656 927 959 523 [1;32m499200 0.89407087668786[0m
seed 15
1 2 3 695 921 895 599 8 223 10 80 12 13 14 731 639 288 374 19 20 656 927 959 523 
1000 999 
best 0.89407087668786
[0m
