1 2 3 4 5 6 7 8 9 10 11 12 13 14 15 16 17 18 19 20 21 22 23 24 [1;32m1200 0.001068579314578[0m
1 2 3 4 5 6 826 8 9 10 11 12 13 14 15 16 17 18 19 20 21 22 23 24 [1;32m6000 0.0014188348709755[0m
1 2 3 4 5 6 826 8 9 10 11 12 13 14 15 16 17 830 19 20 21 22 23 24 [1;32m18000 0.0027594961155517[0m
1 2 3 4 141 6 826 8 9 10 11 12 13 71 15 16 17 377 19 20 457 22 23 24 [1;32m34800 0.0040218148400146[0m
1 2 3 4 141 6 826 8 9 10 11 12 389 71 15 16 17 377 19 573 457 22 23 24 [1;32m52800 0.0041123835917803[0m
1 2 3 4 141 6 826 8 9 10 11 12 389 71 15 514 17 377 19 573 457 22 23 24 [1;32m129600 0.039485605758522[0m
1 2 460 4 141 6 826 8 9 10 11 696 389 71 755 514 17 377 433 573 457 40 23 24 [1;32m132000 0.047248237904999[0m
1 2 448 4 193 6 739 8 9 10 11 696 389 71 755 514 17 377 324 573 457 40 23 24 [1;32m138000 0.048293945060091[0m
735 2 448 4 193 6 739 8 9 438 11 696 389 71 755 514 471 377 324 826 457 40 547 24 [1;32m146400 0.44611857008082[0m
735 2 448 4 193 6 739 8 9 438 11 696 389 71 755 514 471 377 324 826 457 40 547 24 [1;32m147600 0.46505851524195[0m
735 2 448 4 193 6 739 8 9 438 11 696 389 71 755 514 471 377 324 826 406 40 547 24 [1;32m151200 0.75506148132959[0m
735 2 448 4 262 6 739 8 9 438 11 696 389 71 755 514 471 377 324 826 406 40 547 24 [1;32m156000 0.77158860773711[0m
735 2 448 4 262 6 739 8 9 438 11 696 389 71 755 514 471 377 324 826 406 40 547 535 [1;32m162000 0.79248183101774[0m
735 2 448 4 262 6 739 8 9 438 11 109 389 415 755 514 471 377 324 826 406 40 547 535 [1;32m214800 0.85234272440807[0m
735 2 448 4 262 6 739 8 600 438 11 109 389 415 755 514 471 377 324 826 406 40 547 535 [1;32m458400 0.87868378440517[0m
735 2 448 4 262 6 739 8 600 413 11 109 389 415 755 514 471 377 324 826 406 40 547 535 [1;32m775200 0.87873520373479[0m
735 2 448 4 262 6 739 8 600 413 11 109 389 415 755 514 471 377 324 826 406 40 547 535 [1;32m776400 0.87924965609647[0m
seed 73
735 2 448 4 262 6 739 8 600 413 11 109 389 415 755 514 471 377 324 826 406 40 547 535 
1000 999 
best 0.87924965609647
[0m
