1 2 3 4 5 6 7 8 9 10 11 12 13 14 15 16 17 18 19 20 21 22 23 24 [1;32m1200 0.12952036945467[0m
1 2 484 4 5 6 7 8 9 296 11 12 416 14 15 16 2 18 19 874 21 22 23 24 [1;32m703200 0.32446800069602[0m
1 2 484 96 5 6 7 8 9 296 11 12 416 14 15 16 2 18 19 874 21 22 23 24 [1;32m706800 0.32462680021216[0m
1 2 484 994 5 6 7 8 9 278 11 12 416 14 15 16 2 18 19 874 21 22 23 24 [1;32m712800 0.32699550484814[0m
748 2 127 994 5 6 7 62 127 594 11 12 416 15 15 16 2 18 19 874 21 22 23 24 [1;32m782400 0.45096282207891[0m
276 2 127 48 237 960 7 438 127 594 11 12 416 15 15 16 2 18 19 874 21 22 23 24 [1;32m838800 0.45109173990091[0m
276 947 127 203 237 960 571 438 127 594 11 12 416 65 652 884 2 18 19 874 21 22 23 24 [1;32m847200 0.68420027261779[0m
276 947 127 203 237 960 571 438 127 594 11 12 416 65 652 884 2 18 19 874 21 22 23 24 [1;32m848400 0.81793458422596[0m
seed 55
276 947 127 203 237 960 571 438 127 594 11 12 416 65 652 884 2 18 19 874 21 22 23 24 
1000 999 
best 0.81793458422596
[0m
