1 2 864 4 5 6 7 8 9 10 11 12 13 14 15 16 17 18 19 20 415 315 23 24  [1;32 334800 0.0029529888182 [0 
1 2 864 4 5 6 118 8 9 10 11 12 13 14 819 16 17 18 19 20 927 315 23 24  [1;32 358800 0.79673600502969 [0 
1 2 864 4 5 6 118 8 9 10 11 12 13 14 819 16 17 18 19 20 927 315 23 24  [1;32 360000 0.80267316772483 [0 
1 2 864 4 5 6 118 8 9 10 11 12 13 14 819 16 17 18 19 20 927 315 23 24  [1;32 361200 0.85710176951969 [0 
1 2 864 4 5 6 118 8 9 10 11 12 13 14 37 16 17 18 19 20 927 315 23 24  [1;32 364800 0.85817796922341 [0 
1 715 864 4 5 428 597 8 9 10 11 12 13 14 37 16 17 18 59 20 927 315 552 24  [1;32 372000 0.85911233955079 [0 
1 715 864 4 5 428 929 8 879 617 11 12 13 14 340 52 17 18 59 20 927 315 552 24  [1;32 385200 0.86074685473848 [0 
1 715 864 4 5 428 929 8 879 617 11 12 13 14 340 52 17 18 59 20 927 315 552 282  [1;32 392400 0.86127346727698 [0 
1 835 864 4 5 428 461 8 879 617 11 12 13 14 340 716 17 570 59 20 927 315 552 282  [1;32 757200 0.86691002429974 [0 
seed 59
1 835 864 4 5 428 461 8 879 617 11 12 13 14 340 716 17 570 59 20 927 315 552 282 
1000 999 
best 0.86691002429974
 [0 
