1 2 3 4 5 6 796 8 9 10 38 12 418 299 15 340 17 18 19 411 21 22 23 24  [1;32 109200 0.22387785826109 [0 
1 2 3 599 5 6 796 8 9 10 38 12 418 299 15 340 17 18 19 99 177 22 23 24  [1;32 326400 0.43630050218512 [0 
435 2 3 599 5 6 796 8 531 10 38 12 418 299 15 340 17 18 19 99 177 309 23 24  [1;32 1075200 0.4967519204113 [0 
435 2 3 599 5 89 796 8 531 10 38 12 418 299 15 340 17 18 19 99 177 309 23 24  [1;32 1261200 0.49899161871282 [0 
435 2 3 599 5 89 796 8 531 10 38 12 988 299 15 691 17 18 19 99 212 309 112 24  [1;32 1308000 0.50127853368582 [0 
seed 10
435 2 3 599 5 89 796 8 531 10 38 12 988 299 15 691 17 18 19 99 212 309 112 24 
1000 999 
best 0.50127853368582
 [0 
