1 2 3 4 5 6 7 8 9 10 11 12 13 14 15 16 17 18 19 20 21 22 23 24 [1;32m1200 0.012915058497882[0m
1 2 3 4 5 92 7 65 9 10 11 523 13 14 15 16 17 18 19 20 21 22 23 24 [1;32m14400 0.018828886195994[0m
1 2 3 4 5 475 7 65 9 10 11 523 13 14 250 16 17 18 803 20 21 22 23 24 [1;32m27600 0.033843947315131[0m
1 2 3 4 5 475 7 65 9 10 11 523 13 14 250 16 17 18 803 20 21 22 23 24 [1;32m28800 0.03384676095176[0m
1 2 3 4 5 475 7 65 9 10 11 523 13 14 250 16 17 18 803 20 21 22 23 24 [1;32m30000 0.03467908190039[0m
1 2 864 4 5 475 7 65 9 10 11 523 13 14 250 16 17 18 803 20 21 202 23 24 [1;32m39600 0.034680318971028[0m
1 2 864 4 299 475 7 65 9 10 11 767 13 14 250 460 17 18 803 20 21 202 23 24 [1;32m43200 0.045281340562412[0m
1 2 864 4 299 475 7 65 9 10 11 767 13 14 223 181 17 18 803 20 21 202 23 24 [1;32m56400 0.23212737962717[0m
1 2 864 306 299 475 7 65 9 10 190 767 13 14 223 181 17 18 803 20 21 202 23 325 [1;32m68400 0.45132524023803[0m
1 2 864 306 299 582 7 65 9 10 190 767 13 283 223 181 17 18 803 20 21 202 472 947 [1;32m183600 0.57846146477829[0m
seed 3
1 2 864 306 299 582 7 65 9 10 190 767 13 283 223 181 17 18 803 20 21 202 472 947 
1000 999 
best 0.57846146477829
[0m
