654 2 3 4 5 6 131 8 9 10 11 893 13 14 15 16 759 18 58 20 21 22 23 764 [1;32m58800 0.22371114480211[0m
654 2 3 4 5 6 961 8 9 10 11 893 656 14 15 16 759 18 58 20 21 22 23 764 [1;32m118800 0.43274342610834[0m
654 2 3 4 5 6 961 8 9 10 11 893 656 14 15 16 656 18 58 20 21 22 23 764 [1;32m247200 0.44388426720072[0m
654 2 3 4 5 453 961 8 9 10 11 893 656 14 222 16 656 745 58 20 21 22 23 764 [1;32m307200 0.56727444716831[0m
654 2 3 4 5 453 772 8 9 10 11 893 656 14 222 69 656 745 743 20 21 22 23 764 [1;32m633600 0.65686650098208[0m
654 2 3 4 5 453 772 8 9 10 11 893 656 14 222 69 656 745 743 20 21 22 23 764 [1;32m634800 0.77675160337789[0m
654 2 3 4 5 453 772 8 9 10 11 893 656 14 222 69 656 745 743 20 21 22 23 764 [1;32m636000 0.82512092905364[0m
seed 5
654 2 3 4 5 453 772 8 9 10 11 893 656 14 222 69 656 745 743 20 21 22 23 764 
1000 999 
best 0.82512092905364
[0m
