1 2 3 4 5 6 7 8 9 10 11 12 13 14 15 16 17 18 19 20 21 22 23 24 [1;32m1200 0.00082596768910709[0m
1 260 3 4 5 6 157 8 9 10 42 12 13 14 15 80 17 18 888 20 21 22 23 24 [1;32m433200 0.23580983642551[0m
1 260 3 4 5 6 157 8 9 10 42 12 13 14 15 80 17 18 888 20 21 22 199 24 [1;32m688800 0.32785137399566[0m
1 260 3 4 5 6 157 8 9 600 42 12 13 14 15 140 17 18 888 20 21 22 199 24 [1;32m1114800 0.33460272432092[0m
1 260 3 4 5 6 1 8 9 600 42 649 13 14 15 140 17 698 888 20 21 22 199 24 [1;32m1275600 0.41846204213344[0m
seed 8
1 260 3 4 5 6 1 8 9 600 42 649 13 14 15 140 17 698 888 20 21 22 199 24 
1000 999 
best 0.41846204213344
[0m
