1 94 914 4 5 6 7 8 9 10 11 47 417 14 15 16 17 18 19 20 308 22 23 24  [1;32 3600 0.0016527184031677 [0 
1 94 914 4 5 6 7 8 9 10 11 47 417 14 15 16 17 18 19 20 308 22 23 24  [1;32 4800 0.0024781758577725 [0 
1 94 914 4 5 6 7 8 9 10 11 52 963 14 15 16 17 18 19 836 342 22 23 24  [1;32 8400 0.0043723045591778 [0 
631 94 914 4 5 6 684 8 9 247 11 52 963 14 15 16 17 18 19 836 298 22 891 307  [1;32 15600 0.004708089928037 [0 
631 94 914 4 5 6 684 8 9 247 11 52 963 14 15 16 17 18 19 836 298 22 891 307  [1;32 16800 0.0051159909701898 [0 
480 94 914 4 5 562 684 8 9 247 11 52 963 14 15 16 17 18 19 836 336 22 891 367  [1;32 36000 0.012564075250576 [0 
480 94 578 4 5 113 684 682 9 247 11 52 963 14 721 16 17 271 247 836 336 22 891 367  [1;32 40800 0.014505529241802 [0 
480 94 578 4 5 113 684 682 9 247 11 52 963 14 721 16 17 271 247 836 336 22 891 367  [1;32 42000 0.016972542239106 [0 
348 94 578 4 5 113 559 682 9 247 11 52 963 14 721 165 17 271 247 836 264 22 891 367  [1;32 49200 0.019679811164611 [0 
276 94 590 4 5 113 559 682 9 247 11 52 727 14 721 165 17 271 247 227 264 487 891 239  [1;32 55200 0.020124488130014 [0 
276 94 590 269 5 113 559 682 9 247 11 129 727 676 721 700 17 271 247 227 264 487 891 239  [1;32 104400 0.0230734417561 [0 
276 94 590 269 5 113 559 682 9 247 11 129 727 676 721 700 17 271 247 227 264 487 891 239  [1;32 105600 0.030784650804419 [0 
148 94 590 269 5 325 559 682 9 247 11 129 727 676 721 700 17 488 252 227 264 487 891 239  [1;32 139200 0.036155020681025 [0 
148 94 590 269 5 325 559 682 9 247 11 14 727 676 721 700 17 488 252 227 264 487 891 251  [1;32 147600 0.037933105822288 [0 
148 94 590 269 5 325 559 682 9 247 11 14 727 676 721 700 17 488 252 227 264 487 891 251  [1;32 148800 0.045426239737172 [0 
148 94 590 269 5 325 559 682 9 247 11 14 727 676 721 700 17 488 252 227 264 487 891 251  [1;32 150000 0.045633968296995 [0 
148 94 590 269 5 325 559 682 9 247 868 14 727 676 721 519 17 488 252 227 264 487 891 251  [1;32 153600 0.10833843822594 [0 
148 94 590 269 5 325 559 682 9 247 868 14 727 676 721 519 17 488 252 227 264 487 891 251  [1;32 154800 0.15154811461606 [0 
148 907 590 269 5 325 908 682 86 247 868 14 727 676 721 519 681 488 252 227 705 487 891 251  [1;32 176400 0.17208134622545 [0 
148 788 590 269 835 325 908 682 86 247 868 14 727 676 721 253 681 488 252 227 705 487 891 251  [1;32 180000 0.20641607573278 [0 
148 788 590 269 835 325 908 682 86 247 868 14 727 676 721 253 681 488 252 227 705 487 891 251  [1;32 181200 0.21301454475755 [0 
148 788 590 269 835 325 908 682 86 247 868 14 727 676 721 253 681 488 252 227 705 487 891 251  [1;32 182400 0.22539712075008 [0 
148 788 590 269 835 325 908 682 86 247 868 14 727 676 721 253 681 488 252 227 705 487 891 251  [1;32 183600 0.22788103899329 [0 
148 788 590 269 663 325 908 682 86 247 868 325 727 676 721 253 681 488 252 227 705 487 891 251  [1;32 190800 0.24036230413006 [0 
148 468 590 269 344 555 908 682 86 247 868 325 727 676 924 253 681 583 252 227 705 487 891 251  [1;32 217200 0.25760619915199 [0 
148 468 590 269 344 555 908 682 86 247 868 325 727 676 924 253 681 583 252 227 705 487 891 251  [1;32 218400 0.25763432340847 [0 
148 468 773 269 344 555 908 52 86 247 868 325 535 236 618 253 681 583 252 364 705 487 891 251  [1;32 224400 0.2713823178485 [0 
148 468 773 269 344 555 908 52 695 247 868 325 535 186 618 253 681 583 252 364 705 487 891 251  [1;32 226800 0.29889127449326 [0 
148 468 773 269 730 555 908 52 695 247 868 325 295 186 618 253 681 583 220 364 44 487 891 492  [1;32 231600 0.30235557156032 [0 
148 468 773 269 730 555 908 52 695 247 868 325 295 186 618 253 681 583 220 364 44 487 891 492  [1;32 232800 0.30550482021326 [0 
148 468 773 269 730 555 908 52 695 247 868 325 360 186 618 253 681 583 13 364 44 487 891 492  [1;32 241200 0.3182480541842 [0 
148 468 773 818 730 555 908 52 695 247 868 325 360 186 504 253 681 583 13 364 135 487 891 492  [1;32 266400 0.33852964984665 [0 
148 468 773 818 730 555 908 52 695 247 868 325 360 186 504 253 681 583 13 364 135 487 891 492  [1;32 267600 0.36164049554595 [0 
148 468 773 818 730 555 908 52 695 247 868 886 360 186 504 253 467 583 13 364 135 487 137 492  [1;32 288000 0.39098913305454 [0 
148 468 773 818 730 555 908 52 695 247 868 886 360 186 504 253 467 583 13 364 135 487 137 492  [1;32 289200 0.43139377063549 [0 
148 468 773 818 730 555 908 52 695 247 868 886 360 186 504 253 467 692 13 364 135 487 137 492  [1;32 519600 0.44091140464561 [0 
148 468 773 818 730 555 908 52 695 247 868 886 481 186 504 253 467 692 13 364 125 830 810 15  [1;32 796800 0.48098659925843 [0 
148 468 773 818 730 555 908 52 695 247 868 886 481 186 504 253 467 692 13 364 125 830 810 15  [1;32 798000 0.50112717090096 [0 
148 468 773 818 730 555 908 52 695 247 868 886 594 186 504 253 467 692 13 364 125 830 810 15  [1;32 1173600 0.51552166211361 [0 
seed 75
148 468 773 818 730 555 908 52 695 247 868 886 594 186 504 253 467 692 13 364 125 830 810 15 
1000 999 
best 0.51552166211361
 [0 
