1 2 3 4 5 6 7 8 680 10 11 398 13 14 15 576 17 18 19 20 436 22 23 24 [1;32m70800 0.13016220013597[0m
1 2 3 335 5 6 7 8 680 440 11 398 13 14 15 576 17 18 19 20 436 709 132 710 [1;32m103200 0.15261626558768[0m
1 2 977 335 5 6 7 610 680 440 11 398 13 14 207 72 17 18 19 20 436 709 132 710 [1;32m114000 0.20546851070593[0m
1 2 977 335 5 6 7 610 680 440 11 398 13 14 207 72 17 18 19 20 436 709 132 710 [1;32m115200 0.37645025658896[0m
1 2 977 335 5 6 7 610 680 440 11 398 13 14 207 72 637 18 19 20 436 709 132 710 [1;32m136800 0.40324715475862[0m
1 2 977 335 5 6 7 610 680 440 11 398 13 14 207 642 637 18 19 615 436 709 132 710 [1;32m153600 0.42981882624613[0m
1 2 977 335 5 6 7 610 680 440 11 398 13 14 207 642 637 18 19 615 436 709 132 543 [1;32m180000 0.46658055991543[0m
1 2 519 335 5 6 7 945 680 440 37 398 438 14 207 642 637 18 19 615 436 709 132 189 [1;32m248400 0.48379697208016[0m
1 2 519 335 301 6 7 945 680 440 374 398 438 14 207 642 442 18 19 615 436 709 132 189 [1;32m265200 0.49272851468124[0m
1 2 519 150 301 6 7 945 680 440 374 398 438 14 207 642 442 18 147 615 436 709 132 189 [1;32m267600 0.55248593358726[0m
1 2 519 150 301 6 282 945 680 440 374 398 438 14 207 58 442 488 147 615 436 709 132 189 [1;32m283200 0.60058034655004[0m
1 2 519 150 681 6 802 945 680 440 374 398 438 14 207 566 442 488 147 615 436 265 132 189 [1;32m435600 0.65005342042107[0m
seed 67
1 2 519 150 681 6 802 945 680 440 374 398 438 14 207 566 442 488 147 615 436 265 132 189 
1000 999 
best 0.65005342042107
[0m
