1 2 3 4 5 6 7 8 9 10 11 12 13 14 15 16 17 18 19 20 21 22 23 24  [1;32 1200 0.0049557141968373 [0 
1 2 3 4 5 6 7 8 9 10 11 956 806 14 591 16 17 18 19 20 21 22 23 24  [1;32 4800 0.25073064567964 [0 
1 1000 3 4 5 6 7 8 9 10 11 956 806 14 591 16 17 18 19 20 21 22 23 24  [1;32 22800 0.35964694470186 [0 
1 1000 3 4 5 6 7 871 9 10 11 956 806 14 514 16 507 18 19 20 21 22 23 24  [1;32 106800 0.50186577707923 [0 
1 1000 3 4 5 6 7 871 223 10 11 956 806 14 514 16 507 18 19 20 21 22 23 24  [1;32 188400 0.60640318746653 [0 
1 1000 3 4 5 6 7 871 223 10 11 956 806 14 514 16 507 18 19 20 21 22 23 24  [1;32 189600 0.61120836890029 [0 
1 302 3 4 5 6 7 871 223 10 11 956 806 14 514 16 507 18 19 20 21 22 23 24  [1;32 204000 0.69877382187505 [0 
1 302 3 4 5 6 7 871 223 10 11 956 806 14 514 16 507 18 19 20 21 22 23 24  [1;32 205200 0.76776323132069 [0 
1 302 911 4 752 6 7 809 887 10 11 977 806 14 514 16 507 18 19 20 21 22 23 254  [1;32 223200 0.85445858307139 [0 
1 302 374 4 752 6 31 809 887 10 11 977 806 14 514 147 507 18 19 20 21 22 75 254  [1;32 226800 0.86850367618737 [0 
1 302 374 4 752 6 31 809 887 10 11 977 806 14 514 507 507 18 19 20 21 22 75 254  [1;32 289200 0.89102073394587 [0 
1 302 236 4 337 458 31 426 613 10 11 977 806 14 514 507 507 18 19 20 872 22 75 254  [1;32 300000 0.90410809203186 [0 
1 302 236 4 691 458 31 426 613 708 11 977 806 587 514 507 507 18 19 20 872 22 749 254  [1;32 1255200 0.9081116865109 [0 
seed 34
1 302 236 4 691 458 31 426 613 708 11 977 806 587 514 507 507 18 19 20 872 22 749 254 
1000 999 
best 0.9081116865109
 [0 
