1 2 3 4 5 6 7 8 9 10 11 12 13 14 15 16 17 18 19 20 21 22 23 24  [1;32 1200 0.11467747305883 [0 
1 2 3 4 5 6 7 8 9 10 11 12 13 14 15 16 17 18 19 20 21 22 23 24  [1;32 2400 0.11907533857065 [0 
1 2 3 4 5 6 7 8 9 10 11 12 13 14 15 16 17 18 19 20 21 22 23 24  [1;32 3600 0.14284644732664 [0 
1 2 3 4 5 6 7 8 9 10 11 12 13 14 15 16 17 18 19 20 21 22 23 24  [1;32 4800 0.14892092749406 [0 
1 2 3 4 5 6 7 8 737 10 11 12 13 14 236 16 17 18 19 613 21 22 643 24  [1;32 13200 0.31954885703273 [0 
1 2 3 4 5 6 7 8 737 10 11 12 13 14 236 16 17 18 19 613 21 22 643 24  [1;32 14400 0.33356141379836 [0 
161 2 3 4 5 402 7 8 737 10 11 221 13 14 236 16 749 18 19 613 21 97 643 24  [1;32 111600 0.33539053815636 [0 
161 882 487 4 5 402 7 8 737 10 11 221 13 14 236 16 749 18 19 613 28 97 587 24  [1;32 122400 0.4410396453506 [0 
161 882 487 4 5 533 7 8 737 10 107 221 13 14 236 16 749 18 19 613 261 97 587 24  [1;32 135600 0.46211592161296 [0 
161 882 487 4 5 533 7 8 737 10 107 221 13 70 236 16 749 18 970 613 261 97 587 24  [1;32 180000 0.47474366842337 [0 
161 882 487 74 5 533 766 8 737 10 107 221 911 70 236 245 753 18 207 613 261 97 587 24  [1;32 200400 0.47971349351489 [0 
161 882 487 74 5 533 766 8 737 10 315 221 911 70 236 245 753 18 207 613 261 719 587 24  [1;32 285600 0.48715097820655 [0 
161 882 487 74 5 533 766 8 737 10 315 221 911 70 236 245 753 189 207 833 931 719 587 24  [1;32 370800 0.49607562503488 [0 
161 882 487 74 5 533 766 941 737 10 315 221 911 70 236 245 753 891 130 833 215 719 587 24  [1;32 1288800 0.55110167555296 [0 
161 882 487 74 5 533 766 941 737 10 315 221 911 70 236 245 753 891 130 833 215 719 587 291  [1;32 1317600 0.58022994021245 [0 
161 882 487 74 5 533 766 941 737 10 315 221 911 70 236 897 753 891 130 833 215 719 587 291  [1;32 1330800 0.60207918079997 [0 
seed 29
161 882 487 74 5 533 766 941 737 10 315 221 911 70 236 897 753 891 130 833 215 719 587 291 
1000 999 
best 0.60207918079997
 [0 
