1 2 3 4 5 6 7 8 9 10 11 12 13 14 15 16 17 18 19 20 21 22 23 24 [1;32m1200 0.0033037386716507[0m
1 2 3 4 5 6 7 8 9 10 84 912 13 14 15 16 17 785 656 20 21 22 447 24 [1;32m10800 0.17751698993936[0m
1 2 3 4 5 6 7 8 9 10 84 912 13 14 15 16 17 785 656 20 21 22 447 24 [1;32m12000 0.31768156914894[0m
1 2 3 4 5 6 7 8 9 10 84 912 13 14 15 16 17 785 656 20 21 22 447 24 [1;32m13200 0.379271258286[0m
1 2 3 4 5 6 7 8 9 10 84 912 13 14 15 16 17 785 428 20 21 22 447 24 [1;32m18000 0.40924909699967[0m
1 933 3 4 5 6 7 8 9 10 84 912 13 14 15 16 17 785 428 20 21 22 447 24 [1;32m24000 0.40976884819926[0m
1 636 3 774 5 6 7 8 9 10 84 912 13 679 15 773 17 785 428 20 21 22 447 24 [1;32m34800 0.65838075784561[0m
1 636 3 774 5 6 7 8 9 10 84 912 13 679 15 773 988 785 428 20 21 22 447 24 [1;32m345600 0.6916410887634[0m
1 405 3 774 5 6 7 8 9 10 84 912 13 679 15 773 988 785 785 20 21 22 447 24 [1;32m369600 0.75566032227403[0m
1 405 3 774 288 6 7 8 632 10 84 912 13 679 15 773 988 785 785 20 911 257 447 24 [1;32m373200 0.76329234497915[0m
1 278 3 774 288 6 7 8 632 10 84 912 13 679 15 773 988 785 785 20 911 257 447 24 [1;32m402000 0.81475580678584[0m
280 278 3 774 288 6 7 8 632 10 84 912 312 679 220 773 870 785 785 20 911 257 447 24 [1;32m946800 0.86711610184147[0m
280 435 3 774 288 6 7 8 499 10 84 912 312 679 220 773 698 785 785 20 911 257 804 24 [1;32m1281600 0.8686063789609[0m
seed 2
280 435 3 774 288 6 7 8 499 10 84 912 312 679 220 773 698 785 785 20 911 257 804 24 
1000 999 
best 0.8686063789609
[0m
