1 2 3 201 5 6 7 8 554 10 131 444 13 14 15 16 17 394 19 20 21 22 23 24  [1;32 92400 0.015858291168391 [0 
1 2 3 201 5 6 7 8 554 10 131 444 13 14 15 16 17 394 19 20 21 22 23 24  [1;32 93600 0.023685675314952 [0 
1 992 3 201 5 6 960 8 554 10 541 444 13 923 15 132 17 394 19 20 21 22 23 24  [1;32 130800 0.032207371977451 [0 
1 992 3 201 5 6 960 8 554 10 541 444 13 923 15 132 17 394 19 20 21 22 23 24  [1;32 132000 0.032212943755881 [0 
1 992 3 201 5 6 960 8 554 10 541 444 13 923 15 132 17 394 19 20 21 22 23 24  [1;32 133200 0.032699031492021 [0 
1 992 3 201 5 6 960 8 554 10 541 444 13 923 15 132 17 394 19 20 21 22 23 24  [1;32 134400 0.033103730192142 [0 
1 992 3 201 5 6 960 8 554 10 541 444 13 923 15 132 17 394 19 20 21 22 23 24  [1;32 135600 0.038689037520776 [0 
1 992 3 201 5 558 960 8 554 10 541 388 1000 923 15 403 17 394 19 20 978 22 23 24  [1;32 224400 0.040121595331202 [0 
1 992 3 201 5 558 960 8 554 10 541 388 1000 923 15 403 17 394 19 20 978 22 23 24  [1;32 225600 0.042496423828827 [0 
1 992 3 201 5 558 960 8 554 10 541 388 1000 917 379 403 17 130 19 20 978 22 871 24  [1;32 229200 0.048364336222159 [0 
1 992 3 201 5 558 669 8 68 897 134 388 1000 917 379 403 17 624 19 20 978 22 871 24  [1;32 277200 0.17908234512164 [0 
1 992 3 201 5 558 749 8 68 897 134 388 1000 157 617 403 292 624 19 20 978 22 871 24  [1;32 283200 0.24601930784811 [0 
1 992 3 201 5 558 749 8 68 897 134 388 1000 157 617 403 292 624 19 548 978 22 871 24  [1;32 428400 0.33430942631127 [0 
1 992 3 201 5 558 749 214 68 897 134 388 1000 157 617 860 292 624 19 548 410 22 871 24  [1;32 493200 0.37567724292623 [0 
1 992 3 201 5 256 749 214 799 897 134 388 1000 157 884 860 812 624 19 548 410 709 871 24  [1;32 532800 0.37582620892215 [0 
1 992 3 201 445 256 749 214 799 897 134 388 643 157 884 860 812 624 19 548 410 709 871 24  [1;32 1039200 0.37971031413184 [0 
seed 39
1 992 3 201 445 256 749 214 799 897 134 388 643 157 884 860 812 624 19 548 410 709 871 24 
1000 999 
best 0.37971031413184
 [0 
