1 2 3 4 5 6 7 8 9 10 11 12 13 14 15 16 17 18 19 20 21 22 23 24 [1;32m1200 0.00082539931038637[0m
1 2 443 4 5 6 7 604 9 10 623 60 13 14 15 16 17 18 19 20 285 22 23 24 [1;32m349200 0.011942923284362[0m
1 2 443 4 5 240 7 604 9 10 623 60 13 14 15 16 17 18 19 20 285 22 23 24 [1;32m362400 0.013561231180569[0m
1 2 443 4 5 240 7 604 9 10 623 60 13 14 15 16 17 18 19 20 285 22 23 24 [1;32m363600 0.81620063511669[0m
1 2 443 4 5 240 7 604 9 10 623 60 13 14 15 16 17 18 19 20 285 22 23 24 [1;32m364800 0.86925131096608[0m
1 2 443 4 5 240 7 604 386 10 593 163 13 14 15 16 17 18 19 20 285 22 23 24 [1;32m367200 0.87180155209376[0m
1 2 443 4 5 240 7 604 386 10 593 163 13 14 15 16 17 18 414 20 285 22 23 24 [1;32m402000 0.87809273593325[0m
1 2 443 4 39 824 7 604 386 10 802 163 13 134 15 16 17 18 414 20 285 871 23 24 [1;32m1154400 0.88019478777286[0m
seed 13
1 2 443 4 39 824 7 604 386 10 802 163 13 134 15 16 17 18 414 20 285 871 23 24 
1000 999 
best 0.88019478777286
[0m
