1 2 3 4 5 6 7 8 9 10 11 12 13 14 15 16 17 18 19 20 21 22 23 24 [1;32m1200 0.31793307304457[0m
1 2 3 4 5 6 7 58 9 10 11 12 623 14 15 16 17 18 96 718 21 22 619 735 [1;32m18000 0.33977983958725[0m
1 2 3 4 5 6 7 58 9 10 11 12 623 14 15 16 17 18 96 718 21 22 619 735 [1;32m19200 0.48979751700176[0m
162 2 3 4 5 6 7 58 9 10 11 369 623 14 15 16 17 18 96 718 941 710 619 735 [1;32m103200 0.51568419588473[0m
162 2 3 4 5 6 7 58 9 10 11 369 623 14 15 487 17 18 96 718 941 710 619 735 [1;32m109200 0.51771265102815[0m
162 2 3 4 5 6 7 58 9 28 11 369 623 14 15 487 17 18 885 718 553 710 619 735 [1;32m334800 0.54594797805118[0m
162 2 3 4 5 6 7 58 9 28 11 369 623 14 15 487 17 18 885 718 553 710 619 735 [1;32m336000 0.56367778260666[0m
162 2 3 4 5 6 307 58 9 583 11 369 623 14 15 632 17 18 885 718 553 710 619 735 [1;32m916800 0.57306807425281[0m
162 2 289 4 5 6 523 58 9 583 11 369 623 14 15 632 17 18 885 718 553 710 619 735 [1;32m1161600 0.57876467292183[0m
seed 8
162 2 289 4 5 6 523 58 9 583 11 369 623 14 15 632 17 18 885 718 553 710 619 735 
1000 999 
best 0.57876467292183
[0m
