1 2 3 4 5 6 7 347 9 10 11 12 13 368 15 354 17 18 19 20 21 22 23 24  [1;32 420000 0.06062523884294 [0 
1 2 3 4 5 6 7 347 9 10 11 12 13 368 15 354 17 18 19 20 21 22 23 24  [1;32 421200 0.087881537568808 [0 
452 2 96 4 5 6 7 347 9 10 11 12 424 368 15 354 17 18 19 854 21 22 23 472  [1;32 436800 0.089092039345645 [0 
452 2 96 4 5 6 7 347 9 10 11 12 424 368 15 354 17 18 19 854 21 22 23 472  [1;32 438000 0.10361931059298 [0 
452 2 96 4 5 6 7 347 9 10 11 12 424 368 15 354 17 18 19 854 21 22 23 472  [1;32 439200 0.11395285528333 [0 
597 2 96 4 5 6 7 347 9 960 11 12 352 368 15 354 17 277 19 854 21 61 23 120  [1;32 450000 0.11895233405597 [0 
597 2 96 4 5 6 7 347 9 960 11 12 352 368 15 354 17 277 19 854 21 61 23 120  [1;32 451200 0.14828939722229 [0 
597 2 96 4 5 6 7 347 702 960 11 12 352 368 21 738 17 164 19 225 21 61 23 120  [1;32 460800 0.17690109630986 [0 
597 2 96 4 5 6 7 347 702 960 11 12 352 368 21 711 17 164 19 225 21 61 23 279  [1;32 486000 0.18933635757362 [0 
597 921 96 4 5 6 7 347 371 960 11 12 399 368 21 711 322 164 19 795 555 61 23 279  [1;32 511200 0.19778271011653 [0 
597 921 96 4 5 6 7 347 371 960 11 12 399 368 21 711 322 164 19 795 555 61 23 279  [1;32 512400 0.22954338341438 [0 
seed 19
597 921 96 4 5 6 7 347 371 960 11 12 399 368 21 711 322 164 19 795 555 61 23 279 
1000 999 
best 0.22954338341438
 [0 
