1 2 3 4 5 6 7 8 9 10 11 12 13 14 15 16 17 18 19 20 21 22 23 24  [1;32 1200 0.061837584284023 [0 
1 2 3 4 5 6 7 8 9 10 11 12 13 14 15 16 17 18 19 20 21 22 23 24  [1;32 2400 0.065787131187105 [0 
1 2 3 4 5 6 7 8 9 10 11 12 13 14 15 16 17 18 19 20 21 22 23 24  [1;32 3600 0.072651757892532 [0 
1 2 3 4 5 6 7 8 9 10 11 12 13 14 15 16 17 18 19 20 21 22 23 24  [1;32 4800 0.078438906764056 [0 
1 2 3 4 5 6 7 8 9 425 954 12 13 14 15 16 17 18 19 20 21 690 23 24  [1;32 31200 0.079265371897355 [0 
1 2 3 750 5 6 7 8 9 425 954 12 864 14 15 528 17 18 19 20 21 850 23 24  [1;32 54000 0.080926600400135 [0 
1 2 3 750 5 6 7 8 9 425 954 12 864 14 15 528 17 18 19 20 21 850 23 24  [1;32 55200 0.082440842085019 [0 
1 2 3 750 5 6 7 8 9 425 954 12 864 14 15 528 17 18 19 20 21 850 23 24  [1;32 56400 0.08697580398717 [0 
976 2 3 750 5 6 7 485 9 425 954 12 864 14 15 528 17 18 19 20 21 850 23 24  [1;32 62400 0.099748933220512 [0 
976 508 112 750 5 686 7 485 9 425 954 12 864 886 15 148 17 18 19 20 21 850 152 24  [1;32 73200 0.10540349491001 [0 
976 508 112 750 5 686 7 485 9 425 954 12 864 886 15 148 17 18 19 20 21 850 152 24  [1;32 74400 0.11031259764635 [0 
976 632 112 899 5 686 7 358 9 425 954 12 864 886 15 148 17 464 19 442 21 850 152 24  [1;32 103200 0.117251582028 [0 
976 632 112 899 5 686 7 358 9 425 954 12 864 886 15 148 17 464 19 442 21 850 152 24  [1;32 104400 0.13706807849194 [0 
976 632 112 899 5 686 7 358 9 154 954 12 864 886 15 148 17 464 19 991 21 850 152 709  [1;32 180000 0.18817491645275 [0 
976 632 112 899 5 686 7 358 9 154 954 12 864 886 15 148 17 464 19 991 21 850 152 709  [1;32 181200 0.19361533115454 [0 
976 632 112 899 326 686 7 358 9 154 954 994 864 886 15 148 17 464 19 991 21 477 152 709  [1;32 184800 0.20576083052131 [0 
976 632 112 899 326 801 7 358 9 154 954 994 864 886 15 148 342 464 557 991 21 477 152 709  [1;32 192000 0.25199203919772 [0 
976 632 112 899 326 801 904 358 9 154 954 994 864 886 15 849 5 656 557 991 21 477 152 709  [1;32 223200 0.26222447413366 [0 
976 632 112 899 326 801 904 432 9 154 954 994 864 852 15 849 5 656 557 991 21 477 152 709  [1;32 232800 0.27727836845077 [0 
976 632 112 899 326 801 904 432 9 154 954 994 864 989 207 849 5 656 557 991 21 477 152 709  [1;32 252000 0.2806630116563 [0 
976 632 112 899 326 801 904 432 9 154 942 388 864 989 401 849 5 656 557 991 21 477 152 709  [1;32 282000 0.28388735385323 [0 
360 632 112 899 326 801 780 432 9 154 942 388 864 553 401 129 5 58 557 991 21 266 152 709  [1;32 297600 0.29232478217697 [0 
360 632 112 899 326 801 780 898 9 154 942 574 903 349 401 129 232 58 557 991 21 266 152 240  [1;32 301200 0.33409412028866 [0 
360 627 112 899 326 801 780 898 9 154 942 574 903 349 401 129 232 58 557 991 21 266 152 356  [1;32 320400 0.35629429157526 [0 
360 627 112 899 326 801 780 898 9 154 942 574 961 349 378 129 232 58 557 991 21 266 152 356  [1;32 424800 0.36820619284135 [0 
360 627 112 899 326 801 780 898 9 154 942 574 961 349 378 129 232 58 557 991 21 266 152 356  [1;32 426000 0.39473491683177 [0 
360 627 112 899 326 799 780 898 9 154 942 574 961 905 378 129 232 731 557 991 21 266 180 356  [1;32 470400 0.4717482249456 [0 
360 627 112 899 326 799 780 898 9 154 942 574 961 905 378 931 232 731 557 991 21 266 180 295  [1;32 543600 0.47325059253686 [0 
360 627 112 899 326 799 780 898 9 154 942 574 961 905 378 931 232 731 557 991 21 852 180 295  [1;32 553200 0.50783803877206 [0 
804 627 112 899 326 799 780 898 9 154 942 574 961 905 344 931 232 731 557 991 21 867 180 295  [1;32 735600 0.56771303517913 [0 
804 627 112 899 326 799 753 898 9 9 942 574 497 905 344 931 232 731 557 991 259 495 180 295  [1;32 826800 0.56791987429309 [0 
804 627 112 899 326 799 753 898 9 559 942 574 497 905 344 931 232 731 557 991 259 495 180 295  [1;32 972000 0.56846079221965 [0 
804 627 112 899 326 799 753 898 9 559 942 574 497 905 344 931 232 731 557 991 259 495 180 295  [1;32 973200 0.58073292733062 [0 
804 627 112 899 326 799 753 898 9 559 678 574 497 905 344 931 232 731 557 991 259 495 180 295  [1;32 1040400 0.58233586840233 [0 
804 627 112 899 326 997 753 495 9 559 678 574 497 905 344 931 232 731 557 991 259 495 180 295  [1;32 1149600 0.59814714087813 [0 
804 627 112 899 326 997 753 495 9 559 678 574 497 905 344 931 232 731 557 991 259 495 180 295  [1;32 1150800 0.62835270398009 [0 
804 627 112 899 326 997 753 495 9 559 678 574 497 905 344 931 232 731 557 991 432 495 180 295  [1;32 1153200 0.64158610809062 [0 
804 466 112 899 326 997 753 495 9 559 678 574 497 905 344 931 362 731 557 991 432 495 180 295  [1;32 1158000 0.64217802427738 [0 
seed 37
804 466 112 899 326 997 753 495 9 559 678 574 497 905 344 931 362 731 557 991 432 495 180 295 
1000 999 
best 0.64217802427738
 [0 
