1 2 3 4 5 6 7 8 47 10 11 783 13 14 15 16 17 898 19 89 21 22 23 24  [1;32 10800 0.10437728367435 [0 
1 2 3 4 5 6 7 8 805 10 11 783 13 14 15 16 17 898 19 89 21 22 23 24  [1;32 61200 0.23462178049106 [0 
1 2 3 4 5 6 7 8 805 10 11 783 13 14 15 16 17 898 19 89 21 22 23 24  [1;32 62400 0.7968271352646 [0 
1 2 3 4 5 6 7 8 805 10 11 783 13 14 15 16 17 898 19 89 21 22 23 24  [1;32 63600 0.81092299705208 [0 
1 2 3 4 5 6 7 8 805 10 11 783 879 14 15 16 17 898 19 89 21 22 23 24  [1;32 66000 0.81484861417941 [0 
1 2 3 4 5 6 7 8 805 10 11 783 879 14 15 16 17 898 19 89 21 22 23 24  [1;32 67200 0.82634016286979 [0 
1 2 3 4 5 6 359 8 773 10 750 783 879 14 15 16 17 898 19 89 21 22 23 24  [1;32 130800 0.83407320412691 [0 
1 2 3 4 5 6 359 8 773 10 750 783 879 14 925 16 17 898 19 89 21 22 23 233  [1;32 180000 0.86404806482424 [0 
1 2 3 4 5 270 809 8 773 10 750 805 879 402 925 16 17 898 19 89 21 59 23 233  [1;32 182400 0.87703579053676 [0 
1 610 3 4 5 270 809 8 773 10 750 805 879 402 925 16 17 898 19 89 958 59 23 233  [1;32 184800 0.89003858017145 [0 
1 610 3 4 5 270 809 309 773 10 750 897 879 993 925 16 17 898 204 89 958 59 23 233  [1;32 639600 0.89129618001349 [0 
1 610 3 4 5 270 809 309 773 10 750 897 361 993 925 16 17 898 204 89 958 59 664 233  [1;32 697200 0.8933855274036 [0 
seed 68
1 610 3 4 5 270 809 309 773 10 750 897 361 993 925 16 17 898 204 89 958 59 664 233 
1000 999 
best 0.8933855274036
 [0 
