1 2 3 589 5 211 7 8 9 10 11 12 13 14 15 16 17 18 26 20 21 247 23 528  [1;32 61200 0.010403214543779 [0 
1 756 3 589 5 211 7 8 410 10 11 12 13 428 15 245 17 235 26 20 21 247 23 528  [1;32 64800 0.010590623839591 [0 
1 756 3 589 5 211 7 8 410 10 11 12 13 428 920 90 17 178 26 20 21 247 23 528  [1;32 70800 0.010618833798489 [0 
1 457 3 589 5 361 7 8 410 10 11 12 13 428 959 90 17 178 26 520 21 247 23 528  [1;32 140400 0.010636392577353 [0 
1 457 3 589 5 361 7 8 410 10 11 12 13 428 959 90 976 178 26 520 21 247 23 528  [1;32 164400 0.010641658517477 [0 
1 457 3 589 5 361 7 8 936 10 11 783 13 428 959 90 976 355 848 520 21 426 23 528  [1;32 189600 0.010671572075035 [0 
1 798 3 589 5 361 7 365 936 10 808 231 13 428 959 90 976 355 848 520 21 426 23 528  [1;32 290400 0.010690388635977 [0 
1 798 3 589 5 361 7 365 936 10 808 231 639 428 959 90 976 355 848 520 21 426 23 528  [1;32 340800 0.020774856600621 [0 
1 798 3 589 5 361 7 365 150 10 808 231 639 428 959 90 976 355 848 520 574 636 23 528  [1;32 357600 0.020925420399322 [0 
1 798 3 486 5 838 7 365 150 10 656 953 639 428 959 90 976 355 848 520 574 636 23 528  [1;32 489600 0.021269357650087 [0 
513 798 3 486 5 838 7 365 150 399 656 953 104 428 959 90 976 355 848 520 574 636 23 528  [1;32 697200 0.021421864988364 [0 
513 798 3 486 5 838 7 299 150 399 656 953 104 428 959 90 976 355 848 520 574 636 23 528  [1;32 1102800 0.031769771776602 [0 
seed 99
513 798 3 486 5 838 7 299 150 399 656 953 104 428 959 90 976 355 848 520 574 636 23 528 
1000 999 
best 0.031769771776602
 [0 
