1 2 3 4 5 6 7 8 9 10 11 12 13 14 15 16 17 18 19 20 21 22 23 24 [1;32m1200 0.00082539931038637[0m
1 2 3 4 5 6 423 8 9 10 11 565 13 14 15 16 536 18 301 585 21 22 23 24 [1;32m256800 0.10170069683593[0m
1 343 3 4 5 6 423 603 9 10 11 565 13 14 15 16 536 18 301 585 21 22 23 24 [1;32m268800 0.47454625401867[0m
153 243 3 4 5 6 423 603 9 10 11 565 13 225 15 16 536 18 301 585 21 22 128 24 [1;32m283200 0.53178127099548[0m
153 243 3 4 5 6 423 603 9 10 11 565 13 225 15 16 536 18 301 585 21 22 128 24 [1;32m284400 0.60219293479278[0m
153 243 3 4 5 6 423 603 9 10 11 565 13 225 15 16 536 18 301 585 21 22 128 24 [1;32m285600 0.60913631511306[0m
153 243 3 854 5 142 423 737 9 10 11 565 13 225 15 16 536 18 301 229 21 22 128 484 [1;32m294000 0.81647555798307[0m
153 243 167 854 5 142 423 737 9 10 11 565 13 225 15 16 536 18 301 229 21 22 128 986 [1;32m298800 0.82520914567149[0m
153 243 167 854 5 142 423 737 9 802 11 565 13 225 15 16 536 18 301 229 513 22 128 986 [1;32m312000 0.85105695309393[0m
153 243 167 854 5 142 423 737 9 802 11 565 13 225 15 16 536 18 301 229 513 22 128 986 [1;32m313200 0.86021440800416[0m
153 243 167 854 5 142 423 737 9 802 11 565 13 225 15 16 536 18 301 229 513 22 128 986 [1;32m314400 0.90314365356363[0m
153 243 132 854 5 142 423 737 9 802 11 565 13 225 15 16 536 18 301 229 513 22 128 986 [1;32m921600 0.90329983224282[0m
seed 20
153 243 132 854 5 142 423 737 9 802 11 565 13 225 15 16 536 18 301 229 513 22 128 986 
1000 999 
best 0.90329983224282
[0m
