1 2 3 4 5 6 7 8 9 10 11 12 13 14 15 16 17 18 19 20 21 22 23 24 [1;32m1200 0.21865061634756[0m
1 2 3 4 5 6 7 383 9 10 11 12 13 14 15 16 17 18 19 20 21 22 268 24 [1;32m20400 0.31441500573389[0m
1 2 784 4 226 6 7 383 9 10 11 12 13 14 976 16 17 18 19 80 64 102 268 24 [1;32m505200 0.35034236875581[0m
1 2 784 4 226 6 7 383 9 10 11 12 13 14 976 16 17 18 19 949 64 102 268 24 [1;32m626400 0.37904184269962[0m
1 2 784 4 226 145 7 383 9 10 11 12 13 14 976 16 17 18 19 949 19 102 268 161 [1;32m927600 0.42913389305216[0m
seed 69
1 2 784 4 226 145 7 383 9 10 11 12 13 14 976 16 17 18 19 949 19 102 268 161 
1000 999 
best 0.42913389305216
[0m
