1 2 177 4 87 6 7 8 148 10 11 12 13 14 15 16 793 18 19 20 21 22 23 24 [1;32m482400 0.21511044088246[0m
1 2 177 4 87 6 7 8 148 10 11 12 13 14 15 16 793 18 19 20 21 22 23 24 [1;32m483600 0.26863403607053[0m
1 2 177 4 87 6 7 8 148 10 11 12 13 14 15 16 793 18 19 20 21 22 23 24 [1;32m484800 0.28812439022765[0m
1 2 177 4 87 6 7 8 148 10 11 12 13 14 15 16 793 18 978 20 21 22 23 24 [1;32m488400 0.34378018663401[0m
395 164 177 4 87 6 7 8 148 201 11 12 13 950 561 16 912 18 978 20 21 22 23 24 [1;32m574800 0.52564148237067[0m
395 164 177 4 87 6 7 8 148 201 11 12 13 950 561 16 380 18 978 20 21 22 23 24 [1;32m586800 0.5298915590214[0m
395 164 177 4 87 6 7 8 148 201 11 12 13 950 561 16 380 18 978 20 21 22 23 24 [1;32m588000 0.58259655429505[0m
395 164 177 4 87 162 7 154 148 201 11 12 13 950 561 16 380 18 978 20 21 22 23 24 [1;32m597600 0.64969502016405[0m
395 164 187 4 87 162 7 514 148 201 342 12 13 950 561 16 380 18 978 20 21 22 23 24 [1;32m602400 0.68829883731177[0m
757 164 187 948 87 162 7 514 148 201 583 12 13 950 113 16 380 18 978 20 21 22 23 24 [1;32m607200 0.70614464319913[0m
757 164 187 948 87 162 7 720 148 941 583 12 13 950 113 16 380 18 978 20 21 22 246 599 [1;32m687600 0.74426896799334[0m
297 332 187 948 87 162 7 720 148 941 583 12 13 950 113 16 380 18 978 20 21 22 442 599 [1;32m1188000 0.77095675312697[0m
seed 75
297 332 187 948 87 162 7 720 148 941 583 12 13 950 113 16 380 18 978 20 21 22 442 599 
1000 999 
best 0.77095675312697
[0m
