1 2 3 4 5 6 7 8 9 97 11 231 13 14 538 756 17 796 19 20 21 22 23 24 [1;32m8400 0.13187954419461[0m
1 2 3 4 5 6 7 8 9 97 11 231 13 14 538 756 17 796 19 20 21 22 23 24 [1;32m9600 0.17695983537662[0m
150 42 3 4 5 6 7 353 9 97 11 231 13 569 538 756 17 796 19 20 21 22 23 24 [1;32m21600 0.20420194871686[0m
150 42 3 4 5 6 7 353 9 97 11 231 179 569 538 756 17 796 19 20 21 515 23 24 [1;32m46800 0.30225305173671[0m
150 42 3 4 5 6 7 353 9 97 601 231 179 569 856 756 17 796 19 20 52 515 23 24 [1;32m200400 0.37923877338026[0m
150 42 395 195 409 6 7 353 973 97 601 560 596 569 856 756 17 796 19 20 52 515 23 24 [1;32m205200 0.38281611579677[0m
150 42 395 195 409 6 7 353 313 97 601 560 596 569 856 756 17 796 461 20 52 515 23 24 [1;32m211200 0.39398610501989[0m
150 42 395 195 409 6 7 353 313 97 601 560 596 569 856 756 17 796 461 20 52 515 23 24 [1;32m212400 0.4384018161392[0m
150 42 209 195 409 6 7 353 313 97 601 560 596 569 856 756 17 818 461 20 52 515 666 24 [1;32m219600 0.46213615297114[0m
150 42 209 195 409 6 7 353 313 97 601 560 596 569 856 756 17 818 461 289 52 515 666 24 [1;32m225600 0.47563346786508[0m
696 42 209 195 409 6 691 353 313 97 601 560 596 569 856 756 17 818 461 490 52 515 666 24 [1;32m228000 0.48238849042074[0m
696 42 209 195 409 6 691 353 178 97 601 560 596 569 856 756 17 818 461 490 52 877 666 24 [1;32m273600 0.49921734008486[0m
696 575 209 195 409 6 691 353 178 97 601 560 596 569 856 756 17 818 461 490 52 877 666 24 [1;32m297600 0.52153815090085[0m
926 575 443 195 343 6 691 353 178 97 601 560 596 569 856 756 17 818 504 490 52 877 666 24 [1;32m301200 0.53258966450034[0m
926 575 443 195 343 6 691 353 455 97 601 560 596 209 856 756 17 818 269 988 52 877 666 24 [1;32m322800 0.53658306794959[0m
926 575 443 195 343 6 691 252 455 773 601 560 596 209 856 756 17 818 269 988 52 877 666 24 [1;32m330000 0.55839553916321[0m
926 575 443 195 343 6 691 252 455 773 601 560 596 209 856 756 17 818 269 988 52 877 666 24 [1;32m331200 0.56568688867385[0m
926 575 443 195 343 6 691 252 193 773 601 560 596 209 856 756 17 818 269 988 52 877 666 24 [1;32m362400 0.57078808205279[0m
926 575 443 195 343 6 691 252 193 773 601 560 403 209 856 756 17 818 269 988 52 877 666 24 [1;32m591600 0.57898087694367[0m
926 575 113 195 343 6 721 252 193 773 601 560 347 209 856 756 17 818 967 988 52 877 666 24 [1;32m1322400 0.59540725302264[0m
seed 59
926 575 113 195 343 6 721 252 193 773 601 560 347 209 856 756 17 818 967 988 52 877 666 24 
1000 999 
best 0.59540725302264
[0m
