1 2 3 4 5 6 7 8 9 10 11 12 13 14 15 16 17 18 19 20 21 22 23 24  [1;32 1200 0.10705243546326 [0 
1 2 3 4 5 6 47 8 9 139 11 12 352 14 15 16 17 502 19 473 21 22 663 24  [1;32 3600 0.15500758668965 [0 
497 2 3 4 5 6 47 8 9 139 11 12 352 14 15 16 17 502 19 473 21 22 663 392  [1;32 6000 0.16810136551322 [0 
497 2 446 4 5 6 685 8 9 139 11 12 352 14 652 16 17 502 19 473 21 22 783 392  [1;32 8400 0.22016134309636 [0 
497 2 446 4 5 6 685 8 9 139 11 12 352 14 652 16 17 502 19 375 21 22 783 392  [1;32 19200 0.23254158853601 [0 
497 2 446 4 5 6 395 8 9 139 538 12 139 431 652 16 17 502 891 375 21 22 783 392  [1;32 44400 0.23852057994078 [0 
497 2 446 4 5 6 395 8 9 139 538 12 139 431 652 16 17 502 891 375 21 22 632 392  [1;32 72000 0.26779966406624 [0 
763 2 446 4 5 6 395 8 482 139 538 12 139 431 405 16 17 502 307 375 21 22 416 392  [1;32 532800 0.28244472823185 [0 
763 2 446 111 5 6 395 8 482 139 538 12 139 431 405 16 17 502 307 295 21 22 416 392  [1;32 537600 0.29902334677053 [0 
763 2 446 111 5 6 384 8 482 139 538 12 139 431 405 16 17 767 307 295 21 22 416 392  [1;32 672000 0.30045667274999 [0 
763 2 446 424 651 6 384 8 482 139 538 12 139 462 405 16 17 767 307 295 21 22 416 392  [1;32 706800 0.31074497612769 [0 
763 2 446 424 651 6 384 8 482 139 538 12 155 462 405 16 17 767 307 295 931 22 416 392  [1;32 733200 0.33170305827306 [0 
763 2 446 413 651 6 384 8 482 139 538 20 155 462 665 16 17 767 307 295 931 22 416 392  [1;32 742800 0.34475564725324 [0 
763 378 446 413 651 6 384 8 482 139 538 20 155 673 665 16 17 767 307 295 14 22 416 392  [1;32 753600 0.35185612046418 [0 
763 378 446 413 651 6 308 8 482 139 538 20 155 537 131 16 17 767 307 295 786 22 416 392  [1;32 770400 0.36032586703682 [0 
763 378 446 413 651 6 308 8 482 139 538 20 155 537 131 16 17 767 307 295 786 22 416 392  [1;32 771600 0.38198417960835 [0 
763 378 358 413 651 6 308 8 482 139 538 20 155 705 131 16 17 767 307 295 786 22 416 392  [1;32 1261200 0.38577245562606 [0 
763 715 358 413 651 6 490 8 591 139 538 20 155 705 702 888 17 767 307 295 786 22 416 392  [1;32 1268400 0.38656769204042 [0 
seed 70
763 715 358 413 651 6 490 8 591 139 538 20 155 705 702 888 17 767 307 295 786 22 416 392 
1000 999 
best 0.38656769204042
 [0 
