1 2 3 4 5 6 7 8 9 10 11 12 13 14 15 16 17 18 19 20 21 22 23 24 [1;32m1200 0.0014683039473609[0m
1 2 3 4 5 6 7 8 9 10 11 12 13 14 15 16 17 18 19 20 21 22 23 24 [1;32m2400 0.0015206795520614[0m
1 2 30 4 5 6 7 8 80 359 11 12 13 14 15 16 17 18 19 20 21 22 23 24 [1;32m7200 0.0020212699463723[0m
982 63 30 4 5 6 7 128 80 359 11 12 13 14 15 16 17 18 686 20 21 941 23 24 [1;32m14400 0.83243864696328[0m
229 63 30 4 5 6 44 128 582 412 11 12 13 14 15 16 17 18 686 20 21 941 23 24 [1;32m31200 0.85004812398296[0m
175 63 30 4 5 6 44 128 582 795 11 76 396 14 15 16 17 18 686 593 21 941 940 24 [1;32m33600 0.85250924743548[0m
seed 40
175 63 30 4 5 6 44 128 582 795 11 76 396 14 15 16 17 18 686 593 21 941 940 24 
1000 999 
best 0.85250924743548
[0m
