1 2 3 4 5 6 7 8 9 10 11 12 13 14 15 16 17 18 19 20 21 22 23 24  [1;32 1200 0.011472889077219 [0 
1 2 764 4 947 791 7 8 623 10 11 12 13 387 15 16 271 18 19 20 21 22 23 24  [1;32 15600 0.31314823598866 [0 
1 2 764 4 947 791 7 8 623 10 11 12 13 387 15 16 271 18 19 20 21 22 23 24  [1;32 16800 0.41044143126032 [0 
1 2 764 4 947 791 7 8 623 10 11 12 13 387 15 16 271 18 19 20 21 22 23 24  [1;32 18000 0.42294196012759 [0 
1 2 764 4 947 791 7 8 623 10 11 12 13 387 15 16 271 18 19 20 21 22 23 24  [1;32 19200 0.42444232273769 [0 
1 2 764 4 947 638 7 8 623 10 11 12 349 387 880 638 271 18 19 20 21 22 23 686  [1;32 22800 0.51534825309136 [0 
1 2 764 4 947 638 7 8 623 10 11 12 349 387 880 638 271 18 19 20 21 22 23 686  [1;32 24000 0.59493546048836 [0 
1 2 764 4 947 638 7 8 623 10 371 12 349 387 880 638 271 18 19 20 21 22 23 686  [1;32 48000 0.5980777559757 [0 
1 2 764 4 947 638 7 1 623 10 580 12 349 493 564 638 271 18 19 187 21 22 23 686  [1;32 62400 0.64134218594638 [0 
1 369 764 395 947 638 7 1 623 10 580 12 349 493 564 638 271 18 942 187 21 22 23 686  [1;32 84000 0.64237259489962 [0 
1 369 764 395 947 638 7 1 623 10 580 12 349 493 564 638 562 18 942 187 21 22 23 686  [1;32 264000 0.70072580342809 [0 
1 742 764 395 947 638 7 1 623 10 580 12 349 493 564 638 562 18 942 187 21 22 23 686  [1;32 1341600 0.74361015582101 [0 
1 742 764 395 52 638 7 1 623 10 580 12 349 855 564 638 562 18 942 187 21 22 23 686  [1;32 1344000 0.84587546804031 [0 
seed 63
1 742 764 395 52 638 7 1 623 10 580 12 349 855 564 638 562 18 942 187 21 22 23 686 
1000 999 
best 0.84587546804031
 [0 
