1 2 3 4 5 6 7 8 9 10 11 12 13 14 15 16 17 18 19 20 21 22 23 24  [1;32 1200 0.35154158961944 [0 
1 2 3 4 5 6 7 8 9 10 11 12 13 14 15 16 17 18 19 20 21 22 23 24  [1;32 2400 0.444867841595 [0 
1 2 3 4 5 6 7 92 9 10 11 12 13 14 456 16 17 18 19 728 21 22 23 24  [1;32 14400 0.47020432018096 [0 
1 258 552 920 5 708 7 92 9 10 11 12 13 14 456 16 17 18 19 728 21 661 23 24  [1;32 199200 0.51425785203594 [0 
1 258 552 920 5 708 7 92 9 10 11 12 13 14 456 16 17 18 19 728 21 661 23 24  [1;32 200400 0.52143579412924 [0 
1 258 552 742 5 708 7 92 9 10 11 12 900 14 747 16 17 18 19 180 21 661 23 24  [1;32 220800 0.53420187504935 [0 
1 258 552 742 5 708 7 92 9 10 223 12 900 14 747 16 17 18 19 180 21 661 23 24  [1;32 226800 0.5342759924082 [0 
1 335 552 742 5 708 7 92 9 10 958 12 900 14 747 16 17 18 19 864 21 661 23 24  [1;32 313200 0.54113607728277 [0 
1 335 868 742 5 708 7 92 9 10 695 12 900 14 974 16 17 18 19 864 21 661 282 24  [1;32 332400 0.54160744835512 [0 
1 456 868 755 5 708 7 92 9 10 695 12 900 14 974 16 17 18 19 864 21 661 697 24  [1;32 454800 0.54172591447018 [0 
1 456 868 755 5 708 7 92 9 10 695 12 900 14 974 16 17 18 19 864 21 661 697 655  [1;32 457200 0.56725584685364 [0 
1 456 531 628 5 708 288 92 782 455 695 12 900 14 974 16 17 18 19 864 21 661 697 655  [1;32 1338000 0.57413049511163 [0 
seed 11
1 456 531 628 5 708 288 92 782 455 695 12 900 14 974 16 17 18 19 864 21 661 697 655 
1000 999 
best 0.57413049511163
 [0 
