1 604 3 4 5 671 7 8 9 10 11 12 287 571 15 16 17 18 124 20 21 22 23 24  [1;32 15600 0.0071229300434095 [0 
1 604 3 4 5 671 7 8 9 10 926 12 287 571 15 16 17 18 124 20 21 22 23 24  [1;32 75600 0.0071289630636941 [0 
1 604 3 4 5 671 7 8 9 10 926 12 287 571 15 16 17 18 124 20 21 22 643 24  [1;32 110400 0.0071385096776908 [0 
1 604 3 4 5 622 7 8 9 10 926 12 287 571 830 16 17 446 124 20 607 616 643 24  [1;32 208800 0.0079083239585787 [0 
1 604 3 4 5 622 7 8 9 10 926 12 287 571 830 16 17 446 124 20 607 616 643 24  [1;32 210000 0.022827505148687 [0 
1 604 3 4 5 622 7 8 9 10 926 12 287 571 830 16 17 446 124 20 607 616 643 24  [1;32 211200 0.023699815666909 [0 
1 604 3 4 5 622 7 8 9 10 926 12 287 571 581 16 17 446 124 20 607 616 643 24  [1;32 218400 0.023700410769384 [0 
1 604 3 4 5 622 7 8 9 10 926 12 325 571 581 16 17 446 124 20 607 616 643 24  [1;32 270000 0.023748309132003 [0 
1 604 69 4 5 622 7 8 9 10 926 12 694 571 982 16 17 446 124 623 607 616 643 24  [1;32 283200 0.050648093473441 [0 
1 604 69 4 5 622 7 8 9 10 926 12 694 571 982 16 17 446 124 623 607 616 643 24  [1;32 284400 0.061363677257501 [0 
925 604 69 4 5 622 7 8 9 10 926 12 694 571 982 16 17 446 124 188 607 616 643 24  [1;32 286800 0.062643714934045 [0 
925 604 69 4 710 560 7 523 9 10 926 12 694 571 870 16 17 240 242 188 607 616 643 24  [1;32 360000 0.062692932578988 [0 
seed 48
925 604 69 4 710 560 7 523 9 10 926 12 694 571 870 16 17 240 242 188 607 616 643 24 
1000 999 
best 0.062692932578988
 [0 
