1 2 3 4 5 6 7 8 9 10 11 12 13 14 15 16 17 18 19 20 21 22 23 24 [1;32m1200 0.067972484082949[0m
1 2 3 4 5 799 7 8 9 10 11 12 13 14 275 16 17 18 19 948 21 22 23 999 [1;32m22800 0.071910012740819[0m
1 2 3 4 5 799 7 8 9 10 11 12 13 14 275 16 17 18 19 948 21 22 23 999 [1;32m24000 0.39515514836394[0m
1 220 3 4 5 799 7 8 9 10 11 235 13 14 275 16 17 678 19 948 21 22 23 999 [1;32m37200 0.51171571487657[0m
1 220 3 600 5 799 7 120 379 10 11 823 13 14 275 16 997 678 19 948 21 972 23 999 [1;32m42000 0.58827301271583[0m
1 220 3 600 5 799 52 120 379 580 11 823 839 14 275 16 997 678 19 948 21 972 23 999 [1;32m66000 0.61856395854906[0m
1 220 3 600 5 799 52 63 379 580 11 823 839 648 275 16 997 678 714 948 21 972 23 999 [1;32m122400 0.64561594451447[0m
1 220 174 600 5 799 52 63 379 580 11 823 839 648 275 16 19 678 714 948 21 972 23 999 [1;32m225600 0.68973042862686[0m
1 220 264 600 5 799 52 63 379 580 11 823 839 648 275 16 19 678 714 948 21 972 23 898 [1;32m504000 0.69971995794963[0m
1 220 264 810 5 799 52 63 730 580 553 823 839 648 275 832 19 678 714 948 21 972 23 463 [1;32m506400 0.73248471473923[0m
1 220 264 810 5 799 52 63 730 580 553 823 826 648 275 832 19 678 714 948 21 972 23 463 [1;32m940800 0.74558924096846[0m
1 120 264 810 5 799 328 63 730 580 553 823 826 648 275 832 19 678 714 948 21 972 23 463 [1;32m1002000 0.75899810324283[0m
576 120 264 810 559 799 328 63 730 723 553 823 826 648 275 723 19 678 714 948 21 972 23 463 [1;32m1074000 0.77075576075273[0m
576 120 264 810 559 799 328 63 730 629 553 823 826 648 275 723 19 678 714 948 21 972 23 463 [1;32m1418400 0.77178339677249[0m
seed 51
576 120 264 810 559 799 328 63 730 629 553 823 826 648 275 723 19 678 714 948 21 972 23 463 
1000 999 
best 0.77178339677249
[0m
