1 2 3 4 5 6 7 8 9 10 11 12 13 14 15 16 17 18 19 20 21 22 23 24  [1;32 1200 0.00082511167866957 [0 
1 2 3 4 5 6 7 477 9 424 11 12 13 941 15 931 17 784 19 20 21 22 23 24  [1;32 51600 0.23046179454952 [0 
926 2 3 4 5 6 7 477 9 424 11 12 645 411 15 931 17 784 19 20 21 22 23 771  [1;32 60000 0.33635879471979 [0 
926 2 3 4 5 6 7 477 9 424 11 706 645 411 15 931 17 784 19 20 21 22 23 771  [1;32 67200 0.48410295282189 [0 
926 2 3 4 5 6 7 477 9 424 11 706 645 411 15 931 17 784 19 20 21 22 23 771  [1;32 68400 0.54868951399769 [0 
926 2 711 4 648 6 7 477 9 424 11 706 645 411 15 463 17 784 19 20 21 728 23 772  [1;32 78000 0.61906144751457 [0 
926 2 711 4 648 897 7 477 9 424 11 706 645 411 15 463 17 784 19 20 21 728 23 772  [1;32 232800 0.63727540849994 [0 
972 959 711 4 648 897 309 477 9 424 11 706 645 411 15 463 17 784 19 20 127 728 999 772  [1;32 271200 0.75374980795611 [0 
972 603 711 4 648 897 309 477 9 967 11 706 582 411 15 463 17 784 19 20 127 728 999 772  [1;32 1300800 0.76971718968091 [0 
seed 64
972 603 711 4 648 897 309 477 9 967 11 706 582 411 15 463 17 784 19 20 127 728 999 772 
1000 999 
best 0.76971718968091
 [0 
