1 2 3 4 5 6 7 8 9 10 11 12 13 14 15 16 17 18 19 20 21 22 23 24 [1;32m1200 0.13022520957594[0m
108 2 3 4 5 6 7 8 9 10 11 936 13 952 15 740 17 18 19 671 21 22 23 24 [1;32m13200 0.2850001336937[0m
108 2 3 431 5 6 7 8 9 10 11 936 13 957 15 740 17 18 19 671 21 22 339 24 [1;32m15600 0.29250981954547[0m
108 2 3 431 5 6 7 8 9 10 11 936 13 957 15 740 17 18 19 671 21 22 339 24 [1;32m16800 0.29736313706129[0m
108 328 812 651 5 102 7 8 9 10 11 936 13 957 15 740 17 18 19 671 21 22 339 24 [1;32m46800 0.70177327791958[0m
108 328 812 651 5 102 7 8 9 10 11 936 13 957 15 740 17 18 19 671 21 22 339 24 [1;32m48000 0.89534811432683[0m
108 328 812 651 5 102 7 8 9 10 11 936 13 145 15 246 17 18 19 671 21 22 339 24 [1;32m109200 0.90033584142584[0m
108 328 812 651 5 102 796 8 9 10 38 936 418 299 15 340 17 18 19 411 21 22 339 24 [1;32m117600 0.90199532384455[0m
108 328 812 651 5 102 796 858 9 10 38 936 418 299 15 340 17 18 19 411 21 22 339 24 [1;32m130800 0.90487205703614[0m
526 328 812 651 629 102 796 858 9 10 38 936 418 299 688 340 17 18 410 209 21 554 339 24 [1;32m252000 0.90521932967125[0m
526 763 812 651 629 102 796 746 9 10 829 936 418 299 688 340 17 18 410 209 21 554 339 24 [1;32m506400 0.90548815895072[0m
526 763 812 651 629 102 796 746 880 10 829 936 418 299 688 340 17 18 410 209 21 554 339 262 [1;32m710400 0.90644515741616[0m
seed 10
526 763 812 651 629 102 796 746 880 10 829 936 418 299 688 340 17 18 410 209 21 554 339 262 
1000 999 
best 0.90644515741616
[0m
