1 2 3 4 5 6 7 8 47 10 11 783 13 14 15 16 17 898 19 89 21 22 23 24 [1;32m10800 0.10437728367435[0m
1 2 3 4 5 6 7 8 805 10 11 783 13 14 15 16 17 898 19 89 21 22 23 24 [1;32m61200 0.23462178049106[0m
1 2 3 4 5 6 7 8 805 10 11 783 13 14 15 16 17 898 19 89 21 22 23 24 [1;32m62400 0.7968271352646[0m
1 2 3 4 5 6 7 8 805 10 11 783 13 14 15 16 17 898 19 89 21 22 23 24 [1;32m63600 0.81092299705208[0m
1 2 3 4 5 6 7 8 805 10 11 783 879 14 15 16 17 898 19 89 21 22 23 24 [1;32m66000 0.81484861417941[0m
1 2 3 4 5 6 7 8 805 10 11 783 879 14 15 16 17 898 19 89 21 22 23 24 [1;32m67200 0.82634016286979[0m
1 2 3 4 5 6 359 8 773 10 750 783 879 14 15 16 17 898 19 89 21 22 23 24 [1;32m130800 0.83407320412691[0m
1 2 3 4 5 6 359 8 773 10 750 783 879 14 925 16 17 898 19 89 21 22 23 233 [1;32m180000 0.86404806482424[0m
1 2 3 4 5 270 809 8 773 10 750 805 879 402 925 16 17 898 19 89 21 59 23 233 [1;32m182400 0.87703579053676[0m
1 610 3 4 5 270 809 8 773 10 750 805 879 402 925 16 17 898 19 89 958 59 23 233 [1;32m184800 0.89003858017145[0m
1 610 3 4 5 270 809 309 773 10 750 897 879 993 925 16 17 898 204 89 958 59 23 233 [1;32m639600 0.89129618001349[0m
1 610 3 4 5 270 809 309 773 10 750 897 361 993 925 16 17 898 204 89 958 59 664 233 [1;32m697200 0.8933855274036[0m
seed 68
1 610 3 4 5 270 809 309 773 10 750 897 361 993 925 16 17 898 204 89 958 59 664 233 
1000 999 
best 0.8933855274036
[0m
