1 2 3 4 5 6 7 8 9 10 11 12 13 14 15 16 17 18 19 20 21 22 23 24 [1;32m1200 0.44252431438717[0m
1 2 3 4 5 6 7 8 9 10 11 12 13 14 15 16 17 18 19 20 21 22 23 24 [1;32m2400 0.54699098911433[0m
1 2 476 4 5 6 7 8 9 166 11 12 13 703 15 16 17 18 19 20 21 22 23 24 [1;32m10800 0.56364237098856[0m
1 2 476 4 204 6 7 8 9 166 11 12 13 703 745 16 17 18 19 211 21 22 23 24 [1;32m16800 0.56446490548809[0m
1 2 476 4 204 6 7 8 9 166 11 12 262 703 745 16 17 18 19 211 21 22 23 292 [1;32m25200 0.58640661146485[0m
1 2 476 4 204 6 7 8 9 166 72 12 262 703 745 16 962 18 19 211 21 22 23 292 [1;32m33600 0.63380451415268[0m
1 477 476 4 204 6 7 8 9 166 999 12 203 703 745 16 962 18 19 211 21 22 23 292 [1;32m147600 0.77694947858955[0m
1 477 476 747 204 6 7 935 9 166 999 12 639 703 745 16 962 18 19 211 21 22 23 292 [1;32m163200 0.84097659097081[0m
1 477 476 863 204 6 7 935 9 166 999 12 639 703 745 16 962 18 19 211 834 22 23 292 [1;32m448800 0.86248477622016[0m
1 477 476 863 204 6 7 935 9 166 999 12 639 703 745 16 962 18 19 211 834 22 23 292 [1;32m450000 0.86524342086992[0m
1 477 975 863 204 6 7 935 9 166 999 12 639 703 745 148 184 18 19 211 938 571 23 292 [1;32m603600 0.86721713050472[0m
1 477 975 863 204 6 7 935 9 166 999 12 639 220 745 148 409 18 19 249 938 571 23 292 [1;32m1342800 0.87113203825016[0m
seed 35
1 477 975 863 204 6 7 935 9 166 999 12 639 220 745 148 409 18 19 249 938 571 23 292 
1000 999 
best 0.87113203825016
[0m
