1 2 3 4 5 6 7 8 9 10 11 12 13 14 15 16 17 18 19 20 21 22 23 24  [1;32 1200 0.19684877664285 [0 
1 2 630 4 5 6 7 8 9 10 11 827 13 14 15 16 17 18 19 20 21 22 23 24  [1;32 51600 0.43675991768149 [0 
1 2 630 4 5 6 7 8 9 10 565 827 13 14 15 16 17 889 19 20 21 22 23 897  [1;32 140400 0.7856272891199 [0 
1 2 630 4 5 6 7 8 9 10 565 827 13 14 15 16 17 889 19 20 21 22 23 897  [1;32 141600 0.86595079635268 [0 
1 2 630 4 5 6 898 799 9 10 565 827 13 110 15 16 17 334 384 20 21 22 23 897  [1;32 166800 0.86613629438755 [0 
seed 97
1 2 630 4 5 6 898 799 9 10 565 827 13 110 15 16 17 334 384 20 21 22 23 897 
1000 999 
best 0.86613629438755
 [0 
