1 2 3 4 5 6 7 8 9 10 11 12 13 14 15 16 17 18 19 20 21 22 23 24 [1;32m1200 0.24343345236011[0m
1 2 3 4 5 6 7 8 9 10 11 12 13 14 15 16 17 18 19 20 21 22 23 24 [1;32m2400 0.2760519748071[0m
1 329 999 4 511 6 7 237 9 10 11 12 13 14 15 16 17 18 19 592 21 22 23 24 [1;32m4800 0.31924941258769[0m
1 329 999 4 511 6 7 237 9 10 11 12 13 14 15 16 17 18 19 592 21 22 23 24 [1;32m6000 0.39138699817958[0m
1 329 999 4 511 890 7 237 9 10 11 12 13 14 15 16 17 651 19 592 21 22 23 24 [1;32m9600 0.39302906159575[0m
1 329 999 4 511 890 7 237 9 505 623 12 703 14 15 16 17 651 19 592 484 22 23 24 [1;32m14400 0.41204041406325[0m
1 329 999 4 511 890 7 237 9 505 623 12 703 14 15 16 17 651 19 592 484 22 23 24 [1;32m15600 0.46093122080572[0m
1 329 999 4 511 890 7 237 857 505 623 12 703 14 15 16 17 651 19 592 484 22 23 24 [1;32m97200 0.46898224467789[0m
1 329 999 4 511 890 7 237 857 505 623 12 703 14 15 16 17 651 19 592 484 22 23 24 [1;32m98400 0.49212318060018[0m
1 329 999 4 511 617 7 929 685 505 623 12 703 14 15 16 17 651 19 592 484 22 23 24 [1;32m102000 0.49475695852307[0m
1 329 999 4 511 617 7 929 685 505 623 12 703 14 15 16 17 651 19 592 484 22 23 24 [1;32m103200 0.5044953574919[0m
1 329 999 4 511 617 7 929 685 505 623 12 703 14 15 16 17 651 19 592 484 22 23 24 [1;32m104400 0.51767950167141[0m
1 329 999 4 511 617 7 929 685 505 623 12 703 14 15 16 596 651 19 592 484 232 23 24 [1;32m117600 0.51819711103999[0m
1 863 999 4 511 617 7 929 685 505 393 12 703 14 15 16 596 651 19 592 484 232 61 493 [1;32m136800 0.51898412401659[0m
1 23 999 4 511 617 271 929 685 505 671 12 703 788 15 16 556 651 19 592 484 232 61 493 [1;32m153600 0.52252104904647[0m
1 23 999 4 511 617 271 929 685 505 671 12 703 788 15 16 556 651 19 592 484 232 61 493 [1;32m154800 0.52986582825797[0m
1 23 999 4 511 617 271 929 685 505 671 12 703 788 15 16 556 651 19 592 484 232 61 493 [1;32m156000 0.547244960601[0m
1 23 999 4 511 617 271 929 685 893 955 12 675 788 15 16 556 997 19 592 484 232 61 493 [1;32m256800 0.55476768962446[0m
1 23 865 4 511 617 271 929 685 893 955 12 675 788 15 16 556 997 19 592 484 232 61 493 [1;32m309600 0.57960091562414[0m
509 23 865 4 511 617 271 929 685 893 955 582 675 135 15 16 556 997 551 591 484 232 61 493 [1;32m856800 0.5807664074132[0m
509 23 865 4 511 617 271 929 292 37 955 582 675 135 15 16 260 997 551 591 484 232 61 493 [1;32m955200 0.58208011998679[0m
509 968 865 4 511 617 998 929 911 37 955 347 675 135 15 16 260 997 551 591 484 232 61 627 [1;32m975600 0.5988758962963[0m
509 968 865 4 511 617 998 929 911 37 955 347 675 135 158 16 260 997 551 54 484 232 61 627 [1;32m1106400 0.60388890180646[0m
seed 36
509 968 865 4 511 617 998 929 911 37 955 347 675 135 158 16 260 997 551 54 484 232 61 627 
1000 999 
best 0.60388890180646
[0m
