1 2 3 626 5 676 7 8 9 10 11 12 13 14 15 152 17 18 19 20 21 22 23 24 [1;32m66000 0.0066967069778898[0m
1 2 427 626 5 676 7 8 699 10 11 162 13 14 15 152 17 18 19 484 21 22 23 24 [1;32m88800 0.0075395473959606[0m
1 2 427 760 5 676 7 8 699 10 11 162 13 14 15 152 17 18 19 484 21 392 999 24 [1;32m94800 0.016745735017076[0m
1 522 427 467 5 676 7 8 699 827 11 162 13 14 15 146 17 18 19 484 21 392 999 24 [1;32m99600 0.025540408849833[0m
1 522 427 467 5 676 7 621 699 827 107 162 13 259 15 146 17 18 486 154 637 392 999 24 [1;32m106800 0.03136702862326[0m
1 224 427 467 223 676 7 621 699 827 107 162 13 259 15 146 366 18 486 154 637 392 999 24 [1;32m118800 0.048013948451252[0m
1 224 427 467 223 676 7 621 699 827 107 162 13 259 48 146 366 18 486 154 637 392 999 24 [1;32m127200 0.061295437905158[0m
582 224 427 467 223 676 7 621 699 827 107 162 396 259 863 146 366 18 486 154 637 392 999 469 [1;32m133200 0.120223656412[0m
582 224 427 467 223 676 7 621 699 827 107 162 396 259 972 146 366 18 486 154 642 392 999 469 [1;32m135600 0.16528664552884[0m
230 224 427 467 223 676 7 621 699 827 107 162 396 912 972 146 366 18 486 154 642 392 999 469 [1;32m147600 0.17241331945466[0m
230 224 427 467 223 676 7 621 699 827 107 162 396 912 972 146 366 18 486 154 642 392 999 8 [1;32m156000 0.17453482647022[0m
230 224 427 467 223 676 7 621 699 827 107 162 396 133 972 146 366 18 486 154 642 392 999 8 [1;32m198000 0.19176329990545[0m
230 224 323 521 223 676 178 201 699 827 107 162 396 892 972 362 366 18 486 154 642 392 999 8 [1;32m213600 0.40242933018746[0m
230 224 323 521 223 676 178 201 699 827 107 162 396 892 972 933 366 18 486 154 642 392 999 8 [1;32m312000 0.44482942537405[0m
230 41 323 521 223 676 178 201 699 827 107 162 396 892 972 933 366 18 486 154 642 392 999 8 [1;32m585600 0.5082993768564[0m
230 630 603 521 223 676 178 201 699 964 107 162 396 892 972 933 366 18 486 154 642 392 999 8 [1;32m694800 0.53276727798829[0m
seed 26
230 630 603 521 223 676 178 201 699 964 107 162 396 892 972 933 366 18 486 154 642 392 999 8 
1000 999 
best 0.53276727798829
[0m
