1 2 3 4 973 817 7 8 9 10 350 12 13 14 15 16 17 944 19 20 21 288 23 24  [1;32 249600 0.0089918200137264 [0 
1 2 735 4 973 817 7 28 9 10 350 12 13 14 324 752 17 944 19 20 852 288 23 24  [1;32 477600 0.0093926057787557 [0 
1 368 735 4 973 334 7 28 9 10 326 12 13 14 324 752 17 944 245 20 32 288 23 24  [1;32 686400 0.011858224898796 [0 
1 368 735 4 234 334 7 28 9 10 326 12 13 14 324 752 17 944 245 20 32 288 23 24  [1;32 693600 0.023523072462701 [0 
1 368 735 4 234 334 7 28 9 10 326 12 13 14 324 752 17 944 245 20 32 697 23 24  [1;32 750000 0.023854488176144 [0 
1 368 735 681 234 334 7 28 747 10 326 12 13 14 324 338 17 944 245 20 661 6 23 24  [1;32 774000 0.092411218565847 [0 
1 368 735 681 234 334 7 28 747 689 326 12 13 14 324 338 17 944 245 20 661 6 23 24  [1;32 778800 0.094673256176018 [0 
1 368 735 681 234 334 7 28 747 689 326 12 13 14 324 338 403 944 245 20 661 6 23 24  [1;32 841200 0.10609099438234 [0 
1 368 735 681 120 334 7 28 747 689 326 12 13 14 324 338 365 394 245 407 661 6 338 24  [1;32 1113600 0.11320769684735 [0 
1 368 735 681 120 334 7 28 979 49 326 12 13 14 324 338 365 394 245 407 661 6 338 24  [1;32 1146000 0.11470635974859 [0 
1 368 735 681 120 313 7 28 979 49 326 12 13 14 324 891 991 394 245 407 661 6 338 24  [1;32 1279200 0.56315737816996 [0 
1 368 735 681 120 313 7 28 979 49 326 12 13 14 324 891 991 394 245 407 661 6 338 24  [1;32 1280400 0.60959547025284 [0 
1 368 735 681 120 313 7 28 979 49 326 12 13 14 324 891 991 394 245 407 661 6 338 24  [1;32 1281600 0.61875479010747 [0 
seed 87
1 368 735 681 120 313 7 28 979 49 326 12 13 14 324 891 991 394 245 407 661 6 338 24 
1000 999 
best 0.61875479010747
 [0 
