1 2 3 4 5 6 7 8 9 10 11 12 13 14 15 16 17 18 19 20 21 22 23 24 [1;32m1200 0.21945566479963[0m
1 2 3 4 5 6 7 8 9 564 662 341 378 14 15 16 17 385 642 20 21 22 23 24 [1;32m495600 0.27945568234352[0m
1 2 3 4 5 6 7 8 9 564 662 341 378 14 15 16 17 385 642 20 21 22 23 24 [1;32m496800 0.33951082850517[0m
1 2 3 4 5 6 7 8 9 564 662 341 378 14 15 16 17 385 642 20 21 22 23 24 [1;32m498000 0.3517787930089[0m
1 2 3 4 5 6 7 8 9 564 662 341 378 14 593 16 17 880 799 20 21 22 869 24 [1;32m520800 0.44523629806801[0m
1 2 3 4 5 6 7 8 9 564 662 341 378 14 593 16 17 880 799 20 21 22 869 24 [1;32m522000 0.45948847764939[0m
1 2 3 4 5 6 7 8 9 564 662 341 378 14 593 16 17 880 799 299 21 22 869 24 [1;32m532800 0.47610027490239[0m
1 2 3 4 5 6 7 8 9 564 662 341 378 14 593 16 17 880 108 299 21 666 869 403 [1;32m535200 0.47623182205035[0m
191 2 3 4 5 6 160 8 9 564 662 341 378 14 593 16 17 880 108 299 21 666 869 562 [1;32m603600 0.48963126645025[0m
191 2 3 4 5 6 160 8 9 564 662 341 378 14 593 16 17 880 108 299 21 666 869 562 [1;32m604800 0.49538216061894[0m
191 2 3 4 5 6 160 8 9 564 662 341 378 14 923 16 17 880 108 299 21 666 869 562 [1;32m607200 0.49539997245364[0m
191 2 3 4 5 6 160 8 9 564 662 341 378 199 923 16 381 880 272 299 21 666 869 562 [1;32m609600 0.49541250987562[0m
191 2 3 4 815 6 160 8 646 564 662 761 378 326 923 16 381 880 272 496 21 666 869 813 [1;32m613200 0.64105203969699[0m
191 2 3 4 815 6 160 8 646 564 662 761 378 326 923 16 381 880 272 496 21 666 869 813 [1;32m614400 0.64127438495931[0m
seed 50
191 2 3 4 815 6 160 8 646 564 662 761 378 326 923 16 381 880 272 496 21 666 869 813 
1000 999 
best 0.64127438495931
[0m
