1 2 3 589 5 211 7 8 9 10 11 12 13 14 15 16 17 18 26 20 21 247 23 528  [1;32 61200 0.010403214543779 [0 
1 628 3 589 5 211 7 8 9 10 11 12 13 14 15 16 17 18 26 20 21 247 23 528  [1;32 85200 0.010615631744982 [0 
1 628 3 589 5 374 7 8 9 10 11 523 13 14 15 16 17 18 26 20 21 716 23 528  [1;32 207600 0.010668451739211 [0 
1 628 3 693 5 374 346 8 679 10 11 713 13 884 15 16 17 18 419 20 21 716 23 528  [1;32 282000 0.010790715625013 [0 
1 628 3 693 5 374 346 8 679 10 11 985 13 884 15 16 17 18 419 20 21 716 23 528  [1;32 667200 0.01083549765159 [0 
1 628 3 693 5 374 346 8 679 10 11 985 13 177 717 16 17 801 419 20 21 716 23 528  [1;32 1296000 0.010836110094011 [0 
seed 99
1 628 3 693 5 374 346 8 679 10 11 985 13 177 717 16 17 801 419 20 21 716 23 528 
1000 999 
best 0.010836110094011
 [0 
