1 2 3 4 5 6 7 8 9 10 11 12 13 14 15 16 17 18 19 20 21 22 23 24 [1;32m1200 0.00082539931038637[0m
1 2 3 4 5 6 7 8 9 10 11 12 13 14 15 16 17 18 192 20 21 22 23 266 [1;32m1027200 0.001651118975587[0m
1 2 521 275 5 6 482 717 9 10 11 12 13 14 15 16 17 18 192 20 491 22 23 266 [1;32m1047600 0.019780128965961[0m
1 2 521 275 180 6 482 717 677 349 11 12 13 14 15 16 17 18 192 20 491 22 23 266 [1;32m1053600 0.45035939810862[0m
1 2 521 275 824 184 482 42 677 349 11 12 13 14 15 16 17 397 192 706 825 22 23 266 [1;32m1070400 0.47256218013315[0m
1 2 521 275 841 184 482 927 677 349 11 12 13 14 15 16 17 397 192 706 825 22 23 266 [1;32m1074000 0.48882143110007[0m
1 2 521 275 841 184 482 927 677 349 11 12 13 14 15 16 17 397 192 706 825 22 23 266 [1;32m1075200 0.65220602631451[0m
1 2 521 275 841 184 482 927 677 349 11 12 13 14 15 16 17 397 192 706 825 22 23 266 [1;32m1076400 0.72901324372472[0m
1 2 521 275 841 184 482 927 677 349 503 243 13 14 15 16 138 397 192 432 825 22 229 124 [1;32m1078800 0.82959610633834[0m
1 2 521 275 841 184 482 927 677 349 503 243 13 14 15 16 138 397 192 432 825 22 229 124 [1;32m1080000 0.87391452839748[0m
1 2 521 275 765 184 482 927 677 349 503 243 13 14 954 16 138 397 192 432 825 22 229 124 [1;32m1099200 0.87699781557034[0m
1 2 521 275 765 184 482 927 677 349 503 243 13 14 954 16 138 743 192 432 825 22 229 124 [1;32m1106400 0.88549106123652[0m
1 2 521 275 765 184 482 927 677 349 503 243 13 842 954 16 138 743 192 432 825 22 638 574 [1;32m1209600 0.8940938064231[0m
1 2 521 275 765 184 482 205 677 349 503 243 13 842 954 16 138 743 192 432 825 22 638 574 [1;32m1212000 0.89609723625484[0m
seed 20
1 2 521 275 765 184 482 205 677 349 503 243 13 842 954 16 138 743 192 432 825 22 638 574 
1000 999 
best 0.89609723625484
[0m
