1 2 3 4 5 956 7 8 9 10 11 12 13 71 15 425 17 18 19 20 21 22 23 24 [1;32m48000 0.26449194020316[0m
1 2 3 4 820 956 7 8 9 680 11 12 13 71 15 425 17 462 19 956 21 22 870 24 [1;32m457200 0.57068549090989[0m
1 2 3 4 820 956 7 8 9 680 11 12 13 71 15 425 17 462 19 956 21 22 870 24 [1;32m458400 0.69702513029693[0m
1 2 3 4 820 956 7 8 9 680 11 12 13 71 15 425 17 462 19 956 21 22 870 24 [1;32m459600 0.7690140737949[0m
1 2 3 4 820 956 7 8 9 680 11 12 13 71 15 425 17 462 19 956 21 22 870 24 [1;32m460800 0.79581809675445[0m
1 2 3 4 820 956 7 8 9 680 11 12 13 71 15 425 17 462 19 956 21 22 870 24 [1;32m462000 0.82942520846991[0m
1 2 3 4 820 956 7 8 9 680 11 12 13 71 15 425 17 462 19 956 21 22 870 24 [1;32m463200 0.87257222452007[0m
1 2 3 4 820 956 7 8 9 680 11 12 13 71 15 425 802 462 19 956 21 22 870 24 [1;32m1076400 0.87946017910275[0m
seed 45
1 2 3 4 820 956 7 8 9 680 11 12 13 71 15 425 802 462 19 956 21 22 870 24 
1000 999 
best 0.87946017910275
[0m
