1 2 3 4 5 6 7 8 9 10 11 12 13 14 15 16 17 18 19 20 21 22 23 24 [1;32m1200 0.21163826961747[0m
1 2 513 4 5 6 7 8 932 10 33 12 13 606 15 498 17 18 19 20 21 22 23 24 [1;32m340800 0.3095604101643[0m
1 243 513 4 5 6 7 8 932 10 33 12 13 606 15 498 17 18 19 20 21 22 23 24 [1;32m982800 0.4039830937079[0m
1 243 513 4 5 6 7 8 932 746 33 12 13 606 15 498 17 18 19 20 21 22 23 24 [1;32m1220400 0.44168209674956[0m
1 243 513 4 5 6 582 8 932 746 33 12 13 606 15 498 17 18 19 167 21 22 23 690 [1;32m1408800 0.86350798828315[0m
seed 71
1 243 513 4 5 6 582 8 932 746 33 12 13 606 15 498 17 18 19 167 21 22 23 690 
1000 999 
best 0.86350798828315
[0m
