1 2 3 4 5 6 7 8 9 10 11 12 13 14 15 16 17 18 19 20 21 22 23 24 [1;32m1200 0.21945276480128[0m
1 2 512 4 5 181 7 8 9 299 11 12 13 14 15 16 17 18 19 20 21 22 33 24 [1;32m100800 0.36030202767565[0m
1 2 512 4 5 181 7 8 9 299 11 12 13 14 15 16 17 18 19 20 21 991 33 960 [1;32m115200 0.77590116324374[0m
1 2 512 4 5 181 7 8 9 299 11 12 13 14 15 16 17 18 19 20 21 991 33 960 [1;32m116400 0.85966031349033[0m
1 2 512 647 5 181 7 8 9 299 11 12 13 14 15 16 17 18 19 20 21 991 33 960 [1;32m363600 0.86341538640047[0m
915 2 512 647 5 181 7 8 9 299 11 366 13 14 15 16 17 18 19 20 458 991 33 960 [1;32m586800 0.86744622353916[0m
seed 79
915 2 512 647 5 181 7 8 9 299 11 366 13 14 15 16 17 18 19 20 458 991 33 960 
1000 999 
best 0.86744622353916
[0m
