1 2 3 4 5 6 7 8 9 10 11 12 13 14 15 16 17 18 19 20 21 22 23 24  [1;32 1200 0.00082539931038637 [0 
1 3 3 4 5 516 7 8 9 10 11 12 13 14 15 16 17 18 19 20 21 22 23 947  [1;32 114000 0.33145980040557 [0 
1 3 2 4 5 516 7 8 9 10 11 12 13 14 15 192 17 18 19 719 21 701 23 947  [1;32 172800 0.37361369578954 [0 
1 324 2 4 5 516 99 8 601 216 11 12 13 14 15 985 17 18 19 719 21 917 23 947  [1;32 381600 0.81240004951311 [0 
1 324 2 4 5 516 99 8 601 216 11 580 13 14 15 985 17 18 19 719 21 917 23 947  [1;32 392400 0.81547152470926 [0 
1 324 2 4 411 516 99 8 601 216 11 580 13 14 15 985 17 18 19 719 555 917 23 947  [1;32 422400 0.86784591173581 [0 
1 324 38 4 953 516 99 8 601 216 11 43 554 14 15 985 17 18 19 105 555 577 23 947  [1;32 723600 0.86939995468448 [0 
1 324 38 4 953 516 99 8 601 216 458 43 554 14 15 985 17 18 19 105 555 577 23 947  [1;32 849600 0.87097956885779 [0 
1 324 38 4 953 516 99 8 952 216 458 43 554 14 15 985 17 18 635 783 288 577 23 947  [1;32 859200 0.87309660073501 [0 
seed 13
1 324 38 4 953 516 99 8 952 216 458 43 554 14 15 985 17 18 635 783 288 577 23 947 
1000 999 
best 0.87309660073501
 [0 
