1 2 3 4 5 6 7 8 9 10 11 12 13 14 15 16 17 18 19 20 21 22 23 24 [1;32m1200 0.14647253901963[0m
1 2 3 4 5 6 7 122 9 10 11 12 13 14 15 16 17 18 19 20 21 141 265 120 [1;32m43200 0.16241984449259[0m
1 2 3 4 5 6 7 122 9 400 11 12 991 14 15 16 17 18 19 20 21 141 265 120 [1;32m49200 0.16265649241375[0m
1 2 3 4 5 6 7 122 9 400 11 12 991 14 15 16 17 18 19 20 21 141 265 120 [1;32m50400 0.16345862221945[0m
1 2 3 4 5 6 7 122 520 400 11 12 991 14 15 16 17 18 19 20 21 141 265 120 [1;32m52800 0.16679454374151[0m
1 2 3 4 5 6 7 122 520 400 11 12 991 14 15 16 17 18 19 20 21 141 265 120 [1;32m54000 0.17174558295506[0m
1 2 3 4 5 6 440 122 520 400 11 12 991 14 166 16 17 360 19 20 21 141 265 120 [1;32m74400 0.17338336783119[0m
1 2 121 4 5 6 440 122 520 400 11 12 991 14 166 16 17 360 19 20 21 141 265 120 [1;32m85200 0.17627849287294[0m
1 2 121 4 5 6 440 327 520 400 46 12 991 14 166 918 17 728 19 20 21 141 265 120 [1;32m87600 0.18262514500686[0m
1 2 48 4 5 6 440 327 520 400 46 12 991 14 166 918 17 728 19 20 21 141 265 120 [1;32m90000 0.19438633467004[0m
1 2 48 4 5 6 440 327 520 400 46 12 991 14 166 918 17 728 19 20 21 141 265 120 [1;32m91200 0.20477550688297[0m
1 2 48 4 5 6 440 327 520 400 46 12 991 14 166 918 17 728 19 20 21 141 265 120 [1;32m92400 0.2155056980828[0m
1 2 48 4 5 6 440 327 520 400 46 12 41 14 76 918 17 728 19 20 21 141 265 120 [1;32m170400 0.21620040601136[0m
1 2 48 4 377 6 440 327 520 400 73 12 41 919 76 918 17 298 19 652 21 141 265 120 [1;32m194400 0.22248660603852[0m
1 2 48 4 377 6 765 327 520 400 73 12 41 919 76 918 17 298 19 652 21 141 265 120 [1;32m290400 0.23497051782271[0m
1 2 48 4 377 6 765 327 520 400 73 12 41 919 76 918 17 298 19 652 21 283 265 120 [1;32m292800 0.2532334279388[0m
1 2 48 4 377 6 765 327 520 400 73 12 41 767 76 918 17 298 19 652 21 283 265 120 [1;32m308400 0.26173829770329[0m
1 2 48 4 377 6 765 327 520 400 73 12 41 767 76 918 17 298 19 652 21 283 265 120 [1;32m309600 0.2864835821433[0m
864 2 48 4 377 6 586 342 520 78 950 12 41 767 76 918 186 298 19 652 21 283 265 120 [1;32m314400 0.28898335090869[0m
864 2 48 475 377 6 112 342 520 78 950 12 194 767 473 918 187 298 19 652 58 283 265 120 [1;32m375600 0.31955909334484[0m
864 2 48 475 377 6 112 342 520 78 950 12 194 767 473 918 187 298 19 216 58 283 265 120 [1;32m492000 0.322849886983[0m
864 2 48 475 377 6 112 342 520 78 950 12 194 767 473 918 187 298 19 216 58 283 265 120 [1;32m493200 0.32759950849539[0m
864 2 48 475 377 6 112 342 520 613 950 324 194 767 473 462 187 298 19 216 58 283 265 120 [1;32m514800 0.33770010828056[0m
864 2 48 475 377 6 112 342 520 613 950 324 194 767 473 462 187 298 19 216 58 161 265 120 [1;32m562800 0.34887289701966[0m
864 2 48 475 377 714 112 342 520 613 950 324 194 767 884 462 187 298 19 216 247 161 265 120 [1;32m1173600 0.35274379439116[0m
864 2 48 475 377 714 112 282 520 613 950 324 194 767 884 462 187 298 19 216 578 161 265 120 [1;32m1196400 0.3773560761459[0m
864 2 48 475 377 714 112 282 520 613 950 324 194 767 884 462 187 298 19 856 578 161 265 120 [1;32m1435200 0.42164451927824[0m
seed 64
864 2 48 475 377 714 112 282 520 613 950 324 194 767 884 462 187 298 19 856 578 161 265 120 
1000 999 
best 0.42164451927824
[0m
