1 2 3 4 5 6 7 8 9 10 11 12 13 14 15 16 17 18 19 20 21 22 23 24 [1;32m1200 0.052224815600134[0m
174 2 3 4 5 6 7 8 9 10 11 12 13 14 15 756 17 678 19 20 21 22 23 24 [1;32m4800 0.084882760837244[0m
174 2 3 4 5 6 7 8 9 10 11 12 13 14 15 756 17 678 19 20 21 22 23 24 [1;32m6000 0.10076659357636[0m
174 2 3 4 5 935 7 8 9 747 11 12 192 14 15 756 17 678 27 20 21 22 23 24 [1;32m72000 0.12421346806668[0m
174 2 3 4 5 935 7 8 9 747 11 12 192 14 15 756 17 678 27 20 21 22 23 24 [1;32m73200 0.12697504336037[0m
410 83 3 4 5 832 7 8 9 747 11 12 192 14 15 425 17 678 27 20 21 22 629 24 [1;32m91200 0.12797034045179[0m
410 83 3 4 5 832 7 8 9 747 11 12 192 14 15 425 17 678 27 20 21 22 629 24 [1;32m92400 0.12906254435195[0m
410 83 3 19 5 832 7 8 9 747 11 12 192 14 15 153 17 678 27 20 21 22 629 24 [1;32m159600 0.14366165287599[0m
410 83 3 359 5 832 7 8 9 747 11 12 192 14 15 153 17 678 27 408 21 22 629 24 [1;32m248400 0.15441193639964[0m
447 83 3 359 5 832 7 8 9 747 209 12 192 14 15 153 17 678 27 408 810 22 629 24 [1;32m484800 0.16167278356461[0m
447 83 3 27 5 832 7 8 13 747 209 12 192 14 15 153 17 678 27 408 847 22 629 24 [1;32m706800 0.17259279245286[0m
seed 32
447 83 3 27 5 832 7 8 13 747 209 12 192 14 15 153 17 678 27 408 847 22 629 24 
1000 999 
best 0.17259279245286
[0m
