1 2 3 4 5 6 7 8 9 10 11 12 13 14 15 16 17 18 19 20 21 22 23 24 [1;32m1200 0.00082524039413165[0m
1 2 3 4 5 6 7 981 9 10 11 12 13 14 960 16 755 18 196 20 21 22 23 24 [1;32m37200 0.0057819904787094[0m
1 2 3 4 5 6 7 981 9 10 11 12 13 14 960 16 502 18 196 20 21 236 23 24 [1;32m52800 0.0068553795768829[0m
1 16 3 4 180 6 7 820 9 10 11 12 13 223 960 16 502 18 196 20 173 236 23 24 [1;32m56400 0.62116941314341[0m
1 16 3 4 180 139 7 820 9 10 11 12 13 678 960 16 502 18 196 20 173 236 23 24 [1;32m73200 0.75628589722364[0m
1 16 3 4 180 139 7 820 9 10 11 328 13 678 960 16 502 18 196 20 668 236 23 24 [1;32m94800 0.76885835074132[0m
553 193 3 175 180 139 7 820 9 10 11 328 13 678 960 16 502 18 196 326 668 236 23 24 [1;32m160800 0.8738793823778[0m
553 193 3 175 180 14 7 820 9 10 11 928 13 678 153 16 841 18 196 326 668 236 23 24 [1;32m457200 0.87899498823679[0m
553 193 3 175 180 14 7 123 9 10 11 928 13 678 153 16 841 18 196 326 668 236 23 24 [1;32m1135200 0.88015884832023[0m
seed 89
553 193 3 175 180 14 7 123 9 10 11 928 13 678 153 16 841 18 196 326 668 236 23 24 
1000 999 
best 0.88015884832023
[0m
