1 2 3 4 5 6 7 8 9 10 11 12 13 14 15 16 17 18 19 20 21 22 23 24 [1;32m1200 0.19537174174551[0m
1 986 3 4 5 6 7 474 9 755 871 12 13 14 15 945 17 18 19 20 21 889 23 24 [1;32m86400 0.43441002016782[0m
1 986 201 641 795 6 7 474 9 755 871 482 13 14 15 945 17 18 19 20 21 359 23 24 [1;32m304800 0.83875306125893[0m
1 986 201 694 795 6 7 474 9 755 871 482 13 14 15 945 63 18 19 20 21 359 23 24 [1;32m781200 0.8452037337583[0m
1 986 201 694 795 6 969 474 9 755 871 482 558 14 15 945 63 18 19 20 21 359 23 24 [1;32m783600 0.86099424966618[0m
seed 34
1 986 201 694 795 6 969 474 9 755 871 482 558 14 15 945 63 18 19 20 21 359 23 24 
1000 999 
best 0.86099424966618
[0m
