1 2 3 4 5 6 7 8 9 10 11 12 13 14 15 16 17 18 19 20 21 22 23 24 [1;32m1200 0.28028145305968[0m
1 2 3 4 5 6 7 8 9 10 11 12 13 14 15 16 17 18 19 20 21 22 23 24 [1;32m2400 0.32449933126737[0m
1 380 3 4 5 7 7 8 9 10 11 12 129 14 15 16 17 18 79 20 21 22 23 24 [1;32m8400 0.32614506205078[0m
1 380 3 973 5 7 7 8 9 10 55 12 129 14 551 16 17 304 79 20 21 256 23 24 [1;32m10800 0.33355862154092[0m
1 380 3 973 5 7 7 8 9 567 55 12 129 14 551 16 17 304 79 20 21 256 23 24 [1;32m13200 0.3352479892702[0m
1 380 3 973 5 7 7 8 9 567 55 12 129 14 551 16 17 304 79 20 21 256 23 24 [1;32m14400 0.35418200185484[0m
626 380 3 973 5 7 7 8 59 567 55 12 129 869 551 16 17 304 270 20 21 256 23 24 [1;32m18000 0.37140422132228[0m
626 380 3 973 5 7 7 8 59 567 55 12 129 869 551 16 17 304 270 20 271 256 23 24 [1;32m26400 0.37859220826607[0m
626 380 3 973 5 7 7 498 59 567 55 12 129 869 551 16 17 304 270 20 271 256 23 24 [1;32m32400 0.38393171380161[0m
626 317 3 973 5 7 44 498 59 567 115 12 129 869 551 16 17 304 270 20 271 256 23 263 [1;32m38400 0.39359018344508[0m
626 317 3 973 5 7 44 498 59 567 115 12 129 869 551 16 17 304 938 20 271 256 210 263 [1;32m42000 0.39410603228182[0m
626 317 3 973 5 7 44 498 59 567 43 12 129 869 551 16 17 304 938 20 271 256 210 263 [1;32m56400 0.42768309627688[0m
626 317 3 973 5 7 44 498 59 567 43 12 129 869 551 16 17 304 938 20 271 256 210 263 [1;32m57600 0.42933074570127[0m
626 317 3 973 5 7 44 498 59 567 43 12 129 869 551 16 17 304 938 20 271 256 210 263 [1;32m58800 0.44915285728861[0m
626 348 3 973 5 7 44 498 59 567 43 12 129 869 551 16 17 304 938 20 271 256 210 263 [1;32m91200 0.4567247263552[0m
626 348 3 973 5 7 44 498 59 567 43 12 129 869 551 16 289 304 327 20 271 256 210 239 [1;32m193200 0.46055050867656[0m
626 348 3 973 5 7 44 498 59 567 43 12 129 821 551 16 289 304 327 433 271 256 210 239 [1;32m199200 0.46597803277435[0m
626 49 438 973 5 7 44 498 59 567 43 12 129 821 551 16 289 304 327 433 271 256 460 381 [1;32m208800 0.54915549971521[0m
626 49 438 973 5 7 44 498 59 567 43 928 129 821 610 16 289 304 327 433 271 256 460 381 [1;32m211200 0.5731877202521[0m
626 49 438 973 5 7 44 498 59 528 43 928 129 307 534 243 289 304 327 479 271 256 460 510 [1;32m254400 0.58155158807764[0m
626 49 438 466 5 982 41 498 678 778 43 928 129 307 534 243 289 304 327 479 271 256 460 510 [1;32m278400 0.59662879374315[0m
626 49 438 466 5 982 41 498 678 778 43 928 129 307 534 243 289 304 327 479 271 256 460 510 [1;32m279600 0.62184083741604[0m
626 49 438 466 5 982 542 876 678 778 43 157 129 307 534 243 289 304 327 479 271 256 460 510 [1;32m313200 0.6704158201472[0m
626 49 438 466 5 982 562 876 386 778 43 157 129 307 534 243 289 304 327 479 994 256 460 298 [1;32m321600 0.69410588170314[0m
626 49 438 466 5 982 562 876 386 778 43 157 129 307 534 243 289 304 327 479 994 256 460 298 [1;32m322800 0.72371004090347[0m
626 49 438 466 735 982 562 876 386 778 43 157 129 535 534 243 289 611 327 289 994 256 460 298 [1;32m326400 0.7539160220759[0m
626 49 438 466 885 667 562 876 386 778 43 157 129 535 534 243 289 611 327 289 994 256 460 298 [1;32m328800 0.78096501609598[0m
626 49 438 466 885 667 469 876 386 778 43 157 129 535 127 243 289 611 327 98 821 256 460 298 [1;32m344400 0.79396556939144[0m
626 49 438 466 885 667 671 876 386 623 43 464 129 535 127 677 289 611 327 98 821 256 460 298 [1;32m374400 0.87483850471631[0m
294 49 438 466 801 667 671 876 386 623 43 464 129 535 127 677 531 611 67 98 821 256 460 298 [1;32m610800 0.87781215192709[0m
294 836 438 78 801 667 671 876 386 623 43 464 129 535 127 677 531 611 67 98 662 256 796 661 [1;32m613200 0.89519558215453[0m
seed 1
294 836 438 78 801 667 671 876 386 623 43 464 129 535 127 677 531 611 67 98 662 256 796 661 
1000 999 
best 0.89519558215453
[0m
