1 2 3 4 5 6 7 8 9 10 11 12 13 14 15 16 17 18 19 20 21 22 23 24 [1;32m1200 0.00082511167866957[0m
1 2 714 4 5 463 7 32 591 10 11 12 13 14 15 16 17 18 19 20 89 22 23 340 [1;32m75600 0.025151732151758[0m
1 2 714 4 5 463 7 32 591 10 11 12 13 14 15 16 17 18 19 20 89 22 72 340 [1;32m124800 0.32848822327776[0m
832 2 714 247 5 192 7 32 591 10 11 521 13 14 15 445 17 18 19 20 89 22 914 340 [1;32m530400 0.33897402086724[0m
832 2 714 247 5 192 7 32 591 10 11 521 13 14 15 445 17 18 19 20 89 22 914 340 [1;32m531600 0.40201074260241[0m
303 2 714 247 5 192 7 32 980 10 11 521 13 14 15 445 17 18 19 20 89 22 914 340 [1;32m536400 0.64919879922112[0m
355 2 714 258 5 192 7 32 660 10 11 521 13 14 15 445 17 18 19 20 89 139 914 340 [1;32m562800 0.70027511228062[0m
355 2 714 258 5 192 7 32 660 650 11 521 13 14 15 445 17 18 19 20 89 139 914 340 [1;32m626400 0.73481923640547[0m
355 2 714 258 5 192 7 32 660 650 11 521 13 14 15 815 901 18 19 410 89 542 914 340 [1;32m655200 0.76759955692742[0m
355 2 714 258 5 192 7 32 660 650 11 521 13 14 15 815 901 18 19 410 89 542 914 340 [1;32m656400 0.82456531374112[0m
355 2 714 258 5 192 7 32 660 650 11 521 454 14 15 815 901 18 19 410 89 542 914 340 [1;32m669600 0.86842739091786[0m
355 2 714 258 5 192 7 244 660 70 11 521 454 14 15 815 901 18 19 410 89 542 914 554 [1;32m678000 0.87890590001075[0m
355 872 871 422 5 192 7 244 660 70 11 521 323 14 15 815 901 695 19 410 89 542 914 554 [1;32m694800 0.87954640558071[0m
355 872 871 422 5 192 7 244 660 70 11 521 323 14 15 815 901 695 19 410 89 542 914 554 [1;32m696000 0.89368675005256[0m
482 872 871 355 247 192 7 244 660 70 11 521 323 14 115 815 2 695 19 410 89 542 914 554 [1;32m766800 0.90737440393943[0m
seed 52
482 872 871 355 247 192 7 244 660 70 11 521 323 14 115 815 2 695 19 410 89 542 914 554 
1000 999 
best 0.90737440393943
[0m
