1 2 3 4 5 6 7 8 9 10 11 12 13 14 15 16 17 18 19 20 21 22 23 24  [1;32 1200 0.084763486941897 [0 
1 2 484 4 5 6 7 8 9 10 11 112 13 984 15 16 17 18 19 20 21 22 23 24  [1;32 37200 0.4201256010102 [0 
1 2 484 4 5 6 7 8 9 10 11 112 13 984 15 16 17 18 19 20 21 22 23 24  [1;32 38400 0.48667393983827 [0 
1 718 484 4 5 31 7 8 9 564 11 112 13 984 15 16 17 18 19 20 21 22 23 24  [1;32 40800 0.48676784296549 [0 
1 718 484 4 5 31 722 8 9 564 11 112 469 355 15 16 17 18 19 20 21 2 23 24  [1;32 43200 0.76785620478125 [0 
1 718 484 4 5 31 722 8 9 564 11 112 38 355 15 16 17 18 19 20 21 2 23 24  [1;32 75600 0.82412454212456 [0 
1 718 484 4 5 31 722 8 9 564 11 112 38 355 15 16 17 18 19 20 21 2 23 24  [1;32 76800 0.83780100024286 [0 
604 718 484 4 5 31 722 303 9 948 11 112 38 355 15 16 349 18 19 948 21 2 23 24  [1;32 86400 0.88570854973568 [0 
604 718 484 4 5 31 722 303 9 948 11 112 38 355 15 16 349 18 19 948 21 2 23 78  [1;32 680400 0.89190100846768 [0 
604 718 484 35 5 31 722 303 9 948 11 149 38 355 15 16 349 18 19 948 21 2 5 78  [1;32 686400 0.89244770423239 [0 
604 718 484 35 5 31 722 303 9 948 11 149 38 355 15 16 349 261 547 948 21 2 5 78  [1;32 871200 0.89387051977269 [0 
seed 95
604 718 484 35 5 31 722 303 9 948 11 149 38 355 15 16 349 261 547 948 21 2 5 78 
1000 999 
best 0.89387051977269
 [0 
