1 2 3 4 5 908 7 831 9 10 11 868 13 14 15 16 17 18 19 20 21 851 23 24 [1;32m81600 0.010549983552231[0m
1 2 3 4 5 908 7 831 9 10 11 868 13 333 15 16 17 18 785 20 21 851 866 24 [1;32m620400 0.011691075092096[0m
1 2 3 4 5 95 7 831 9 783 11 868 13 333 15 16 17 544 785 20 21 851 866 24 [1;32m634800 0.083084774172291[0m
1 2 3 4 5 95 7 831 9 783 11 868 692 333 444 16 17 544 785 20 21 851 866 24 [1;32m648000 0.42007876074561[0m
1 2 3 4 5 95 113 831 9 783 11 868 692 333 444 16 17 544 785 20 21 851 866 583 [1;32m751200 0.42064263312173[0m
1 2 3 4 5 95 113 831 9 783 444 868 938 333 444 16 17 544 785 20 21 851 866 40 [1;32m968400 0.42814726475946[0m
seed 17
1 2 3 4 5 95 113 831 9 783 444 868 938 333 444 16 17 544 785 20 21 851 866 40 
1000 999 
best 0.42814726475946
[0m
