1 2 3 4 5 6 7 8 9 10 11 12 13 14 15 16 17 18 19 20 21 22 23 24  [1;32 1200 0.0016505109890559 [0 
1 2 3 4 267 200 872 8 9 10 11 12 13 14 993 16 17 18 19 180 21 22 236 24  [1;32 49200 0.022356703463377 [0 
1 343 3 4 267 200 872 8 9 10 11 12 230 14 993 16 17 18 621 180 21 22 894 24  [1;32 81600 0.31721789761283 [0 
1 737 3 4 267 200 804 8 9 77 11 12 230 14 762 16 17 18 997 180 838 22 894 24  [1;32 1413600 0.35661892297439 [0 
1 737 3 4 267 200 804 8 9 77 11 12 230 14 762 16 17 18 997 180 838 22 894 24  [1;32 1414800 0.43075876619156 [0 
1 737 3 4 267 917 804 8 9 77 11 853 230 14 762 16 17 140 997 180 838 889 894 250  [1;32 1417200 0.43295846384411 [0 
1 737 3 4 267 917 804 8 9 77 11 853 230 14 762 16 17 140 997 180 838 889 894 250  [1;32 1418400 0.43455124526606 [0 
1 737 3 4 267 917 804 8 9 77 11 853 230 14 762 16 17 140 997 180 838 889 894 250  [1;32 1419600 0.44648342532341 [0 
1 737 3 4 267 917 804 8 9 77 11 853 230 14 762 16 17 140 997 180 838 889 894 250  [1;32 1420800 0.46270008474657 [0 
1 737 3 4 267 917 804 8 9 77 11 853 230 14 762 16 17 140 997 180 838 889 894 250  [1;32 1422000 0.46412760514818 [0 
1 737 3 4 267 917 804 8 9 77 11 853 230 14 762 16 17 140 997 180 838 889 894 250  [1;32 1423200 0.48269754291478 [0 
1 737 3 4 267 917 804 8 9 77 11 853 230 14 762 16 17 140 997 180 838 889 894 250  [1;32 1424400 0.49010319864626 [0 
1 737 3 4 267 917 804 8 9 77 11 853 230 14 762 16 17 140 997 180 838 889 894 250  [1;32 1425600 0.4926526799438 [0 
1 737 3 4 267 917 804 8 9 77 11 853 230 14 762 16 17 140 997 180 838 889 894 250  [1;32 1426800 0.49515369943582 [0 
1 737 3 4 267 917 804 8 9 77 11 853 230 421 762 16 17 939 997 180 838 5 894 500  [1;32 1440000 0.49541195339567 [0 
seed 50
1 737 3 4 267 917 804 8 9 77 11 853 230 421 762 16 17 939 997 180 838 5 894 500 
1000 999 
best 0.49541195339567
 [0 
