1 2 3 4 5 6 7 8 9 10 11 12 13 14 15 16 17 18 19 20 21 22 23 24 [1;32m1200 0.00082539931038637[0m
1 2 3 4 5 6 7 8 9 10 11 12 13 14 15 16 17 18 19 20 21 22 23 549 [1;32m20400 0.013621166455838[0m
1 2 3 4 5 941 7 8 9 159 11 12 13 14 15 16 992 18 142 20 21 22 23 549 [1;32m38400 0.44828580579201[0m
1 2 95 312 5 941 7 8 9 159 11 12 13 14 15 16 992 18 142 20 679 22 23 549 [1;32m56400 0.71811171928233[0m
1 2 95 312 5 941 7 8 9 159 147 12 13 14 15 16 992 18 142 20 679 22 23 549 [1;32m61200 0.86626943950304[0m
1 2 95 312 5 941 7 8 155 159 147 12 13 661 15 16 992 18 142 20 679 22 23 549 [1;32m96000 0.87156460206882[0m
1 2 95 312 5 941 7 8 155 159 147 12 13 661 15 16 992 18 142 20 679 22 23 549 [1;32m97200 0.87209896169348[0m
1 2 95 68 5 941 7 8 155 159 147 12 13 661 15 16 402 18 142 20 482 22 23 549 [1;32m103200 0.87309413000346[0m
640 2 95 928 5 941 7 866 398 159 147 12 13 253 15 16 402 18 142 20 482 22 23 549 [1;32m182400 0.89407639367743[0m
640 2 95 928 5 941 7 866 398 159 147 12 13 253 15 16 402 18 142 20 482 921 23 549 [1;32m530400 0.89520555479119[0m
193 305 640 928 5 941 7 765 398 159 147 12 13 253 15 16 402 18 142 20 482 921 58 549 [1;32m565200 0.90074668528105[0m
193 305 231 928 124 941 7 765 398 159 147 12 13 894 15 922 402 422 142 20 482 921 58 549 [1;32m968400 0.90166426182397[0m
seed 29
193 305 231 928 124 941 7 765 398 159 147 12 13 894 15 922 402 422 142 20 482 921 58 549 
1000 999 
best 0.90166426182397
[0m
