1 2 3 4 5 6 7 8 9 10 11 12 13 14 15 16 17 18 19 20 21 22 23 24 [1;32m1200 0.0064377305818301[0m
105 2 3 4 5 6 140 245 9 10 11 12 578 14 15 16 17 566 19 20 21 22 23 24 [1;32m6000 0.01193306972471[0m
105 350 3 4 5 6 140 245 9 10 11 12 578 298 15 16 833 566 19 20 487 22 78 24 [1;32m8400 0.020137236961351[0m
865 350 3 4 651 6 140 177 792 10 11 12 578 754 15 16 833 566 19 20 487 22 92 24 [1;32m15600 0.03416190670769[0m
865 350 3 4 651 6 140 177 792 10 11 12 578 754 15 16 833 566 19 20 487 22 92 24 [1;32m16800 0.037314305379619[0m
865 350 3 4 651 6 140 177 792 10 11 12 578 754 15 16 833 566 19 20 487 22 92 24 [1;32m18000 0.043227314729735[0m
865 350 3 4 651 6 140 177 792 10 11 12 578 754 15 16 833 566 19 20 487 22 92 518 [1;32m25200 0.076096184341349[0m
865 350 3 4 651 6 140 177 792 10 11 12 578 754 15 16 833 566 19 20 487 22 92 518 [1;32m26400 0.079379229219147[0m
865 350 3 4 651 6 140 177 792 10 11 12 578 754 15 16 833 566 19 20 487 22 92 518 [1;32m27600 0.084196963156375[0m
865 350 133 4 651 6 140 177 792 10 11 12 578 754 15 16 833 669 19 20 487 22 92 518 [1;32m39600 0.098244770199209[0m
865 350 133 4 651 6 140 177 792 10 11 12 578 754 15 473 833 669 19 20 487 22 92 518 [1;32m74400 0.10154614950701[0m
865 350 133 4 651 6 140 177 792 10 11 12 578 754 15 473 833 669 19 20 487 22 92 518 [1;32m75600 0.1098136945312[0m
865 381 133 4 651 6 140 177 792 450 11 12 578 754 15 570 833 669 19 156 487 22 92 518 [1;32m102000 0.12446367373045[0m
599 381 133 4 651 6 140 177 257 450 11 987 538 754 15 570 833 669 19 61 487 890 92 518 [1;32m123600 0.15740960900853[0m
898 381 133 52 651 6 140 177 257 450 880 987 538 754 15 570 833 687 19 61 487 742 92 518 [1;32m132000 0.17298435836116[0m
898 381 133 52 651 110 140 177 257 450 880 987 538 273 15 570 833 825 19 61 487 742 699 518 [1;32m159600 0.28316368687453[0m
898 381 133 52 651 192 140 177 257 450 880 987 538 299 15 570 833 825 19 61 487 742 43 518 [1;32m166800 0.2876931963995[0m
898 381 133 52 651 192 492 177 257 450 880 987 538 299 15 754 833 825 19 61 487 742 43 518 [1;32m178800 0.31712628003191[0m
898 381 304 52 651 192 492 177 257 450 880 987 316 299 15 754 833 825 30 61 487 396 43 518 [1;32m309600 0.31834734063312[0m
898 381 304 52 651 192 492 177 257 450 880 987 316 299 15 754 833 825 30 61 487 396 43 518 [1;32m310800 0.34202606996096[0m
68 381 65 52 651 192 785 177 257 450 880 791 316 299 15 754 833 825 30 61 487 396 43 518 [1;32m313200 0.36405817331403[0m
68 381 65 52 651 192 785 177 257 450 880 791 316 299 15 754 833 825 30 61 487 396 43 518 [1;32m314400 0.38678518953493[0m
68 381 65 52 651 192 785 177 257 450 880 439 316 299 15 754 833 825 30 61 487 396 43 518 [1;32m316800 0.3878788716873[0m
68 381 65 52 651 192 785 177 257 450 880 439 316 299 15 754 833 825 30 61 487 396 43 518 [1;32m318000 0.40049496814207[0m
68 381 65 52 651 192 785 177 257 813 880 439 316 299 15 754 833 825 30 61 487 396 43 518 [1;32m336000 0.40745996494063[0m
499 381 65 52 651 192 785 177 257 813 880 439 316 299 15 754 833 825 30 61 487 396 43 518 [1;32m394800 0.42464905387894[0m
499 675 65 52 651 192 785 177 257 813 880 439 316 299 15 754 833 825 30 782 864 396 43 518 [1;32m480000 0.45725347928711[0m
499 538 65 52 651 549 785 177 257 813 880 439 316 299 15 754 833 825 30 782 340 396 197 518 [1;32m493200 0.47846584962607[0m
499 538 65 52 651 549 785 177 257 813 880 439 316 299 15 754 706 825 30 782 340 396 197 518 [1;32m598800 0.47980679155888[0m
499 538 65 52 651 926 785 177 257 813 880 439 765 299 15 754 706 825 30 782 340 396 197 518 [1;32m667200 0.49027016841914[0m
499 538 445 52 651 475 785 177 257 813 880 439 765 299 15 754 592 825 30 251 340 396 197 518 [1;32m692400 0.49766197896852[0m
499 538 445 32 651 573 704 177 257 813 131 439 765 299 422 754 592 825 30 251 340 396 197 518 [1;32m697200 0.4982196340856[0m
499 538 445 32 651 573 704 177 257 813 131 439 765 299 422 754 592 825 30 251 340 396 197 518 [1;32m698400 0.52998150216135[0m
499 538 445 32 651 573 468 177 257 813 131 439 765 299 422 754 592 825 30 251 73 934 197 518 [1;32m973200 0.55308820289672[0m
499 538 445 418 651 573 468 177 257 813 131 439 765 299 422 754 592 825 30 251 247 934 731 518 [1;32m1302000 0.55456929679567[0m
seed 95
499 538 445 418 651 573 468 177 257 813 131 439 765 299 422 754 592 825 30 251 247 934 731 518 
1000 999 
best 0.55456929679567
[0m
