1 2 3 4 5 6 7 8 9 10 11 12 13 14 15 16 17 18 19 20 21 22 23 24 [1;32m1200 0.27968478425719[0m
1 2 3 4 5 6 7 8 9 10 11 12 13 14 15 16 17 18 19 20 21 22 23 24 [1;32m2400 0.30185471354035[0m
1 2 3 4 5 6 7 8 9 10 11 12 13 14 15 16 17 474 19 20 21 22 23 24 [1;32m6000 0.35033406505036[0m
1 2 3 4 5 6 7 8 737 10 11 12 13 14 236 16 17 474 19 613 21 22 643 24 [1;32m12000 0.45961643891187[0m
917 2 3 4 5 6 7 8 737 10 749 12 13 14 236 16 17 474 19 613 21 22 643 24 [1;32m14400 0.51296818404973[0m
917 2 117 668 5 6 214 8 737 10 749 12 13 14 236 396 64 474 19 613 21 22 643 827 [1;32m22800 0.53435923464526[0m
917 2 117 668 5 6 214 8 737 10 749 12 13 14 236 396 64 474 19 613 21 22 643 827 [1;32m24000 0.54252232441608[0m
917 2 117 668 5 6 214 8 737 10 749 12 13 14 236 396 64 474 19 613 21 22 643 827 [1;32m25200 0.54632558949556[0m
917 2 117 668 5 672 270 8 737 10 749 12 13 14 236 396 64 117 19 830 21 22 643 827 [1;32m27600 0.5841204241714[0m
917 2 117 467 5 398 270 8 737 10 749 12 13 936 236 396 64 117 19 830 21 137 904 827 [1;32m188400 0.77306795491966[0m
917 2 117 467 619 398 270 8 737 10 749 47 13 936 236 396 598 117 19 830 21 137 904 827 [1;32m439200 0.81521016169219[0m
seed 29
917 2 117 467 619 398 270 8 737 10 749 47 13 936 236 396 598 117 19 830 21 137 904 827 
1000 999 
best 0.81521016169219
[0m
