1 2 3 4 5 6 7 8 9 10 11 12 13 14 15 16 17 18 19 20 21 22 23 24  [1;32 1200 0.082480498364353 [0 
1 2 3 4 5 6 7 8 9 86 11 12 367 14 15 16 17 18 19 20 21 22 23 24  [1;32 3600 0.10022700138952 [0 
1 2 3 4 5 326 7 8 9 86 11 12 367 14 15 16 17 87 19 20 21 22 23 24  [1;32 21600 0.17670227767732 [0 
1 375 3 4 5 326 7 8 334 86 11 12 367 14 15 996 17 87 19 20 21 22 23 24  [1;32 24000 0.19658671432757 [0 
1 375 3 4 5 326 7 8 334 86 180 33 205 14 507 996 17 87 19 20 853 22 23 24  [1;32 27600 0.20548948640289 [0 
1 375 3 4 5 326 7 445 334 86 180 33 205 14 507 996 17 87 19 20 853 22 23 24  [1;32 43200 0.21940394871508 [0 
105 375 3 4 5 326 7 445 334 86 180 33 205 14 507 996 17 396 19 989 113 627 23 24  [1;32 66000 0.23943953805483 [0 
105 375 3 4 5 326 7 445 334 86 180 33 205 14 507 996 17 396 19 989 113 627 23 24  [1;32 67200 0.24604973757118 [0 
105 535 3 4 5 326 7 445 334 86 180 33 750 14 507 996 17 396 19 989 418 627 928 24  [1;32 76800 0.24921167211313 [0 
105 535 658 4 652 326 7 445 334 86 180 33 975 558 507 996 17 396 19 989 418 627 928 24  [1;32 97200 0.26834173658896 [0 
105 535 658 4 652 326 7 445 334 86 180 33 975 558 507 996 17 396 19 989 418 627 928 24  [1;32 98400 0.27000602856641 [0 
105 535 658 4 652 326 7 445 334 86 180 33 975 558 507 996 17 396 19 989 418 627 928 24  [1;32 99600 0.27659778796816 [0 
105 535 658 4 652 326 7 445 334 376 180 33 975 558 151 996 17 269 19 989 418 627 928 24  [1;32 104400 0.28154375117314 [0 
105 535 658 4 652 326 7 445 334 376 180 33 975 558 151 996 17 269 19 989 418 627 928 24  [1;32 105600 0.28468191088957 [0 
105 535 658 4 652 326 7 445 334 376 180 33 975 558 151 996 17 269 19 583 418 627 928 355  [1;32 122400 0.28981588338978 [0 
105 535 658 648 652 326 7 445 334 226 180 33 975 558 151 996 17 269 19 583 418 627 928 355  [1;32 127200 0.28982298443515 [0 
105 535 658 648 652 326 7 445 334 226 180 33 975 748 45 345 17 269 19 583 418 627 928 355  [1;32 133200 0.30466858845282 [0 
424 535 147 648 652 326 7 445 193 219 180 515 975 748 45 345 17 607 19 583 418 627 928 355  [1;32 136800 0.30799134720635 [0 
74 535 955 286 652 326 7 445 193 219 180 515 975 748 45 345 17 607 19 583 418 627 928 355  [1;32 177600 0.344289042065 [0 
642 535 955 286 635 326 7 264 193 219 180 515 975 748 898 345 17 607 19 583 790 627 928 355  [1;32 222000 0.41566248847586 [0 
642 535 955 286 635 326 7 264 193 812 180 74 975 748 898 345 17 607 19 583 790 627 64 535  [1;32 224400 0.43545652217467 [0 
642 535 955 286 635 326 476 264 193 812 907 554 975 485 898 345 17 607 19 583 790 627 664 535  [1;32 277200 0.44383946168505 [0 
642 535 955 286 635 326 476 264 193 812 907 554 975 485 898 345 17 607 19 583 790 627 664 535  [1;32 278400 0.44567814621441 [0 
642 535 955 286 635 326 476 264 193 812 907 554 975 485 898 345 17 936 19 583 790 627 664 535  [1;32 292800 0.44806832252133 [0 
642 535 955 286 635 326 476 264 193 812 11 554 975 485 898 345 17 936 19 583 790 627 664 535  [1;32 296400 0.45902654741217 [0 
642 535 955 349 635 326 476 264 193 796 11 554 975 485 898 345 17 936 433 583 790 627 664 535  [1;32 301200 0.46570958430743 [0 
110 772 955 349 635 326 476 122 193 796 11 554 975 485 174 345 967 936 433 583 790 30 664 535  [1;32 310800 0.5098672549548 [0 
110 772 955 349 492 326 476 122 984 510 11 554 975 485 336 345 967 936 433 583 790 872 664 535  [1;32 534000 0.51271636068608 [0 
110 772 955 349 492 326 935 122 821 510 11 554 975 942 336 345 967 936 433 583 790 872 664 535  [1;32 1256400 0.5135645577389 [0 
seed 27
110 772 955 349 492 326 935 122 821 510 11 554 975 942 336 345 967 936 433 583 790 872 664 535 
1000 999 
best 0.5135645577389
 [0 
