1 2 3 4 5 6 7 8 9 10 11 12 13 14 15 16 17 18 19 20 21 22 23 24 [1;32m1200 0.006605210495396[0m
1 2 3 47 5 6 7 8 9 10 11 12 13 14 15 16 17 18 19 20 21 22 23 24 [1;32m9600 0.024242197318744[0m
1 2 3 47 5 6 140 1000 698 10 11 12 13 14 15 454 17 490 19 20 21 22 23 24 [1;32m51600 0.095751796697095[0m
1 2 3 47 5 6 140 1000 698 10 11 12 13 14 15 454 17 490 19 20 21 22 23 24 [1;32m52800 0.39949267140341[0m
1 2 3 47 5 6 140 1000 698 10 11 12 13 14 15 454 17 490 19 20 21 22 23 24 [1;32m54000 0.50238282784817[0m
1 2 3 47 319 6 140 1000 698 10 11 12 13 14 15 454 17 490 19 20 21 22 23 24 [1;32m112800 0.57087526803043[0m
1 2 3 47 319 6 140 1000 698 10 11 12 13 14 15 454 17 118 19 777 21 22 23 24 [1;32m118800 0.66187025452028[0m
1 695 3 47 319 6 140 1000 698 10 834 12 13 959 15 454 17 118 19 777 484 22 522 24 [1;32m195600 0.83174852445979[0m
1 695 3 302 319 6 140 1000 698 10 834 12 195 942 15 454 735 118 19 398 484 22 522 24 [1;32m934800 0.84451692880735[0m
1 695 3 302 319 6 140 1000 698 10 834 12 195 942 15 454 735 118 19 398 484 22 522 24 [1;32m936000 0.84934312506577[0m
1 695 3 302 319 6 140 1000 698 10 834 12 195 942 15 238 735 118 19 398 484 344 522 24 [1;32m938400 0.87529713803489[0m
1 695 3 302 319 6 140 1000 698 10 834 12 195 942 15 238 735 118 19 398 484 292 522 24 [1;32m940800 0.87632965350356[0m
1 386 472 302 319 6 140 1000 698 10 834 12 195 942 15 238 735 118 19 398 484 292 522 24 [1;32m958800 0.87653856292848[0m
1 349 472 302 319 6 140 1000 698 910 834 12 379 942 15 238 735 118 19 398 484 292 522 24 [1;32m970800 0.87656587064709[0m
678 349 472 302 319 345 140 1000 698 910 182 12 379 942 15 729 735 118 19 398 484 292 522 24 [1;32m975600 0.87824089187376[0m
678 349 472 302 319 345 140 1000 616 910 182 12 379 942 15 729 390 118 19 398 66 292 522 24 [1;32m1063200 0.87831948683218[0m
678 349 525 302 71 345 140 1000 839 910 182 12 379 942 15 729 584 52 19 398 66 292 522 24 [1;32m1087200 0.87850987371185[0m
678 349 525 302 71 953 140 1000 888 910 182 12 379 942 15 729 584 52 19 398 66 292 522 24 [1;32m1243200 0.8803721885938[0m
seed 56
678 349 525 302 71 953 140 1000 888 910 182 12 379 942 15 729 584 52 19 398 66 292 522 24 
1000 999 
best 0.8803721885938
[0m
