1 2 3 4 5 6 7 8 9 10 11 12 13 14 15 16 17 18 19 20 21 22 23 24  [1;32 1200 0.12715645174947 [0 
1 2 3 4 5 6 7 8 9 10 793 12 13 14 15 16 492 5 19 20 21 22 23 24  [1;32 6000 0.41396558339207 [0 
1 2 3 4 5 6 7 8 9 10 793 12 13 14 15 16 492 5 19 20 21 22 23 24  [1;32 7200 0.4709730093452 [0 
1 2 3 4 5 6 7 8 9 10 793 12 13 14 15 16 492 5 19 20 21 22 23 24  [1;32 8400 0.47147694147603 [0 
1 2 3 4 5 6 7 8 9 10 793 12 13 14 15 16 492 5 685 20 21 22 111 24  [1;32 13200 0.47794724109766 [0 
1 2 3 4 5 6 7 8 9 10 793 12 13 14 15 16 492 5 685 20 21 22 111 24  [1;32 14400 0.47988324234397 [0 
1 2 3 4 5 6 7 8 9 10 793 12 13 14 15 16 492 5 685 20 21 22 111 24  [1;32 15600 0.48129047567954 [0 
1 17 3 4 5 6 136 8 9 10 793 12 13 14 15 16 492 5 685 20 21 22 111 24  [1;32 18000 0.48136892448788 [0 
1 17 242 4 5 6 136 8 9 10 793 12 13 14 15 16 492 5 959 20 21 22 111 24  [1;32 24000 0.53779447564574 [0 
1 17 242 4 5 6 136 8 9 10 793 12 13 14 15 16 492 5 959 20 21 22 111 24  [1;32 25200 0.53819515127003 [0 
599 17 242 4 5 6 601 8 387 591 304 12 13 14 15 16 492 5 959 20 981 22 111 24  [1;32 30000 0.54077229905924 [0 
599 17 242 4 5 6 601 8 387 591 304 12 13 14 15 16 492 5 959 20 981 22 111 24  [1;32 31200 0.54080729143698 [0 
599 17 242 4 5 6 533 8 139 591 304 12 13 14 15 16 492 5 590 20 71 22 111 24  [1;32 33600 0.56418047639803 [0 
599 17 242 4 5 6 533 8 139 591 304 12 13 14 15 16 492 5 590 20 71 22 111 24  [1;32 34800 0.56522347252515 [0 
599 423 242 4 5 6 533 8 139 591 304 12 13 14 15 16 492 5 98 20 71 22 111 24  [1;32 45600 0.58568272824261 [0 
599 423 242 4 5 6 533 8 139 591 304 12 13 14 15 16 492 5 98 20 71 22 111 24  [1;32 46800 0.62666452820739 [0 
599 423 242 4 5 6 533 8 139 591 304 12 13 14 15 16 492 5 98 20 71 22 111 24  [1;32 48000 0.63259697500633 [0 
599 423 242 4 5 6 533 8 139 591 304 12 13 14 383 16 492 5 570 20 71 22 111 24  [1;32 118800 0.63829090425911 [0 
599 423 781 4 5 6 533 8 139 591 304 12 607 14 383 16 492 5 570 20 71 22 111 515  [1;32 156000 0.65135843960323 [0 
599 423 781 4 5 6 533 8 139 591 304 12 607 14 383 16 492 5 570 20 71 22 111 515  [1;32 157200 0.76118254263185 [0 
599 423 781 4 5 6 533 8 139 591 304 12 607 14 383 16 492 5 570 20 71 22 111 515  [1;32 158400 0.76570525287881 [0 
599 423 781 4 5 6 861 850 139 591 304 12 607 14 383 16 492 5 570 20 998 22 111 515  [1;32 188400 0.77596995361158 [0 
599 423 781 4 5 6 861 850 139 591 304 12 607 14 383 16 492 5 570 20 998 22 111 515  [1;32 189600 0.80026075911819 [0 
599 423 781 4 5 6 861 850 139 591 304 12 379 14 383 16 492 5 570 20 998 22 111 515  [1;32 199200 0.80455764846934 [0 
599 423 781 4 5 6 861 850 853 591 304 12 379 14 383 16 492 5 570 20 998 22 111 515  [1;32 337200 0.82389622723028 [0 
599 423 781 4 5 6 346 850 978 591 304 12 379 14 383 16 492 5 570 20 998 22 111 515  [1;32 699600 0.8522021998687 [0 
599 423 781 4 920 6 346 850 978 591 304 12 379 14 383 16 471 5 570 20 998 22 111 515  [1;32 1152000 0.85480902619768 [0 
seed 84
599 423 781 4 920 6 346 850 978 591 304 12 379 14 383 16 471 5 570 20 998 22 111 515 
1000 999 
best 0.85480902619768
 [0 
