1 2 3 4 5 6 7 8 9 10 11 12 13 14 15 16 17 18 19 20 21 22 23 24  [1;32 1200 0.019814864846198 [0 
1 2 3 4 5 6 7 8 9 10 11 12 13 14 15 16 17 18 19 20 21 22 23 24  [1;32 2400 0.021469552244534 [0 
1 2 3 4 5 6 7 8 133 10 11 12 13 14 15 16 17 551 19 764 21 22 23 24  [1;32 6000 0.028899564523861 [0 
1 2 955 4 5 6 7 8 133 10 11 12 517 14 15 16 17 551 19 764 98 22 23 24  [1;32 15600 0.030548102667747 [0 
1 2 955 4 5 6 7 8 133 10 11 240 517 14 15 16 17 551 19 764 98 980 23 24  [1;32 19200 0.034679838026854 [0 
1 2 955 858 881 6 7 8 133 10 594 240 517 14 15 148 326 551 19 325 98 980 23 24  [1;32 84000 0.13214123198624 [0 
1 2 955 858 85 6 7 8 133 10 594 240 517 14 15 148 326 551 853 325 471 63 23 24  [1;32 127200 0.13384227006155 [0 
1 2 955 858 85 841 7 762 315 10 17 240 517 14 15 148 326 551 331 325 471 63 23 764  [1;32 351600 0.14919438966868 [0 
1 2 113 858 85 841 7 762 315 10 17 240 517 14 15 148 326 551 331 325 471 63 23 764  [1;32 436800 0.18781606316971 [0 
1 2 113 858 85 841 7 762 315 10 17 240 517 14 15 148 951 551 331 325 471 63 23 764  [1;32 589200 0.21718753135428 [0 
1 2 113 858 85 841 7 61 684 10 17 240 62 14 15 148 951 551 331 759 471 63 23 764  [1;32 823200 0.29036935895704 [0 
seed 60
1 2 113 858 85 841 7 61 684 10 17 240 62 14 15 148 951 551 331 759 471 63 23 764 
1000 999 
best 0.29036935895704
 [0 
