1 2 3 4 5 6 7 8 9 10 11 12 13 14 15 16 17 18 19 20 21 22 23 24  [1;32 1200 0.00082511167866957 [0 
1 2 3 4 5 6 7 477 9 424 11 12 13 941 15 931 17 784 19 20 21 22 23 24  [1;32 51600 0.23046179454952 [0 
926 2 3 4 5 6 7 477 9 424 11 12 645 411 15 931 17 784 19 20 21 22 23 771  [1;32 60000 0.33635879471979 [0 
926 2 3 4 5 6 7 477 9 424 11 706 645 411 15 931 17 784 19 20 21 22 23 771  [1;32 67200 0.48410295282189 [0 
926 2 3 4 5 6 7 477 9 424 11 706 645 411 15 931 17 784 19 20 21 22 23 771  [1;32 68400 0.54868951399769 [0 
926 2 711 4 648 6 7 477 9 424 11 706 645 411 15 463 17 784 19 20 21 728 23 772  [1;32 78000 0.61906144751457 [0 
926 2 711 4 648 6 7 477 9 424 11 706 645 411 15 463 17 784 19 20 21 61 23 772  [1;32 134400 0.61951739474512 [0 
926 2 711 4 648 6 7 477 9 424 11 706 645 411 15 463 17 784 19 20 731 61 23 772  [1;32 266400 0.63340657263113 [0 
926 2 711 4 648 6 7 477 9 108 922 706 645 411 15 463 169 784 890 20 731 61 49 772  [1;32 396000 0.63697308819958 [0 
926 2 711 4 989 6 7 477 9 108 922 706 645 677 828 463 169 784 890 407 731 61 49 772  [1;32 516000 0.71175429488796 [0 
seed 64
926 2 711 4 989 6 7 477 9 108 922 706 645 677 828 463 169 784 890 407 731 61 49 772 
1000 999 
best 0.71175429488796
 [0 
