1 2 3 4 5 6 7 8 9 10 11 12 13 14 15 16 17 18 19 20 21 22 23 24  [1;32 1200 0.023945967654396 [0 
1 2 3 4 887 6 7 8 804 637 11 12 13 14 15 16 397 18 19 20 21 22 23 24  [1;32 8400 0.02890233143656 [0 
1 2 3 4 887 6 7 675 810 637 11 12 13 14 15 16 397 18 19 20 21 22 23 24  [1;32 66000 0.047887575911949 [0 
1 832 853 4 887 6 7 675 331 637 11 12 13 14 231 16 397 18 19 20 21 726 23 24  [1;32 85200 0.054261846762295 [0 
1 832 853 4 887 6 7 675 331 637 11 12 13 14 231 16 397 18 19 20 21 726 23 24  [1;32 86400 0.063578275516133 [0 
1 832 853 4 485 6 891 675 669 637 11 12 13 14 859 16 397 18 19 20 21 726 23 593  [1;32 93600 0.083388521510408 [0 
1 832 853 4 485 6 891 675 669 637 11 12 13 14 859 16 397 18 19 20 21 726 23 593  [1;32 94800 0.098242539292469 [0 
1 832 853 4 485 6 891 675 669 637 11 911 13 14 859 16 16 18 19 20 21 726 23 593  [1;32 127200 0.099907478590306 [0 
928 832 853 221 485 6 891 675 669 637 11 911 13 14 859 16 16 18 690 20 21 726 23 593  [1;32 198000 0.10319909580508 [0 
928 832 53 221 485 484 891 675 669 637 11 911 13 754 859 357 16 18 690 411 21 726 23 593  [1;32 200400 0.12303722887951 [0 
928 832 53 221 485 484 891 675 669 637 11 911 13 754 859 357 16 18 690 411 21 726 23 593  [1;32 201600 0.12551218642602 [0 
928 832 53 221 485 721 891 675 383 637 11 911 13 587 859 866 16 18 690 411 21 726 23 593  [1;32 210000 0.13376809229804 [0 
928 832 53 221 485 721 891 675 383 637 11 911 200 587 859 866 16 18 690 411 21 726 23 593  [1;32 240000 0.13541266133754 [0 
928 832 53 221 485 721 891 675 58 637 11 911 200 587 859 866 16 18 690 411 21 726 23 593  [1;32 255600 0.14448100991579 [0 
928 832 53 221 485 721 891 675 58 105 11 911 200 587 859 866 16 18 690 411 21 726 23 593  [1;32 276000 0.14697818820057 [0 
928 832 53 221 485 721 979 675 58 105 843 911 200 587 859 866 16 18 690 411 21 726 23 593  [1;32 321600 0.29230172110959 [0 
928 832 53 221 485 721 979 675 58 105 843 911 200 587 859 866 16 18 690 411 21 726 23 593  [1;32 322800 0.30632001266729 [0 
928 832 53 221 485 721 200 675 58 105 843 911 200 587 396 866 16 18 690 411 833 726 110 593  [1;32 326400 0.30962770116236 [0 
928 832 53 221 485 721 200 675 58 105 843 911 200 587 396 866 16 18 690 411 833 726 110 593  [1;32 327600 0.3327203310362 [0 
928 832 53 849 485 721 127 675 58 104 843 911 200 587 396 866 16 18 690 158 55 726 110 593  [1;32 415200 0.33688099322851 [0 
928 132 53 423 485 721 263 675 58 104 843 645 200 587 396 866 16 18 690 158 55 726 110 593  [1;32 873600 0.43600083779249 [0 
928 132 53 423 485 721 263 675 58 818 843 645 200 587 396 866 16 18 503 158 55 726 110 593  [1;32 922800 0.45630957213634 [0 
327 132 53 423 179 721 263 675 58 818 843 645 200 587 396 866 16 276 503 158 55 726 110 593  [1;32 980400 0.46604928349589 [0 
327 132 53 423 179 721 263 675 58 818 843 973 200 587 396 866 16 276 503 158 55 726 110 593  [1;32 986400 0.47213652351445 [0 
327 132 53 423 179 721 263 675 58 818 843 973 200 587 396 866 16 276 503 158 55 726 110 593  [1;32 987600 0.47704064033885 [0 
327 132 53 423 179 721 263 675 58 818 843 973 200 587 396 866 16 276 503 158 55 726 812 593  [1;32 1082400 0.48947154538876 [0 
327 132 53 423 179 721 263 675 58 818 843 973 200 587 396 866 16 913 503 158 945 726 159 593  [1;32 1236000 0.4957088467047 [0 
327 132 709 423 179 721 263 675 58 887 843 973 584 114 396 886 16 726 503 158 945 726 159 593  [1;32 1256400 0.50447904078458 [0 
327 132 709 423 179 721 263 675 58 887 843 973 96 114 279 886 16 726 503 158 657 726 159 593  [1;32 1280400 0.50595113985781 [0 
327 584 709 423 179 721 263 675 58 887 843 973 96 114 279 886 16 726 503 158 657 726 159 593  [1;32 1310400 0.51564087384337 [0 
327 584 709 423 179 721 263 675 58 887 843 973 96 627 279 886 16 726 503 158 657 726 159 593  [1;32 1406400 0.53049396378167 [0 
seed 20
327 584 709 423 179 721 263 675 58 887 843 973 96 627 279 886 16 726 503 158 657 726 159 593 
1000 999 
best 0.53049396378167
 [0 
