1 2 3 858 881 6 7 8 9 10 594 12 13 14 15 148 326 18 19 325 21 22 23 24  [1;32 78000 0.22102930151219 [0 
1 2 3 858 881 6 7 836 9 10 594 12 13 14 15 148 904 18 19 175 21 22 157 24  [1;32 201600 0.22834542542597 [0 
1 2 3 858 881 6 7 836 9 496 594 671 13 14 15 148 31 18 20 175 21 22 157 24  [1;32 350400 0.34604048828965 [0 
1 646 3 858 881 6 7 836 9 496 594 671 13 14 15 148 31 32 20 175 21 22 157 24  [1;32 672000 0.35770538999915 [0 
577 646 3 858 259 6 7 983 9 496 594 671 13 14 15 148 31 32 20 175 21 22 157 24  [1;32 910800 0.39487375885005 [0 
seed 60
577 646 3 858 259 6 7 983 9 496 594 671 13 14 15 148 31 32 20 175 21 22 157 24 
1000 999 
best 0.39487375885005
 [0 
