1 2 3 4 5 6 7 8 9 10 11 12 13 14 15 16 17 18 19 20 21 22 23 24  [1;32 1200 0.0033038850924164 [0 
1 2 3 4 5 6 808 8 9 10 11 12 13 14 15 16 276 18 19 20 603 22 23 24  [1;32 4800 0.040459491748456 [0 
1 2 3 4 5 6 808 8 9 10 11 12 13 14 15 16 276 18 19 20 603 22 23 24  [1;32 6000 0.041277070533017 [0 
1 2 3 4 5 6 808 8 9 10 11 12 13 14 15 16 276 18 19 20 603 22 23 24  [1;32 7200 0.041282881471619 [0 
1 2 3 577 5 648 808 8 930 10 11 12 13 14 15 16 276 372 19 20 603 22 493 24  [1;32 224400 0.07390794143605 [0 
229 2 3 577 5 648 808 8 930 10 373 12 13 14 15 16 276 110 19 17 603 22 493 24  [1;32 229200 0.09888289539076 [0 
398 2 3 577 5 648 808 8 930 10 373 12 13 14 15 84 276 110 19 17 603 22 493 24  [1;32 236400 0.10403427681446 [0 
398 2 3 577 5 648 808 8 930 10 373 532 13 14 15 84 33 110 19 17 603 22 493 24  [1;32 242400 0.16015955070613 [0 
398 2 3 577 5 648 808 8 930 10 373 532 13 14 15 84 33 110 19 17 603 22 493 24  [1;32 243600 0.19816119107518 [0 
398 2 3 577 5 648 808 8 930 10 373 532 13 14 15 84 33 110 19 17 603 22 493 24  [1;32 244800 0.19816425167607 [0 
184 2 3 577 5 648 808 8 930 10 188 532 13 14 15 84 697 110 19 17 603 22 493 24  [1;32 531600 0.19818289147908 [0 
184 2 3 577 5 648 509 8 930 10 188 721 13 317 15 84 697 110 19 17 603 22 990 866  [1;32 621600 0.24688149449016 [0 
184 2 3 577 5 648 509 8 930 10 188 721 13 317 15 84 697 110 19 17 603 22 990 866  [1;32 622800 0.24769547840135 [0 
184 2 3 577 5 648 509 8 930 10 188 721 13 317 15 84 697 110 19 17 603 22 990 866  [1;32 624000 0.24770640422874 [0 
184 2 3 577 5 648 509 8 930 10 188 721 927 317 15 84 697 441 19 17 603 22 990 866  [1;32 626400 0.24770960977077 [0 
184 2 3 577 5 648 509 8 930 10 188 721 927 317 15 84 697 441 19 17 603 22 990 866  [1;32 627600 0.24771875274978 [0 
184 2 3 577 5 648 509 8 930 931 188 721 525 317 15 84 697 441 19 17 603 22 990 866  [1;32 715200 0.36491008024907 [0 
184 2 3 577 5 648 509 8 930 931 188 721 525 317 15 84 697 441 19 17 603 22 990 866  [1;32 716400 0.48387574751697 [0 
184 2 3 577 5 648 509 8 390 931 188 721 525 317 15 84 387 441 19 355 603 22 990 866  [1;32 718800 0.49236128420055 [0 
184 2 3 577 5 648 509 8 390 931 188 721 525 317 15 84 387 441 19 355 603 22 990 866  [1;32 720000 0.49326184173852 [0 
184 2 3 577 5 648 509 8 390 931 188 721 525 317 15 84 387 441 19 355 603 22 990 866  [1;32 721200 0.49331437488837 [0 
184 2 3 577 5 648 509 8 390 536 188 721 873 317 15 84 387 291 19 355 816 449 990 993  [1;32 1086000 0.50211510556673 [0 
seed 28
184 2 3 577 5 648 509 8 390 536 188 721 873 317 15 84 387 291 19 355 816 449 990 993 
1000 999 
best 0.50211510556673
 [0 
