1 2 3 4 5 6 7 8 9 10 11 12 13 14 15 16 17 18 19 20 21 22 23 24 [1;32m1200 0.006604574473277[0m
1 2 3 4 5 6 711 8 9 10 11 167 36 14 65 16 17 18 19 20 21 22 23 916 [1;32m16800 0.042914593923049[0m
560 2 3 4 5 12 711 420 785 10 11 167 36 14 65 16 17 18 19 20 21 22 23 153 [1;32m21600 0.22283854564621[0m
560 2 3 537 5 215 711 420 785 10 11 167 36 14 65 16 17 18 19 20 21 22 23 153 [1;32m64800 0.43222645050393[0m
560 2 259 537 5 215 711 420 785 10 11 167 36 14 65 16 17 18 806 20 539 22 23 153 [1;32m78000 0.47394309458075[0m
560 2 259 537 5 215 711 420 785 10 11 167 36 14 65 16 17 18 806 20 539 22 23 153 [1;32m79200 0.73351891974037[0m
560 2 259 537 5 215 711 420 785 10 11 167 36 14 65 16 17 18 806 20 539 951 23 153 [1;32m152400 0.77658488451763[0m
seed 2
560 2 259 537 5 215 711 420 785 10 11 167 36 14 65 16 17 18 806 20 539 951 23 153 
1000 999 
best 0.77658488451763
[0m
