1 2 3 4 5 6 7 8 9 10 11 12 13 14 15 16 17 18 19 20 21 22 23 24 [1;32m1200 0.030844190634615[0m
1 2 3 4 5 6 7 8 9 10 11 5 13 14 15 16 17 18 19 20 21 22 843 24 [1;32m32400 0.41944670202198[0m
1 2 3 4 5 6 7 8 9 10 11 5 13 14 15 16 17 18 19 20 21 22 843 24 [1;32m33600 0.56041148424626[0m
1 2 3 4 5 6 7 8 9 10 11 5 13 14 15 16 17 18 19 20 21 22 843 24 [1;32m34800 0.56308672399603[0m
1 2 3 4 5 6 7 8 9 10 11 5 13 14 15 16 17 18 19 20 21 22 843 24 [1;32m36000 0.56355744556339[0m
1 2 3 4 5 6 7 8 9 10 11 5 13 14 15 156 17 18 19 20 21 22 843 24 [1;32m39600 0.58707761356205[0m
1 2 3 4 5 6 7 315 9 10 11 573 13 14 15 156 17 18 19 20 713 22 843 24 [1;32m44400 0.58785666658712[0m
1 2 3 4 5 6 7 315 9 10 11 573 13 14 15 156 78 18 19 20 713 22 843 24 [1;32m950400 0.60275196779124[0m
seed 70
1 2 3 4 5 6 7 315 9 10 11 573 13 14 15 156 78 18 19 20 713 22 843 24 
1000 999 
best 0.60275196779124
[0m
