1 2 972 4 5 6 7 8 9 10 421 12 13 14 15 16 17 18 19 20 21 91 23 24 [1;32m28800 0.25167597153145[0m
1 441 972 4 5 6 7 8 144 10 421 12 13 14 540 16 17 18 19 20 21 91 23 24 [1;32m100800 0.42270730719725[0m
1 441 972 4 5 6 7 8 144 10 421 12 13 14 540 16 17 18 19 20 21 91 23 24 [1;32m102000 0.60710096574233[0m
1 441 307 4 5 6 556 8 144 10 421 12 13 14 540 16 17 18 315 20 21 91 23 24 [1;32m115200 0.67662247738462[0m
144 441 159 446 5 6 556 8 144 10 421 12 13 14 540 16 17 18 315 20 21 91 23 24 [1;32m246000 0.74429090491786[0m
144 117 159 446 432 6 556 8 144 10 421 12 13 14 540 196 17 18 315 20 368 91 23 24 [1;32m328800 0.90761006145615[0m
seed 42
144 117 159 446 432 6 556 8 144 10 421 12 13 14 540 196 17 18 315 20 368 91 23 24 
1000 999 
best 0.90761006145615
[0m
