1 2 3 4 5 6 7 8 9 10 11 12 13 14 15 16 17 18 19 20 21 22 23 24 [1;32m1200 0.2198587069921[0m
1 2 3 4 5 6 7 8 9 10 11 824 392 132 741 16 17 18 19 20 21 22 23 24 [1;32m868800 0.43394781514851[0m
1 2 3 4 5 452 291 8 9 10 11 824 392 917 741 16 17 18 19 20 21 178 267 24 [1;32m1416000 0.83658554848869[0m
1 2 3 4 5 452 291 8 9 10 11 824 392 917 741 16 17 18 19 20 21 178 267 24 [1;32m1417200 0.84073802128184[0m
1 2 121 4 5 452 291 8 9 10 11 824 392 917 741 16 286 18 19 20 21 178 267 24 [1;32m1420800 0.84199776872165[0m
1 2 121 4 5 452 291 8 9 10 11 824 392 917 741 16 286 18 19 20 21 178 267 24 [1;32m1422000 0.84310190593989[0m
1 2 584 4 5 452 291 8 9 5 11 824 392 917 741 16 286 18 19 20 21 178 267 24 [1;32m1424400 0.84329423059265[0m
seed 40
1 2 584 4 5 452 291 8 9 5 11 824 392 917 741 16 286 18 19 20 21 178 267 24 
1000 999 
best 0.84329423059265
[0m
