1 2 3 4 5 6 7 8 9 10 11 12 13 14 15 16 17 18 19 20 21 22 23 24  [1;32 1200 0.18292794885382 [0 
1 2 3 4 5 6 7 8 9 10 11 12 13 14 15 16 17 18 19 20 21 22 23 24  [1;32 2400 0.25480214598218 [0 
1 2 3 4 5 435 7 8 9 10 11 12 13 14 449 102 17 18 19 20 21 22 23 24  [1;32 4800 0.2757342403074 [0 
1 2 3 4 5 435 7 8 9 10 11 12 13 14 449 102 17 18 19 20 21 22 23 24  [1;32 6000 0.31361798252543 [0 
1 2 3 4 5 435 7 8 9 10 11 12 13 14 449 102 17 18 19 20 21 22 23 24  [1;32 7200 0.33283435070376 [0 
1 2 433 4 5 648 158 922 9 10 11 12 13 14 449 141 17 18 19 20 21 22 143 24  [1;32 16800 0.4049847849694 [0 
1 2 433 4 5 648 158 922 9 10 11 12 13 14 449 141 17 18 19 20 21 22 143 24  [1;32 18000 0.41189035967173 [0 
1 2 433 4 5 648 158 292 9 10 11 12 13 14 449 141 17 18 19 20 21 857 143 24  [1;32 30000 0.43873492963042 [0 
1 2 433 4 5 648 158 292 9 10 45 12 13 14 449 141 17 18 19 20 21 857 143 24  [1;32 80400 0.45244771192444 [0 
1 2 668 4 5 648 158 292 9 10 45 12 13 14 449 141 17 18 19 20 21 857 143 24  [1;32 153600 0.45652788843059 [0 
1 2 668 4 5 648 158 292 9 10 45 12 13 14 449 141 463 18 19 20 21 857 143 24  [1;32 214800 0.46478624632184 [0 
127 2 612 211 5 485 490 292 9 10 45 12 13 14 449 141 463 18 19 245 21 857 143 24  [1;32 234000 0.46547353126579 [0 
127 2 612 211 5 485 759 292 9 10 45 537 847 14 449 141 463 18 19 245 21 857 143 24  [1;32 310800 0.47640274475155 [0 
127 2 612 211 5 417 759 292 9 10 45 537 847 14 449 141 463 18 19 245 379 857 143 24  [1;32 404400 0.58894306047505 [0 
127 2 498 211 5 417 344 292 9 631 45 537 847 14 449 141 938 18 19 245 379 857 143 483  [1;32 406800 0.60157612931153 [0 
127 2 498 211 5 417 344 292 585 196 45 537 847 14 449 141 938 18 19 245 379 857 143 483  [1;32 423600 0.61897328315508 [0 
127 2 498 211 5 417 344 292 441 196 384 537 847 14 449 141 938 18 19 629 694 857 143 483  [1;32 434400 0.62444891365554 [0 
127 2 498 211 5 417 344 292 441 196 384 537 847 14 449 141 121 18 19 629 694 857 143 483  [1;32 460800 0.6371406577633 [0 
563 2 498 211 123 417 344 292 441 230 384 537 847 14 449 141 121 18 19 629 694 857 533 483  [1;32 756000 0.63870245282215 [0 
563 2 498 211 123 417 344 292 441 230 384 537 847 14 449 141 121 18 19 757 694 857 533 483  [1;32 861600 0.64651050109245 [0 
563 2 498 211 123 417 344 292 441 230 405 537 847 14 449 141 121 18 19 757 876 857 533 483  [1;32 894000 0.74232574250178 [0 
563 2 498 211 123 417 344 292 441 230 405 537 160 189 857 141 603 18 19 757 75 857 533 483  [1;32 915600 0.80740600604439 [0 
733 2 55 211 123 417 344 292 649 230 405 537 160 189 857 141 603 18 19 757 728 857 863 628  [1;32 955200 0.87849912763127 [0 
733 2 55 211 123 417 344 285 649 230 405 537 160 189 857 141 603 18 19 757 728 857 863 628  [1;32 1147200 0.87883047245737 [0 
seed 14
733 2 55 211 123 417 344 285 649 230 405 537 160 189 857 141 603 18 19 757 728 857 863 628 
1000 999 
best 0.87883047245737
 [0 
