1 2 3 4 5 6 7 8 9 10 11 12 13 14 15 16 17 18 19 20 21 22 23 24  [1;32 1200 0.015683439516181 [0 
1 2 3 4 5 21 7 943 9 10 11 12 13 14 15 16 17 18 19 20 21 22 23 24  [1;32 31200 0.016510732391747 [0 
1 790 3 4 5 21 7 943 9 165 981 12 13 447 15 16 17 18 19 20 21 22 370 24  [1;32 94800 0.017340304160933 [0 
1 790 3 4 5 21 7 943 9 165 689 814 355 447 15 16 918 18 19 20 21 22 592 24  [1;32 138000 0.022290020239539 [0 
1 790 3 502 5 21 7 943 9 729 689 202 792 447 15 16 918 64 19 20 21 22 592 24  [1;32 145200 0.027247153173214 [0 
1 790 3 502 5 21 7 943 9 729 689 202 792 447 15 16 918 64 19 20 21 22 592 207  [1;32 152400 0.028089025358618 [0 
1 790 3 502 5 21 7 943 9 729 689 202 792 447 15 16 918 64 754 20 21 22 592 207  [1;32 182400 0.029720084956572 [0 
1 735 3 502 5 21 7 943 9 729 689 202 792 447 648 16 918 64 754 20 21 22 592 207  [1;32 187200 0.031372057998217 [0 
726 735 3 502 5 21 7 943 9 729 689 202 528 447 648 16 918 64 852 20 21 22 592 207  [1;32 217200 0.038484524725601 [0 
726 735 214 502 5 21 7 943 9 729 689 202 528 447 648 16 918 64 852 20 21 22 592 207  [1;32 247200 0.044377290334057 [0 
726 735 214 502 5 21 7 653 9 729 689 202 812 43 648 16 918 64 852 20 21 22 592 207  [1;32 252000 0.056781171674843 [0 
726 735 214 502 5 21 7 653 9 729 689 202 812 226 648 703 918 64 852 20 21 22 592 207  [1;32 286800 0.058630750709292 [0 
726 735 214 502 5 21 7 653 9 729 689 477 812 226 648 703 918 64 852 20 408 328 592 207  [1;32 337200 0.066060089699263 [0 
191 735 214 502 5 21 7 653 9 729 689 477 609 893 648 703 918 64 852 20 408 822 592 207  [1;32 444000 0.087300201573801 [0 
191 735 214 502 809 21 7 653 9 729 689 477 609 893 798 703 918 64 852 20 408 822 592 207  [1;32 446400 0.092245270792276 [0 
191 735 214 502 809 21 7 653 9 729 689 477 609 893 798 346 918 64 852 20 408 822 592 207  [1;32 448800 0.10073059476536 [0 
191 735 214 502 809 21 7 653 9 729 689 477 609 893 798 346 918 64 852 20 408 822 592 207  [1;32 450000 0.11813693559807 [0 
191 735 214 502 809 21 7 403 9 729 689 477 609 893 529 346 918 64 852 20 408 822 592 207  [1;32 452400 0.13623826354728 [0 
815 735 214 502 809 21 7 403 9 729 36 477 609 893 529 346 918 64 852 20 559 822 592 207  [1;32 480000 0.14080798956167 [0 
815 735 214 502 809 21 7 403 9 729 36 477 609 893 529 346 918 64 852 20 559 822 592 207  [1;32 481200 0.14918247943649 [0 
815 735 214 502 809 21 7 403 9 729 36 477 609 893 529 346 918 64 852 20 559 822 250 207  [1;32 487200 0.15249956166163 [0 
815 735 214 502 809 21 7 403 9 729 36 477 609 893 529 346 918 64 852 20 559 822 250 207  [1;32 488400 0.16843458709703 [0 
815 251 214 502 809 21 7 403 9 729 36 635 609 893 529 346 918 64 852 20 559 822 250 207  [1;32 523200 0.17009141635774 [0 
815 762 214 502 809 21 7 403 9 729 36 635 609 893 529 346 918 64 852 20 559 822 250 207  [1;32 616800 0.17967202425212 [0 
815 762 214 502 809 438 7 403 9 729 36 635 609 893 529 367 918 64 852 20 559 822 250 417  [1;32 630000 0.18081255208268 [0 
815 762 214 502 809 438 7 403 9 729 36 635 609 893 529 367 999 64 852 866 73 822 774 417  [1;32 672000 0.18501580238116 [0 
227 762 214 502 809 438 7 403 9 729 36 635 609 893 529 367 999 883 852 866 73 822 774 417  [1;32 696000 0.1874222702652 [0 
227 762 214 502 809 438 7 403 9 729 36 635 609 893 529 367 999 883 852 866 73 822 774 417  [1;32 697200 0.20970388235163 [0 
227 762 214 502 809 438 7 403 9 729 36 635 609 893 529 367 999 987 852 866 73 822 774 805  [1;32 886800 0.22528452982508 [0 
227 762 214 502 809 438 7 403 9 729 36 635 609 893 529 367 999 955 852 866 73 822 774 805  [1;32 889200 0.24193751332443 [0 
227 127 214 502 809 438 7 403 193 729 36 635 609 893 529 367 999 955 852 866 304 822 774 805  [1;32 894000 0.25019338787093 [0 
227 127 214 502 809 438 7 403 193 729 36 635 609 893 529 367 999 955 852 866 304 822 774 805  [1;32 895200 0.2613430429425 [0 
525 127 214 502 809 438 302 403 193 729 36 635 609 893 529 367 999 955 852 866 495 663 462 805  [1;32 956400 0.37068525476508 [0 
525 127 214 502 809 438 302 403 193 729 36 635 609 893 529 367 999 955 583 866 182 663 462 805  [1;32 1310400 0.37626386061172 [0 
525 127 214 502 809 438 302 403 767 729 36 635 609 893 529 367 999 955 583 866 182 663 676 805  [1;32 1410000 0.39253347107861 [0 
525 127 214 502 809 438 302 403 767 729 36 635 609 893 529 367 999 955 583 866 182 663 676 805  [1;32 1411200 0.40416999395059 [0 
525 127 214 502 809 438 302 403 767 729 36 635 609 893 529 367 999 955 583 866 182 663 676 805  [1;32 1412400 0.40818632328477 [0 
seed 85
525 127 214 502 809 438 302 403 767 729 36 635 609 893 529 367 999 955 583 866 182 663 676 805 
1000 999 
best 0.40818632328477
 [0 
