1 2 3 4 5 6 7 8 9 10 11 12 13 14 15 16 17 18 19 20 21 22 23 24  [1;32 1200 0.022301607935948 [0 
1 2 718 4 867 6 7 8 9 10 11 12 13 14 15 16 17 18 19 20 21 22 23 24  [1;32 3600 0.029721139510155 [0 
1 2 718 4 867 6 7 734 9 10 11 12 13 14 15 16 17 18 19 20 21 22 616 24  [1;32 6000 0.033028533445527 [0 
1 2 718 937 867 6 7 734 9 10 11 12 13 14 548 16 17 18 19 20 21 22 616 841  [1;32 14400 0.04541100537285 [0 
1 853 718 937 867 6 7 734 489 10 11 12 13 14 705 16 604 18 19 150 21 22 616 689  [1;32 102000 0.091504895589118 [0 
1 853 718 937 867 6 7 734 489 10 11 12 13 14 705 16 604 18 19 150 21 22 616 689  [1;32 103200 0.11479495259872 [0 
1 853 718 384 867 946 7 734 363 10 571 12 13 14 705 16 604 852 19 150 21 22 616 689  [1;32 108000 0.19376016161321 [0 
1 853 718 384 867 946 7 734 363 581 571 12 812 251 735 16 604 852 19 150 21 22 616 689  [1;32 559200 0.21362045198289 [0 
1 853 56 384 417 979 7 734 363 581 202 12 858 251 735 16 604 852 19 150 21 40 616 689  [1;32 603600 0.24810763016524 [0 
912 853 408 413 417 979 7 734 363 581 202 12 858 251 857 16 604 852 19 150 21 579 451 689  [1;32 661200 0.26668909323921 [0 
912 853 408 413 417 979 7 734 363 581 202 12 858 251 857 661 604 852 409 150 21 579 451 689  [1;32 685200 0.50364082509915 [0 
912 853 408 413 417 979 7 734 363 581 202 12 858 251 857 661 604 852 409 150 21 579 451 689  [1;32 686400 0.51849126400647 [0 
seed 12
912 853 408 413 417 979 7 734 363 581 202 12 858 251 857 661 604 852 409 150 21 579 451 689 
1000 999 
best 0.51849126400647
 [0 
