1 2 3 4 5 6 7 8 9 10 11 12 13 14 15 16 17 18 19 20 21 22 23 24 [1;32m1200 0.49620909943345[0m
1 2 3 4 5 6 7 8 9 10 97 12 428 532 15 16 17 18 19 20 21 22 23 1000 [1;32m60000 0.52838166040049[0m
1 561 3 4 5 6 107 8 504 149 97 12 428 752 15 16 17 18 19 699 21 22 23 1000 [1;32m87600 0.56932182362745[0m
1 561 3 4 5 6 107 8 504 149 97 12 428 752 15 16 17 18 19 699 21 22 23 1000 [1;32m88800 0.63038655349069[0m
1 561 3 4 5 6 863 8 504 149 97 12 602 752 15 16 17 18 19 699 21 22 23 1000 [1;32m112800 0.75514683525304[0m
1 561 3 4 5 6 863 8 504 149 97 12 602 100 15 16 17 694 19 699 21 22 23 1000 [1;32m148800 0.79181080579541[0m
1 561 3 4 5 832 863 8 504 149 97 12 602 100 15 16 17 694 19 699 21 22 23 1000 [1;32m158400 0.87186912831868[0m
seed 52
1 561 3 4 5 832 863 8 504 149 97 12 602 100 15 16 17 694 19 699 21 22 23 1000 
1000 999 
best 0.87186912831868
[0m
