1 2 137 4 5 471 7 8 9 10 11 12 13 14 15 16 17 18 19 20 21 22 23 24 [1;32m424800 0.7338055307747[0m
1 2 137 4 5 471 7 8 9 10 11 12 13 14 15 16 17 18 19 20 21 22 23 24 [1;32m426000 0.85320442593179[0m
1 2 137 4 5 471 7 8 9 10 11 12 13 14 15 16 17 18 19 20 21 22 23 24 [1;32m427200 0.86165348515654[0m
1 2 137 4 5 471 7 8 9 10 11 375 13 14 15 16 17 18 19 20 21 22 23 24 [1;32m458400 0.86325949475262[0m
1 2 137 4 5 578 7 8 9 10 11 375 13 14 960 16 17 304 19 20 21 22 23 24 [1;32m747600 0.86554017381289[0m
1 2 137 4 5 578 62 8 9 10 11 375 13 14 960 16 17 304 19 20 21 22 23 151 [1;32m1236000 0.86699279665736[0m
seed 28
1 2 137 4 5 578 62 8 9 10 11 375 13 14 960 16 17 304 19 20 21 22 23 151 
1000 999 
best 0.86699279665736
[0m
