1 2 3 4 5 6 7 8 9 10 11 12 13 14 15 16 17 18 19 20 21 22 23 24 [1;32m1200 0.2186492994642[0m
1 2 3 4 5 6 7 385 9 10 11 12 13 14 826 16 17 646 19 20 21 22 23 777 [1;32m49200 0.42031147743559[0m
1 2 3 4 5 6 677 385 9 10 11 12 13 14 826 16 17 646 19 20 21 22 23 777 [1;32m64800 0.44763511725079[0m
741 835 3 4 5 6 677 385 9 10 11 12 13 14 826 189 17 714 19 20 21 22 70 777 [1;32m90000 0.44819715313417[0m
741 835 3 4 5 6 949 385 9 10 396 12 13 14 826 189 17 695 576 310 21 22 70 777 [1;32m441600 0.45355991569161[0m
741 835 3 947 5 6 949 385 9 10 396 12 13 14 826 189 17 595 576 310 21 22 70 777 [1;32m771600 0.45362615914931[0m
741 835 3 370 5 6 949 385 22 409 396 12 13 14 671 189 17 595 576 310 21 22 70 777 [1;32m793200 0.6930819933495[0m
741 835 3 370 5 6 949 273 22 409 396 453 467 14 671 189 17 595 576 310 21 22 70 777 [1;32m802800 0.69653594884301[0m
741 835 3 370 5 6 949 273 22 409 396 453 467 14 671 141 17 595 417 310 21 22 70 777 [1;32m829200 0.70393605214009[0m
741 835 3 370 997 6 949 273 22 409 396 453 467 14 671 141 17 595 417 310 21 22 70 777 [1;32m831600 0.70507617915421[0m
741 835 3 370 997 6 949 732 22 409 396 453 467 14 671 141 17 296 417 380 21 22 191 777 [1;32m861600 0.75810042466461[0m
741 835 3 260 997 6 949 125 22 409 604 453 357 14 360 141 17 296 417 380 21 22 191 253 [1;32m940800 0.7865704973979[0m
741 835 3 260 875 6 949 125 22 409 604 453 357 14 360 141 17 296 417 380 21 762 191 253 [1;32m1003200 0.79682858919573[0m
741 835 3 577 875 958 37 125 22 409 604 453 357 14 360 141 232 654 417 380 481 762 191 253 [1;32m1016400 0.87274165917477[0m
seed 33
741 835 3 577 875 958 37 125 22 409 604 453 357 14 360 141 232 654 417 380 481 762 191 253 
1000 999 
best 0.87274165917477
[0m
