1 2 3 4 5 6 7 8 9 10 11 12 13 14 15 16 17 18 19 20 21 22 23 24 [1;32m1200 0.094978495498197[0m
1 2 3 4 5 6 7 8 9 10 11 12 13 14 15 16 17 18 19 20 21 22 23 24 [1;32m2400 0.14260354111279[0m
1 2 3 4 5 6 7 8 9 10 11 12 13 14 15 16 17 18 19 20 21 22 23 24 [1;32m3600 0.50707374967576[0m
918 733 3 4 5 490 7 8 9 10 11 12 13 14 683 16 17 18 19 20 414 22 23 24 [1;32m43200 0.64020051504555[0m
918 57 3 4 5 490 7 8 9 10 11 12 13 765 683 16 17 18 366 20 414 22 23 24 [1;32m219600 0.6418639430735[0m
918 57 932 308 5 490 7 246 9 10 11 12 250 765 683 16 17 18 366 20 414 22 23 24 [1;32m781200 0.69177597724108[0m
seed 44
918 57 932 308 5 490 7 246 9 10 11 12 250 765 683 16 17 18 366 20 414 22 23 24 
1000 999 
best 0.69177597724108
[0m
