1 2 3 4 5 6 7 8 9 10 11 12 13 14 15 16 17 18 19 20 21 22 23 24 [1;32m1200 0.42356317017176[0m
1 2 3 4 5 6 7 8 9 10 11 12 13 14 15 16 17 18 19 20 21 22 23 24 [1;32m2400 0.42520845866159[0m
1 2 3 4 5 6 7 104 9 10 11 12 807 14 15 16 17 18 19 20 21 500 69 24 [1;32m4800 0.42525168536014[0m
1 2 3 350 5 6 7 104 9 10 11 12 807 14 15 16 17 18 19 20 21 500 69 24 [1;32m8400 0.42603592353695[0m
1 2 3 350 5 6 7 104 9 997 11 12 807 14 15 16 17 18 19 20 21 500 69 24 [1;32m16800 0.42605904530275[0m
39 2 621 350 5 6 150 22 9 997 11 12 807 14 15 16 17 18 19 20 21 500 69 24 [1;32m57600 0.48759728957313[0m
39 2 621 350 5 6 150 22 9 16 11 12 807 14 15 16 17 18 19 20 21 500 69 24 [1;32m60000 0.48822596489281[0m
39 2 621 350 5 6 150 22 9 16 11 12 807 14 15 16 17 18 19 20 21 500 69 24 [1;32m61200 0.48877539579001[0m
39 2 245 350 5 874 150 22 9 278 565 12 807 345 15 752 17 18 19 20 21 500 69 24 [1;32m63600 0.48886449690795[0m
39 561 245 350 5 874 150 22 9 278 565 12 807 345 15 752 17 18 19 20 21 500 69 67 [1;32m69600 0.48887962482097[0m
39 43 245 459 5 874 150 22 9 561 476 12 807 345 15 752 17 205 19 20 21 500 69 67 [1;32m84000 0.48890558583312[0m
39 43 245 459 5 874 417 677 9 561 476 178 675 345 15 752 782 205 19 539 21 500 69 67 [1;32m93600 0.4889215392417[0m
354 273 245 238 5 874 417 677 9 561 476 178 675 345 15 752 764 205 19 539 21 500 69 67 [1;32m104400 0.48893364816777[0m
354 273 245 238 5 874 417 677 9 561 476 178 547 345 15 752 764 205 19 539 21 500 69 67 [1;32m274800 0.49457871831095[0m
354 273 245 238 5 874 417 677 9 561 476 178 547 345 15 752 764 205 19 539 21 500 69 67 [1;32m276000 0.49539041795642[0m
354 273 245 238 5 874 417 677 9 561 476 178 547 345 15 752 764 205 19 539 21 500 69 67 [1;32m277200 0.49540506298575[0m
354 273 245 238 5 874 417 677 9 561 476 178 547 345 15 752 764 205 19 539 21 500 69 67 [1;32m278400 0.49541281444746[0m
354 273 245 238 5 874 417 62 9 561 476 178 547 345 15 752 955 205 19 539 21 500 206 907 [1;32m290400 0.49542602747534[0m
354 273 245 238 5 874 417 62 9 561 476 620 547 345 15 752 955 205 19 539 21 500 206 907 [1;32m302400 0.4954309768926[0m
354 273 446 238 5 577 417 62 9 579 341 620 547 345 15 752 955 205 19 539 21 500 206 152 [1;32m375600 0.49544137743985[0m
seed 30
354 273 446 238 5 577 417 62 9 579 341 620 547 345 15 752 955 205 19 539 21 500 206 152 
1000 999 
best 0.49544137743985
[0m
