1 2 3 4 5 6 793 8 9 10 11 12 13 14 15 16 108 18 19 20 197 22 23 24  [1;32 114000 0.00082590037624295 [0 
1 2 3 4 5 6 793 8 9 10 201 12 13 725 15 516 108 18 19 20 115 22 23 296  [1;32 138000 0.045415812488857 [0 
1 2 3 482 5 6 401 11 9 358 201 12 13 725 15 516 108 18 82 20 115 22 23 993  [1;32 180000 0.059076782040307 [0 
1 2 3 482 5 6 401 11 317 358 201 12 13 725 15 516 108 18 82 20 115 22 23 704  [1;32 188400 0.82785828458554 [0 
1 2 3 482 5 6 401 11 317 358 201 12 13 725 15 516 108 18 82 20 115 22 23 704  [1;32 189600 0.86386125627757 [0 
1 2 3 482 5 6 401 11 317 358 201 12 13 725 15 516 108 18 82 20 115 22 23 704  [1;32 190800 0.89345101504355 [0 
1 2 3 482 189 6 286 11 317 358 201 12 13 725 15 516 108 215 82 20 115 941 23 704  [1;32 884400 0.89775713422675 [0 
1 2 3 482 189 530 286 11 317 358 201 12 13 725 15 516 108 215 82 20 115 941 23 704  [1;32 888000 0.90294090652015 [0 
seed 53
1 2 3 482 189 530 286 11 317 358 201 12 13 725 15 516 108 215 82 20 115 941 23 704 
1000 999 
best 0.90294090652015
 [0 
