1 2 3 4 5 6 7 8 9 10 11 12 13 14 15 16 17 18 19 20 21 22 23 24 [1;32m1200 0.21947477013141[0m
590 2 3 4 5 6 7 8 9 10 11 12 224 14 15 16 17 90 19 20 21 22 23 753 [1;32m722400 0.59854463992855[0m
590 2 3 4 5 6 7 70 9 10 11 12 224 14 15 191 17 90 296 20 21 22 23 753 [1;32m728400 0.63099407777968[0m
590 2 3 4 77 6 7 70 742 946 11 12 386 14 15 191 17 90 296 20 808 22 23 753 [1;32m730800 0.63857258573335[0m
590 2 3 135 77 964 7 70 742 946 11 12 386 14 15 191 17 90 296 20 292 139 23 753 [1;32m738000 0.65545248313905[0m
590 2 615 135 77 964 7 70 742 946 11 12 386 14 392 728 417 90 306 20 292 139 23 753 [1;32m741600 0.69562148537288[0m
590 2 615 135 77 964 7 397 742 946 11 12 386 14 392 728 662 335 306 20 292 708 23 753 [1;32m744000 0.81547143077316[0m
590 2 615 135 77 964 7 397 742 946 11 12 386 14 392 728 662 335 306 20 292 708 23 753 [1;32m745200 0.8943100788572[0m
590 2 615 135 77 964 7 397 742 946 11 12 386 14 850 728 662 335 306 20 292 708 23 753 [1;32m754800 0.90313855423468[0m
590 2 615 135 77 964 7 397 742 946 803 12 386 14 850 728 662 335 306 20 292 708 23 753 [1;32m1098000 0.9050601793802[0m
seed 65
590 2 615 135 77 964 7 397 742 946 803 12 386 14 850 728 662 335 306 20 292 708 23 753 
1000 999 
best 0.9050601793802
[0m
