1 718 3 4 5 6 457 8 9 839 193 12 13 14 15 16 17 18 19 2 791 22 23 24  [1;32 177600 0.00077239802252916 [0 
1 718 3 4 663 6 457 8 9 839 193 12 13 14 15 16 17 18 19 2 791 22 23 24  [1;32 200400 0.00090124947812585 [0 
1 718 3 4 663 6 457 8 9 982 457 420 13 14 15 16 17 18 19 2 791 22 23 24  [1;32 216000 0.018020544890742 [0 
45 718 3 4 663 6 457 8 9 982 16 420 13 14 131 16 17 18 19 2 791 22 23 24  [1;32 219600 0.021382465540599 [0 
360 718 486 875 663 6 457 8 806 982 16 420 13 14 131 749 17 18 19 2 791 22 23 485  [1;32 264000 0.04808210736653 [0 
seed 92
360 718 486 875 663 6 457 8 806 982 16 420 13 14 131 749 17 18 19 2 791 22 23 485 
1000 999 
best 0.04808210736653
 [0 
