1 2 3 4 5 6 7 8 9 10 11 12 13 14 15 16 17 18 19 20 21 22 23 24  [1;32 1200 0.00082539931038637 [0 
1 2 3 281 5 6 565 8 9 346 773 12 13 14 280 16 17 18 19 20 21 22 201 24  [1;32 168000 0.2636910485151 [0 
966 2 3 281 300 798 565 8 9 346 157 12 13 14 280 805 17 18 19 20 21 22 201 747  [1;32 332400 0.41785327105109 [0 
966 2 3 281 300 702 755 8 9 346 157 12 13 738 280 805 17 18 19 20 21 22 201 405  [1;32 601200 0.44721761271018 [0 
613 2 3 281 560 220 755 8 9 346 157 935 841 738 76 805 17 18 19 20 21 22 201 405  [1;32 792000 0.4473662814203 [0 
seed 30
613 2 3 281 560 220 755 8 9 346 157 935 841 738 76 805 17 18 19 20 21 22 201 405 
1000 999 
best 0.4473662814203
 [0 
