1 2 3 4 5 6 7 8 9 10 11 12 13 14 15 16 17 18 19 20 21 22 23 24  [1;32 1200 0.11526850619957 [0 
1 261 30 4 5 6 7 8 308 10 11 12 13 107 15 16 17 18 19 20 21 313 23 60  [1;32 19200 0.12989226925761 [0 
1 500 796 4 5 6 7 75 308 10 11 12 13 107 15 867 17 18 330 20 21 313 23 60  [1;32 22800 0.1477061808983 [0 
175 500 796 4 999 6 7 75 308 10 11 12 13 107 15 867 17 18 330 20 21 313 114 60  [1;32 25200 0.1692485841615 [0 
175 500 796 4 999 6 790 75 308 10 28 12 13 107 15 236 17 18 490 20 21 565 114 60  [1;32 57600 0.20770642701712 [0 
175 500 796 4 999 6 790 75 308 10 28 12 13 107 15 236 17 18 490 20 21 565 114 60  [1;32 58800 0.23034492545527 [0 
175 500 796 4 999 6 790 75 308 10 28 12 13 107 15 236 17 18 490 20 21 565 114 60  [1;32 60000 0.23317437737583 [0 
175 500 796 4 999 6 790 75 308 10 28 12 13 107 15 236 17 18 490 20 21 565 114 60  [1;32 61200 0.24333509267155 [0 
175 500 796 4 999 6 790 75 308 10 539 12 13 107 15 236 17 18 490 20 21 565 114 60  [1;32 69600 0.24637985938814 [0 
175 56 796 4 999 6 790 75 308 10 539 12 13 383 748 236 529 18 490 20 21 565 114 60  [1;32 75600 0.25993930292282 [0 
860 56 796 4 999 6 790 75 308 10 539 12 13 383 748 236 529 857 490 20 21 289 114 60  [1;32 79200 0.26821655243762 [0 
860 915 796 4 999 38 790 75 308 10 539 12 416 383 748 236 561 857 490 30 21 289 114 629  [1;32 81600 0.30318662429783 [0 
860 915 796 4 999 38 790 75 308 10 539 12 416 383 748 236 561 857 490 30 21 289 114 629  [1;32 82800 0.34403937712738 [0 
860 915 796 4 999 38 790 75 308 10 539 12 416 383 748 236 561 857 490 30 21 171 114 629  [1;32 130800 0.35904291098669 [0 
860 915 796 4 999 38 520 75 308 10 539 12 416 383 541 236 561 24 490 30 21 171 114 629  [1;32 156000 0.37675974162665 [0 
860 915 689 4 999 38 848 75 308 10 539 12 78 379 541 236 561 24 490 506 21 171 114 629  [1;32 186000 0.37998295829466 [0 
860 915 689 4 999 38 848 75 308 10 539 12 78 379 541 236 561 24 490 506 21 171 114 629  [1;32 187200 0.45207546219109 [0 
860 915 689 4 999 38 848 75 308 10 539 12 78 379 541 236 561 24 490 506 21 171 114 629  [1;32 188400 0.45585748973208 [0 
860 915 689 4 999 38 22 75 308 10 539 45 78 379 541 236 561 24 490 506 21 171 114 629  [1;32 190800 0.5382935690988 [0 
860 388 689 4 999 38 22 75 308 10 539 45 78 379 541 236 561 24 490 506 21 171 114 629  [1;32 332400 0.55511496823595 [0 
620 388 689 4 631 38 22 75 308 10 539 45 78 379 541 236 561 24 490 506 564 171 114 629  [1;32 432000 0.56727140925508 [0 
620 98 689 4 631 38 22 75 308 10 539 45 78 379 541 236 561 24 490 506 564 171 114 629  [1;32 846000 0.57962828333687 [0 
620 98 689 4 631 38 22 200 308 781 514 45 78 379 541 236 561 24 490 506 564 171 114 629  [1;32 1182000 0.58805243356756 [0 
seed 72
620 98 689 4 631 38 22 200 308 781 514 45 78 379 541 236 561 24 490 506 564 171 114 629 
1000 999 
best 0.58805243356756
 [0 
