1 2 3 201 5 6 7 8 554 10 131 444 13 14 15 16 17 394 19 20 21 22 23 24 [1;32m92400 0.00047930421519292[0m
1 2 3 201 5 6 7 8 554 10 131 444 13 14 987 16 17 394 19 20 21 22 23 24 [1;32m100800 0.0044440261481427[0m
1 2 3 201 5 6 7 8 554 10 131 444 13 14 987 16 105 394 19 20 21 22 23 24 [1;32m122400 0.0044742464711356[0m
1 2 163 201 5 898 7 8 554 10 131 444 877 14 987 16 105 394 19 20 21 22 23 24 [1;32m216000 0.004484687505747[0m
999 2 163 201 936 898 7 8 554 10 131 444 877 850 987 16 394 394 19 20 21 22 23 24 [1;32m1040400 0.074174402772104[0m
999 2 163 201 936 898 7 8 619 121 779 444 877 850 987 16 394 394 19 20 21 22 23 24 [1;32m1435200 0.0816006225437[0m
seed 39
999 2 163 201 936 898 7 8 619 121 779 444 877 850 987 16 394 394 19 20 21 22 23 24 
1000 999 
best 0.0816006225437
[0m
