1 2 3 4 5 6 7 8 9 10 11 12 13 14 15 16 17 18 19 20 21 22 23 24 [1;32m1200 0.061837584284023[0m
1 2 3 4 5 6 7 8 9 10 11 12 13 14 15 16 17 18 19 20 21 22 23 24 [1;32m2400 0.065787131187105[0m
1 2 3 4 5 6 7 8 9 10 11 12 13 14 15 16 17 18 19 20 21 22 23 24 [1;32m3600 0.072651757892532[0m
1 2 3 4 5 6 7 8 9 10 11 12 13 14 15 16 17 18 19 20 21 22 23 24 [1;32m4800 0.078438906764056[0m
1 2 3 4 5 6 7 8 9 425 954 12 13 14 15 16 17 18 19 20 21 690 23 24 [1;32m31200 0.079265371897355[0m
1 2 3 750 5 6 7 8 9 425 954 12 864 14 15 528 17 18 19 20 21 850 23 24 [1;32m54000 0.080926600400135[0m
1 2 3 750 5 6 7 8 9 425 954 12 864 14 15 528 17 18 19 20 21 850 23 24 [1;32m55200 0.082440842085019[0m
1 2 3 750 5 6 7 8 9 425 954 12 864 14 15 528 17 18 19 20 21 850 23 24 [1;32m56400 0.08697580398717[0m
976 2 3 750 5 6 7 485 9 425 954 12 864 14 15 528 17 18 19 20 21 850 23 24 [1;32m62400 0.099748933220512[0m
976 508 112 750 5 686 7 485 9 425 954 12 864 886 15 148 17 18 19 20 21 850 152 24 [1;32m73200 0.10540349491001[0m
976 508 112 750 5 686 7 485 9 425 954 12 864 886 15 148 17 18 19 20 21 850 152 24 [1;32m74400 0.11031259764635[0m
976 632 112 899 5 686 7 358 9 425 954 12 864 886 15 148 17 464 19 442 21 850 152 24 [1;32m103200 0.117251582028[0m
976 632 112 899 5 686 7 358 9 425 954 12 864 886 15 148 17 464 19 442 21 850 152 24 [1;32m104400 0.13706807849194[0m
976 632 112 899 5 686 7 358 9 154 954 12 864 886 15 148 17 464 19 991 21 850 152 709 [1;32m180000 0.18817491645275[0m
976 632 112 899 5 686 7 358 9 154 954 12 864 886 15 148 17 464 19 991 21 850 152 709 [1;32m181200 0.19361533115454[0m
976 632 112 899 326 686 7 358 9 154 954 994 864 886 15 148 17 464 19 991 21 477 152 709 [1;32m184800 0.20576083052131[0m
976 632 112 899 326 801 7 358 9 154 954 994 864 886 15 148 342 464 557 991 21 477 152 709 [1;32m192000 0.25199203919772[0m
976 632 112 899 326 801 904 358 9 154 954 994 864 886 15 849 5 656 557 991 21 477 152 709 [1;32m223200 0.26222447413366[0m
976 632 112 899 326 801 904 432 9 154 954 994 864 852 15 849 5 656 557 991 21 477 152 709 [1;32m232800 0.27727836845077[0m
976 632 112 899 326 801 904 432 9 154 954 994 864 989 207 849 5 656 557 991 21 477 152 709 [1;32m252000 0.2806630116563[0m
976 632 112 899 326 801 904 432 9 154 942 388 864 989 401 849 5 656 557 991 21 477 152 709 [1;32m282000 0.28388735385323[0m
360 632 112 899 326 801 780 432 9 154 942 388 864 553 401 129 5 58 557 991 21 266 152 709 [1;32m297600 0.29232478217697[0m
360 632 112 899 326 801 780 898 9 154 942 574 903 349 401 129 232 58 557 991 21 266 152 240 [1;32m301200 0.33409412028866[0m
360 627 112 899 326 801 780 898 9 154 942 574 903 349 401 129 232 58 557 991 21 266 152 356 [1;32m320400 0.35629429157526[0m
360 627 112 899 326 801 780 898 9 154 942 574 961 349 378 129 232 58 557 991 21 266 152 356 [1;32m424800 0.36820619284135[0m
360 627 112 899 326 801 780 898 9 154 942 574 961 349 378 129 232 58 557 991 21 266 152 356 [1;32m426000 0.39473491683177[0m
360 627 112 899 326 799 780 898 9 154 942 574 961 905 378 129 232 731 557 991 21 266 180 356 [1;32m470400 0.4717482249456[0m
360 627 112 899 326 799 780 898 9 154 942 574 961 905 378 931 232 731 557 991 21 266 180 295 [1;32m543600 0.47325059253686[0m
360 627 112 899 326 799 780 898 9 154 942 574 961 905 378 931 232 731 557 991 21 852 180 295 [1;32m553200 0.50783803877206[0m
804 627 112 899 326 799 780 898 9 154 942 574 961 905 344 931 232 731 557 991 21 867 180 295 [1;32m735600 0.56771303517913[0m
804 627 112 899 326 799 753 898 9 9 942 574 497 905 344 931 232 731 557 991 259 495 180 295 [1;32m826800 0.56791987429309[0m
804 627 112 899 326 799 753 898 9 559 942 574 497 905 344 931 232 731 557 991 259 495 180 295 [1;32m972000 0.56846079221965[0m
804 627 112 899 326 799 753 898 9 559 942 574 497 905 344 931 232 731 557 991 259 495 180 295 [1;32m973200 0.58073292733062[0m
804 627 112 899 326 799 753 898 9 559 678 574 497 905 344 931 232 731 557 991 259 495 180 295 [1;32m1040400 0.58233586840233[0m
804 627 112 899 326 997 753 495 9 559 678 574 497 905 344 931 232 731 557 991 259 495 180 295 [1;32m1149600 0.59814714087813[0m
804 627 112 899 326 997 753 495 9 559 678 574 497 905 344 931 232 731 557 991 259 495 180 295 [1;32m1150800 0.62835270398009[0m
804 627 112 899 326 997 753 495 9 559 678 574 497 905 344 931 232 731 557 991 432 495 180 295 [1;32m1153200 0.64158610809062[0m
804 466 112 899 326 997 753 495 9 559 678 574 497 905 344 931 362 731 557 991 432 495 180 295 [1;32m1158000 0.64217802427738[0m
seed 37
804 466 112 899 326 997 753 495 9 559 678 574 497 905 344 931 362 731 557 991 432 495 180 295 
1000 999 
best 0.64217802427738
[0m
