1 2 3 4 5 6 7 8 9 10 11 12 13 14 15 16 17 18 19 20 21 22 23 24  [1;32 1200 0.081978636112224 [0 
1 2 3 4 5 6 7 8 9 10 11 12 574 734 15 16 17 18 19 20 21 22 23 24  [1;32 3600 0.18806216338027 [0 
1 2 3 4 5 6 7 8 9 10 11 12 574 734 15 16 17 18 19 20 21 22 23 24  [1;32 4800 0.30439911277396 [0 
1 2 3 4 5 6 7 8 9 10 11 12 574 734 15 16 17 18 19 20 21 22 23 24  [1;32 6000 0.31986066398694 [0 
1 2 3 4 5 6 7 8 440 10 11 12 574 734 761 16 17 478 19 20 21 22 23 24  [1;32 10800 0.3213592438948 [0 
1 2 3 4 5 6 7 8 440 10 11 12 574 734 761 16 17 478 19 20 21 145 23 24  [1;32 13200 0.3362333897333 [0 
623 2 3 4 5 6 402 631 639 10 11 12 574 734 761 185 17 478 19 20 21 145 23 24  [1;32 39600 0.37291933553032 [0 
623 401 3 4 5 6 402 224 639 10 11 12 340 734 761 185 17 478 19 20 21 145 546 24  [1;32 62400 0.41455686624593 [0 
623 401 3 4 5 6 402 224 639 10 11 12 340 734 761 185 17 478 19 20 21 145 546 24  [1;32 63600 0.49862089566575 [0 
623 401 3 4 5 6 402 224 639 10 11 12 340 734 761 185 17 478 19 20 21 145 546 24  [1;32 64800 0.54865631599705 [0 
623 553 3 4 5 6 402 224 639 10 11 12 340 734 761 185 836 478 19 830 21 145 546 24  [1;32 67200 0.5959852881938 [0 
623 553 3 4 5 6 258 224 639 10 11 12 340 734 761 185 836 478 19 830 21 145 546 24  [1;32 85200 0.61257671220487 [0 
623 553 3 4 5 6 258 224 639 10 11 12 340 734 761 185 836 478 19 830 21 145 546 24  [1;32 86400 0.61270458570264 [0 
603 553 418 4 5 6 258 224 639 10 11 12 340 734 761 185 836 478 19 830 21 145 546 631  [1;32 88800 0.61778785603404 [0 
603 553 418 4 5 6 258 224 639 10 11 12 340 418 761 185 836 478 19 830 21 145 546 397  [1;32 182400 0.62351321089912 [0 
603 553 418 4 5 6 258 224 639 10 11 12 340 418 761 185 836 478 19 830 21 145 546 397  [1;32 183600 0.64484599879482 [0 
395 553 418 4 508 6 258 224 639 10 11 12 340 418 971 185 836 478 19 830 21 145 546 397  [1;32 302400 0.64594447875568 [0 
395 553 418 670 508 6 258 224 329 10 11 12 340 418 971 185 836 478 614 830 21 145 546 879  [1;32 390000 0.65775730464478 [0 
395 949 418 670 508 6 258 224 329 10 11 12 340 418 971 185 836 478 614 830 21 145 546 879  [1;32 622800 0.66725921993984 [0 
seed 58
395 949 418 670 508 6 258 224 329 10 11 12 340 418 971 185 836 478 614 830 21 145 546 879 
1000 999 
best 0.66725921993984
 [0 
