1 2 3 4 5 6 7 8 9 10 11 12 13 14 15 16 17 18 19 20 21 22 23 24 [1;32m1200 0.0024761766473921[0m
316 2 3 557 5 6 788 8 9 10 11 12 13 14 994 16 17 18 19 20 21 22 23 24 [1;32m12000 0.0035188447059588[0m
316 2 3 557 5 6 788 8 9 10 11 12 13 14 994 16 17 18 212 625 21 22 23 24 [1;32m15600 0.021001668127844[0m
316 2 3 557 5 6 788 8 9 10 11 12 13 14 74 16 17 18 63 625 21 22 285 24 [1;32m21600 0.60410391887835[0m
316 2 3 123 475 832 788 127 9 10 11 12 13 14 74 548 17 18 63 625 21 90 285 24 [1;32m27600 0.6284567792933[0m
316 2 3 230 475 832 788 127 9 10 11 266 13 14 74 74 17 724 63 625 21 90 285 24 [1;32m48000 0.67446673892878[0m
316 2 3 230 475 832 788 127 9 10 11 266 13 14 74 74 17 724 63 625 21 918 39 24 [1;32m327600 0.67874743588661[0m
316 2 3 543 475 832 402 127 9 10 11 266 13 14 74 898 17 535 531 625 21 918 39 24 [1;32m644400 0.84800111238195[0m
316 2 3 543 475 832 402 127 9 10 11 266 13 14 74 898 17 535 531 625 21 918 39 24 [1;32m645600 0.86293396835443[0m
316 2 3 543 475 832 402 127 9 10 11 266 13 14 74 898 17 535 531 625 21 918 39 24 [1;32m646800 0.86618190467312[0m
316 2 3 543 475 832 402 127 9 10 11 266 13 14 74 898 17 535 531 625 21 918 39 24 [1;32m648000 0.89877371801125[0m
316 2 3 543 475 832 402 127 9 10 11 984 13 14 74 898 17 535 531 625 21 918 39 24 [1;32m652800 0.90115197829836[0m
316 349 3 543 475 832 402 127 9 10 11 984 13 14 74 898 17 535 531 625 21 918 39 24 [1;32m775200 0.90335551860644[0m
316 349 3 543 475 832 402 127 9 10 11 984 13 14 74 898 17 535 531 625 630 918 39 24 [1;32m937200 0.90392939179532[0m
856 349 3 543 475 832 402 127 9 10 11 195 13 14 74 898 489 535 531 625 630 918 39 24 [1;32m973200 0.90427387221573[0m
856 349 3 543 475 832 402 127 9 898 11 195 13 14 74 898 489 535 531 625 630 243 39 24 [1;32m1179600 0.90458734092955[0m
seed 78
856 349 3 543 475 832 402 127 9 898 11 195 13 14 74 898 489 535 531 625 630 243 39 24 
1000 999 
best 0.90458734092955
[0m
