1 2 3 4 5 6 7 8 9 10 11 12 13 14 15 16 17 18 19 20 21 22 23 24  [1;32 1200 0.0033036965590716 [0 
115 2 3 4 5 6 7 8 9 10 11 12 13 14 15 16 17 18 19 20 915 22 23 24  [1;32 9600 0.38714713230965 [0 
115 2 3 4 5 6 7 8 9 10 11 12 13 14 15 16 17 18 19 20 915 22 23 24  [1;32 10800 0.42171692409753 [0 
115 2 645 4 5 6 7 8 9 10 11 12 13 14 15 16 17 18 19 20 915 22 23 24  [1;32 14400 0.42353619824123 [0 
775 312 645 4 5 37 7 8 648 55 11 12 13 14 15 16 17 18 701 20 915 22 23 24  [1;32 16800 0.4651024970005 [0 
775 312 645 4 5 37 7 8 648 55 11 12 13 14 15 16 17 18 701 20 915 22 23 24  [1;32 18000 0.46544437270977 [0 
775 312 645 4 5 37 7 8 648 55 11 12 13 14 15 16 17 18 701 20 915 22 23 24  [1;32 19200 0.46729277643477 [0 
775 312 645 4 5 37 7 8 648 55 11 12 13 14 15 16 17 18 701 20 915 22 23 24  [1;32 20400 0.46844013625465 [0 
775 205 645 4 5 37 7 8 648 55 11 12 13 14 15 16 17 18 76 20 915 22 23 24  [1;32 27600 0.48642200872464 [0 
775 205 645 4 5 37 7 375 648 55 11 12 13 14 813 16 17 18 76 20 915 22 23 24  [1;32 33600 0.49213568214408 [0 
775 205 645 4 5 37 7 375 648 55 11 12 13 14 813 16 17 18 76 20 915 22 23 24  [1;32 34800 0.49538969897046 [0 
775 16 645 4 5 37 7 375 294 55 11 12 13 14 813 16 17 18 76 20 915 22 23 24  [1;32 39600 0.49543921031579 [0 
775 16 645 4 5 37 861 375 375 55 11 536 13 14 813 16 17 704 453 20 911 22 23 24  [1;32 208800 0.58740986312838 [0 
775 16 645 4 5 37 861 375 375 55 11 536 13 14 813 16 17 704 453 20 911 22 23 24  [1;32 210000 0.59036709363982 [0 
775 16 645 4 5 37 861 375 375 55 11 536 13 14 813 16 17 704 453 20 911 22 23 24  [1;32 211200 0.5904593498638 [0 
775 16 645 4 5 37 861 375 375 55 11 536 657 14 813 932 17 519 453 241 911 22 23 24  [1;32 1288800 0.5911653884178 [0 
775 16 645 4 5 37 861 375 375 55 11 536 657 14 813 932 17 519 453 241 911 22 23 24  [1;32 1290000 0.59446138549797 [0 
775 16 645 4 5 37 861 375 375 55 11 536 657 14 813 932 17 519 453 241 911 22 23 24  [1;32 1291200 0.59449437607057 [0 
seed 24
775 16 645 4 5 37 861 375 375 55 11 536 657 14 813 932 17 519 453 241 911 22 23 24 
1000 999 
best 0.59449437607057
 [0 
