1 2 3 4 5 6 7 8 9 10 11 12 13 14 15 16 17 18 19 20 21 284 765 24 [1;32m556800 0.064380615225728[0m
1 2 3 4 5 6 7 8 9 10 11 12 941 14 15 16 17 18 19 20 21 284 765 24 [1;32m559200 0.0648365317228[0m
1 2 3 4 5 6 7 8 200 10 11 12 941 14 15 16 17 18 19 20 21 196 765 24 [1;32m561600 0.075506052619108[0m
1 191 3 4 5 6 7 8 200 10 11 12 941 14 15 16 17 18 19 20 63 196 765 24 [1;32m1106400 0.075518618532785[0m
1 191 3 4 5 6 7 8 200 10 11 12 75 14 15 16 17 18 19 20 63 196 765 24 [1;32m1360800 0.075726944867731[0m
seed 61
1 191 3 4 5 6 7 8 200 10 11 12 75 14 15 16 17 18 19 20 63 196 765 24 
1000 999 
best 0.075726944867731
[0m
