1 2 3 4 5 6 7 8 9 10 11 12 13 14 15 16 17 18 19 20 21 22 23 24  [1;32 1200 0.20410968368772 [0 
175 2 235 4 5 876 74 8 9 608 11 12 13 14 15 16 17 18 19 20 21 11 23 24  [1;32 825600 0.5215735858256 [0 
175 2 235 4 5 876 74 8 9 608 11 12 13 14 15 16 17 18 19 20 21 11 23 24  [1;32 826800 0.78311611366679 [0 
175 2 235 4 5 876 74 8 9 608 11 12 13 14 15 16 17 18 19 20 21 11 23 24  [1;32 828000 0.78417019961492 [0 
175 2 92 4 5 726 74 8 9 608 11 12 13 14 15 16 17 18 19 20 21 11 23 24  [1;32 835200 0.81621878214236 [0 
895 2 276 4 5 726 74 8 9 608 636 12 282 176 15 16 17 18 19 20 21 11 23 458  [1;32 840000 0.82432005437298 [0 
826 2 276 4 5 726 74 8 9 608 636 12 282 926 15 16 17 18 19 20 21 11 23 458  [1;32 912000 0.85070101078011 [0 
seed 3
826 2 276 4 5 726 74 8 9 608 636 12 282 926 15 16 17 18 19 20 21 11 23 458 
1000 999 
best 0.85070101078011
 [0 
