1 2 3 4 5 6 7 8 9 10 11 12 13 14 15 16 17 18 19 20 21 22 23 24  [1;32 1200 0.49374791587052 [0 
1 2 3 4 5 6 7 8 9 10 11 12 13 14 15 16 17 18 19 20 21 22 23 24  [1;32 2400 0.49538833798102 [0 
1 2 3 4 5 6 7 8 9 10 11 12 13 14 15 16 17 18 19 20 21 22 23 24  [1;32 3600 0.49540467832963 [0 
1 2 3 4 5 6 7 8 9 156 11 12 13 14 15 16 17 18 19 482 21 22 23 24  [1;32 8400 0.49540597764619 [0 
1 2 3 4 5 6 7 8 9 156 11 12 13 14 15 16 17 18 579 482 771 22 929 877  [1;32 226800 0.75123822801309 [0 
1 2 3 4 5 6 7 8 9 156 11 12 13 14 15 16 17 18 579 482 771 22 929 877  [1;32 228000 0.8579789455336 [0 
1 2 3 4 5 6 7 8 9 156 11 12 13 14 15 16 17 18 579 482 771 22 929 877  [1;32 229200 0.86615311901753 [0 
1 2 3 4 5 6 199 8 9 429 11 12 13 14 15 16 17 18 579 482 771 22 929 877  [1;32 256800 0.89535659612046 [0 
seed 88
1 2 3 4 5 6 199 8 9 429 11 12 13 14 15 16 17 18 579 482 771 22 929 877 
1000 999 
best 0.89535659612046
 [0 
