1 2 3 4 5 6 7 8 9 10 11 12 13 14 15 16 17 18 19 20 21 22 23 24  [1;32 1200 0.0070881157411485 [0 
1 2 3 4 5 6 7 8 9 10 11 12 13 14 15 310 17 18 19 20 21 22 172 647  [1;32 3600 0.082786335699781 [0 
1 455 3 4 87 681 7 8 9 10 11 899 13 14 15 310 17 18 19 20 21 22 172 996  [1;32 7200 0.098259058149547 [0 
1 455 3 4 87 681 7 8 9 10 11 965 13 14 15 310 17 18 19 20 21 22 172 996  [1;32 13200 0.11725403750378 [0 
1 455 3 4 87 681 7 8 9 651 11 965 13 14 15 310 17 18 19 20 21 22 172 996  [1;32 19200 0.12164929781943 [0 
1 455 3 4 87 681 7 8 9 651 129 965 13 14 15 310 17 18 19 20 21 22 172 996  [1;32 128400 0.13313938348076 [0 
1 455 3 4 87 681 7 8 9 651 129 965 13 14 15 310 17 18 19 20 21 22 172 996  [1;32 129600 0.13811349484604 [0 
1 455 3 4 87 681 7 8 9 651 129 965 13 14 15 310 17 18 19 20 21 22 172 996  [1;32 130800 0.14365106778361 [0 
310 455 3 4 87 681 7 8 9 651 129 965 13 14 15 310 926 18 19 20 21 22 172 996  [1;32 169200 0.14736378074238 [0 
310 455 3 4 87 681 7 8 9 651 129 965 13 14 15 310 926 18 19 20 21 22 172 996  [1;32 170400 0.17835510894786 [0 
284 455 3 4 87 681 7 8 9 651 129 965 356 14 15 310 926 18 19 20 21 201 172 996  [1;32 295200 0.18659406266592 [0 
284 41 3 4 87 681 7 8 9 651 196 965 356 14 15 310 926 18 19 20 21 201 172 732  [1;32 559200 0.19275847989923 [0 
seed 46
284 41 3 4 87 681 7 8 9 651 196 965 356 14 15 310 926 18 19 20 21 201 172 732 
1000 999 
best 0.19275847989923
 [0 
