1 2 3 4 5 6 7 8 9 10 11 12 13 14 15 16 17 18 19 20 21 22 23 24 [1;32m1200 0.19017930676344[0m
1 2 3 4 5 6 7 8 88 10 387 88 314 133 15 16 17 18 19 112 21 22 23 24 [1;32m3600 0.29527551000138[0m
1 254 3 4 5 6 7 8 88 10 387 88 314 133 15 16 17 18 19 112 21 22 23 24 [1;32m30000 0.30585982833714[0m
1 254 3 4 370 6 7 8 573 528 387 538 314 133 15 131 17 18 19 112 21 22 23 24 [1;32m105600 0.31657556171788[0m
1 888 3 4 370 715 7 8 573 528 387 538 272 133 15 131 17 685 19 112 21 22 23 24 [1;32m114000 0.32012276382746[0m
633 888 3 4 370 705 7 310 573 528 387 538 272 133 15 131 17 685 19 112 21 22 23 24 [1;32m226800 0.32191890152023[0m
633 888 3 4 170 705 7 827 573 528 387 267 272 133 15 131 17 685 19 112 177 22 23 24 [1;32m238800 0.33438335419272[0m
633 888 3 4 170 705 7 827 573 528 408 113 272 133 15 131 17 685 19 883 177 22 23 24 [1;32m265200 0.34547703455432[0m
633 888 3 4 170 705 7 827 573 528 342 928 272 133 15 131 17 685 19 103 177 22 782 24 [1;32m267600 0.37224637037081[0m
633 888 107 4 170 705 7 165 739 274 342 407 272 133 15 263 17 685 19 103 177 22 782 24 [1;32m453600 0.37352736350034[0m
633 888 107 4 170 705 7 165 739 274 342 407 272 133 15 263 17 685 19 103 177 22 782 24 [1;32m454800 0.38917038977499[0m
633 774 107 4 170 753 7 223 739 789 342 407 272 133 15 263 17 685 134 103 177 22 782 24 [1;32m457200 0.40989446583814[0m
633 774 107 4 957 753 378 223 739 789 336 407 272 133 15 263 17 685 134 103 177 22 782 24 [1;32m530400 0.41969246245662[0m
633 774 107 4 957 753 378 223 739 789 336 407 695 133 15 263 17 685 134 103 216 22 782 594 [1;32m534000 0.42854244442946[0m
633 774 107 4 957 753 378 223 269 229 336 407 134 133 15 263 17 685 134 103 216 22 782 594 [1;32m537600 0.44539753749784[0m
633 774 107 4 957 753 378 223 269 229 996 407 134 335 15 263 17 685 134 103 216 696 782 594 [1;32m544800 0.45091613445904[0m
633 774 792 4 957 753 378 223 269 229 996 974 404 335 15 263 17 685 134 103 672 696 782 594 [1;32m708000 0.45143817783766[0m
633 774 792 4 957 753 378 460 269 229 996 974 404 335 15 263 17 685 134 103 672 696 782 594 [1;32m806400 0.47129494483043[0m
483 774 792 4 957 753 378 460 269 229 996 974 404 335 15 263 17 685 134 103 672 696 782 594 [1;32m1014000 0.47144094366424[0m
483 774 792 4 394 753 775 460 269 229 996 974 404 335 15 263 219 685 134 103 354 696 782 594 [1;32m1033200 0.48067336851538[0m
483 774 792 4 394 753 775 460 299 229 996 974 404 335 15 263 219 340 930 103 354 696 782 594 [1;32m1082400 0.49500497567508[0m
483 774 792 4 394 753 217 460 299 229 996 974 404 335 15 263 219 340 930 103 354 696 782 594 [1;32m1383600 0.50578614255738[0m
seed 21
483 774 792 4 394 753 217 460 299 229 996 974 404 335 15 263 219 340 930 103 354 696 782 594 
1000 999 
best 0.50578614255738
[0m
