1 2 3 4 5 6 7 8 9 10 11 12 13 14 15 16 17 18 19 20 21 22 23 24 [1;32m1200 0.081978636112224[0m
1 2 3 4 5 6 7 8 9 10 11 12 574 734 15 16 17 18 19 20 21 22 23 24 [1;32m3600 0.18806216338027[0m
1 2 3 4 5 6 7 8 9 10 11 12 574 734 15 16 17 18 19 20 21 22 23 24 [1;32m4800 0.30439911277396[0m
1 2 3 4 5 6 7 8 9 10 11 12 574 734 15 16 17 18 19 20 21 22 23 24 [1;32m6000 0.31986066398694[0m
1 2 3 4 5 6 7 8 440 10 11 12 574 734 761 16 17 478 19 20 21 22 23 24 [1;32m10800 0.3213592438948[0m
1 2 3 4 5 6 7 8 440 10 11 12 574 734 761 16 17 478 19 20 21 145 23 24 [1;32m13200 0.3362333897333[0m
623 2 3 4 5 6 402 631 639 10 11 12 574 734 761 185 17 478 19 20 21 145 23 24 [1;32m39600 0.37291933553032[0m
623 401 3 4 5 6 402 224 639 10 11 12 340 734 761 185 17 478 19 20 21 145 546 24 [1;32m62400 0.41455686624593[0m
623 401 3 4 5 6 402 224 639 10 11 12 340 734 761 185 17 478 19 20 21 145 546 24 [1;32m63600 0.49862089566575[0m
623 401 3 4 5 6 402 224 639 10 11 12 340 734 761 185 17 478 19 20 21 145 546 24 [1;32m64800 0.54865631599705[0m
623 553 3 4 5 6 402 224 639 10 11 12 340 734 761 185 836 478 19 830 21 145 546 24 [1;32m67200 0.5959852881938[0m
623 553 3 4 5 6 258 224 639 10 11 12 340 734 761 185 836 478 19 830 21 145 546 24 [1;32m85200 0.61257671220487[0m
623 553 3 4 5 6 258 224 639 10 11 12 340 734 761 185 836 478 19 830 21 145 546 24 [1;32m86400 0.61270458570264[0m
603 553 418 4 5 6 258 224 639 10 11 12 340 734 761 185 836 478 19 830 21 145 546 631 [1;32m88800 0.61778785603404[0m
603 553 418 4 5 6 258 224 639 10 11 12 340 418 761 185 836 478 19 830 21 145 546 397 [1;32m182400 0.62351321089912[0m
603 553 418 4 5 6 258 224 639 10 11 12 340 418 761 185 836 478 19 830 21 145 546 397 [1;32m183600 0.64484599879482[0m
395 553 418 4 508 6 258 224 639 10 11 12 340 418 971 185 836 478 19 830 21 145 546 397 [1;32m302400 0.64594447875568[0m
395 553 418 670 508 6 258 224 329 10 11 12 340 418 971 185 836 478 614 830 21 145 546 879 [1;32m390000 0.65775730464478[0m
395 949 418 670 508 6 258 224 329 10 11 12 340 418 971 185 836 478 614 830 21 145 546 879 [1;32m622800 0.66725921993984[0m
seed 58
395 949 418 670 508 6 258 224 329 10 11 12 340 418 971 185 836 478 614 830 21 145 546 879 
1000 999 
best 0.66725921993984
[0m
