1 2 3 4 5 6 7 8 9 10 11 12 13 14 15 16 17 18 19 20 21 22 23 24 [1;32m1200 0.0090369296483856[0m
1 2 3 4 5 6 7 8 9 10 11 12 13 14 15 16 17 18 19 20 21 22 23 24 [1;32m2400 0.012486419162948[0m
1 2 3 4 5 6 7 8 9 10 11 12 13 14 15 16 17 18 19 20 21 22 23 24 [1;32m3600 0.01349207147009[0m
1 258 3 812 5 471 7 300 9 10 11 12 13 14 15 16 17 18 25 20 21 22 23 24 [1;32m6000 0.018501832187183[0m
1 258 3 812 5 471 7 746 9 10 11 12 931 14 15 16 17 18 25 20 21 22 23 276 [1;32m8400 0.018912331798593[0m
1 258 3 812 5 471 7 746 9 10 11 12 931 14 15 16 17 18 25 20 21 22 23 276 [1;32m9600 0.024764750995785[0m
1 258 3 812 490 388 7 746 9 10 11 12 931 14 350 16 17 18 25 20 423 22 564 276 [1;32m24000 0.037190476145081[0m
1 258 3 812 490 388 7 746 9 10 11 12 931 14 350 16 17 18 25 20 423 22 564 276 [1;32m25200 0.040173533975017[0m
1 258 55 812 490 388 7 746 9 369 538 12 931 14 350 16 17 869 25 20 423 22 564 276 [1;32m27600 0.049635757097622[0m
1 367 55 812 490 602 7 55 9 369 538 12 931 14 350 16 17 869 25 76 423 22 564 276 [1;32m37200 0.054408023243829[0m
1 367 55 812 490 602 7 55 9 369 538 12 931 14 350 16 17 869 25 76 423 22 564 276 [1;32m38400 0.059979675155078[0m
1 367 55 812 490 602 7 902 9 415 538 12 931 14 350 16 17 869 25 76 423 22 564 276 [1;32m51600 0.074879842347484[0m
1 367 84 812 490 602 7 902 9 415 142 12 931 14 350 468 179 869 25 555 423 22 564 276 [1;32m344400 0.089415895967058[0m
395 419 84 812 877 813 7 902 9 863 142 12 931 14 350 468 179 869 25 555 468 22 564 276 [1;32m1339200 0.090258533535258[0m
395 419 84 812 877 813 7 902 9 863 142 12 931 14 350 468 179 869 25 555 468 22 564 276 [1;32m1340400 0.11236841466206[0m
395 419 84 812 804 813 7 902 9 863 917 12 931 14 350 468 179 869 25 555 967 22 564 276 [1;32m1387200 0.11371942084775[0m
395 419 84 812 804 813 7 902 9 296 917 12 931 14 350 468 179 869 25 555 967 745 564 276 [1;32m1398000 0.11784338485626[0m
822 419 84 812 804 813 7 902 9 296 542 12 931 14 350 468 179 869 25 555 967 745 564 276 [1;32m1420800 0.12550148990242[0m
seed 83
822 419 84 812 804 813 7 902 9 296 542 12 931 14 350 468 179 869 25 555 967 745 564 276 
1000 999 
best 0.12550148990242
[0m
