1 2 3 4 5 6 7 8 9 10 11 12 13 14 15 16 17 18 19 20 21 22 23 24  [1;32 1200 0.0049541422096013 [0 
1 127 3 4 5 6 7 8 9 10 264 12 13 14 15 16 17 18 378 20 21 771 23 24  [1;32 122400 0.81261250585882 [0 
1 127 3 4 5 6 7 8 9 10 264 12 13 14 15 16 17 18 378 20 21 771 23 24  [1;32 123600 0.83656413420994 [0 
1 127 3 4 5 6 7 8 9 10 264 12 13 14 15 16 17 18 378 20 21 771 23 24  [1;32 124800 0.88948081670371 [0 
241 127 3 4 5 6 7 8 9 10 264 12 13 14 15 16 17 18 378 20 21 771 23 24  [1;32 128400 0.88960241531328 [0 
163 127 3 4 5 6 965 8 9 494 264 12 13 53 663 16 17 18 378 20 21 771 23 24  [1;32 130800 0.89397565307708 [0 
163 127 3 743 5 6 965 8 9 494 426 12 13 53 663 722 767 729 378 20 263 771 23 24  [1;32 150000 0.90268232436139 [0 
163 267 3 743 926 6 965 8 9 494 426 12 13 53 663 722 767 729 378 20 263 771 612 633  [1;32 175200 0.90495586244539 [0 
163 241 3 743 926 6 965 8 9 494 426 12 13 53 663 722 767 729 378 20 263 771 612 633  [1;32 207600 0.90566725528932 [0 
163 241 3 894 926 41 965 8 9 494 426 561 13 53 663 722 767 729 378 20 263 771 612 633  [1;32 242400 0.90578447053395 [0 
163 241 3 894 926 41 965 162 9 494 426 561 13 53 663 722 767 729 378 20 263 771 612 633  [1;32 250800 0.90655053468229 [0 
163 705 3 692 926 41 965 162 9 494 426 318 13 53 663 722 767 729 378 20 263 771 342 633  [1;32 613200 0.90778937820704 [0 
seed 38
163 705 3 692 926 41 965 162 9 494 426 318 13 53 663 722 767 729 378 20 263 771 342 633 
1000 999 
best 0.90778937820704
 [0 
