1 2 779 965 5 66 7 956 9 10 11 12 13 429 15 16 17 18 19 20 21 22 23 24 [1;32m114000 0.067851316317174[0m
1 2 779 965 822 66 7 956 9 10 438 12 13 429 15 16 17 18 19 20 21 22 988 315 [1;32m142800 0.36481539489131[0m
50 2 779 965 822 66 981 956 9 10 438 12 13 429 15 16 17 18 19 20 21 22 988 315 [1;32m146400 0.73292813053619[0m
50 2 779 965 822 386 981 956 9 10 438 12 13 429 15 16 17 18 19 540 21 22 988 315 [1;32m188400 0.77374605498483[0m
50 2 86 965 822 746 981 956 740 10 438 12 13 429 15 16 789 18 19 540 21 22 988 315 [1;32m308400 0.84482838270767[0m
50 2 86 965 822 746 981 459 740 10 438 774 13 429 15 16 789 18 19 540 21 336 988 315 [1;32m1114800 0.84638524531368[0m
50 2 22 965 822 746 981 459 740 10 438 774 13 429 15 16 789 18 503 540 21 336 988 315 [1;32m1117200 0.87514006560154[0m
50 2 22 965 822 73 981 459 740 10 438 774 13 429 15 16 789 18 652 540 21 336 939 315 [1;32m1248000 0.87965573233739[0m
50 899 513 965 822 73 981 459 740 10 438 774 13 429 15 16 789 18 637 540 21 336 939 315 [1;32m1290000 0.90582720911522[0m
883 899 513 965 822 73 981 209 740 10 438 774 13 429 15 16 789 18 637 540 21 69 939 315 [1;32m1306800 0.90857542141559[0m
seed 23
883 899 513 965 822 73 981 209 740 10 438 774 13 429 15 16 789 18 637 540 21 69 939 315 
1000 999 
best 0.90857542141559
[0m
