1 2 3 4 5 6 7 8 9 10 11 12 13 14 15 16 17 18 19 20 21 22 23 24  [1;32 1200 0.23254066945507 [0 
1 2 3 4 5 6 7 8 9 10 11 12 13 14 15 16 17 18 19 20 21 22 23 24  [1;32 2400 0.34783278909834 [0 
1 2 3 4 5 6 7 8 9 10 497 101 17 14 15 16 17 18 19 20 21 22 23 24  [1;32 19200 0.35419629949313 [0 
1 2 3 4 5 6 7 8 118 10 497 101 17 14 15 16 17 18 19 20 21 22 23 24  [1;32 21600 0.36329951220078 [0 
1 2 3 820 5 6 7 8 118 10 497 101 17 14 15 16 17 18 746 20 21 22 23 24  [1;32 31200 0.36387727555896 [0 
1 2 3 820 5 6 7 8 118 10 497 101 582 14 15 16 17 18 746 20 21 22 23 24  [1;32 40800 0.37784622200959 [0 
1 2 3 820 5 6 874 8 118 265 497 101 582 14 630 16 17 18 746 20 21 22 23 24  [1;32 55200 0.39384366146926 [0 
391 2 3 820 5 6 874 8 522 265 497 101 582 14 630 16 17 18 746 20 21 22 23 24  [1;32 110400 0.4335880775496 [0 
391 2 3 820 5 6 874 8 522 265 497 101 582 14 630 16 17 18 746 20 21 22 133 24  [1;32 121200 0.43870844579127 [0 
391 2 3 75 5 6 874 8 522 875 682 101 582 14 630 16 17 361 734 20 868 22 133 24  [1;32 124800 0.4461892073078 [0 
59 2 3 75 685 6 874 8 522 875 332 101 582 252 630 542 17 361 734 20 868 22 133 24  [1;32 220800 0.45246188961094 [0 
59 2 3 75 685 6 874 8 522 875 992 101 582 252 630 200 525 361 734 20 868 22 133 24  [1;32 231600 0.45760734903018 [0 
59 2 3 1000 685 6 874 8 522 875 992 101 582 252 630 109 525 361 734 20 868 22 133 24  [1;32 253200 0.47220366648128 [0 
59 709 3 1000 685 6 874 8 522 820 992 101 582 252 630 109 525 361 525 20 868 22 133 24  [1;32 255600 0.48465971140601 [0 
59 709 3 1000 685 6 874 8 799 820 992 101 582 252 630 109 525 244 525 20 868 22 133 24  [1;32 310800 0.49305677722637 [0 
59 548 3 1000 685 6 486 8 241 820 992 101 582 252 630 109 525 244 525 20 23 22 133 24  [1;32 452400 0.49527866373701 [0 
59 548 3 1000 685 6 486 87 241 820 992 101 582 252 630 109 525 244 525 20 23 22 133 24  [1;32 660000 0.5049965569612 [0 
59 548 3 1000 904 6 486 87 241 820 992 101 582 718 630 109 525 244 525 20 124 22 133 857  [1;32 810000 0.5497203341118 [0 
59 548 3 1000 904 6 486 884 241 820 992 101 582 718 630 109 525 244 525 20 124 22 133 857  [1;32 871200 0.56670192214577 [0 
59 548 3 1000 904 6 486 884 241 820 992 101 582 718 630 109 525 244 525 531 124 22 133 857  [1;32 877200 0.56726027146324 [0 
59 548 3 1000 923 6 486 884 241 820 647 101 582 570 630 444 525 244 525 531 124 22 133 857  [1;32 1102800 0.60055339728441 [0 
59 548 3 473 923 6 486 168 241 820 647 76 411 570 630 444 525 244 525 531 124 22 133 857  [1;32 1298400 0.61457700736393 [0 
59 548 3 473 923 6 486 168 241 820 647 76 411 570 630 444 525 244 525 531 124 22 337 857  [1;32 1312800 0.62395272402667 [0 
59 548 3 473 923 6 486 168 241 53 647 76 411 570 630 444 525 244 525 531 124 22 337 857  [1;32 1332000 0.64281257585654 [0 
59 548 204 473 923 6 486 168 274 53 647 76 411 570 630 444 525 244 525 531 124 22 337 857  [1;32 1339200 0.65688887190507 [0 
seed 25
59 548 204 473 923 6 486 168 274 53 647 76 411 570 630 444 525 244 525 531 124 22 337 857 
1000 999 
best 0.65688887190507
 [0 
