1 2 3 4 5 6 7 8 9 10 11 12 13 14 15 16 17 18 19 20 21 22 23 24  [1;32 1200 0.26906122382632 [0 
1 2 3 4 5 6 7 8 9 10 11 12 13 14 15 16 17 18 19 20 21 22 23 24  [1;32 2400 0.32672566933404 [0 
1 2 3 4 5 6 7 8 9 10 11 12 13 14 15 16 17 18 19 20 21 22 23 24  [1;32 3600 0.35288177969835 [0 
1 2 3 890 678 6 7 8 9 10 11 12 13 14 15 16 17 18 607 20 21 22 23 24  [1;32 20400 0.37898535941786 [0 
1 540 355 890 678 6 7 8 9 10 11 12 13 14 15 16 17 18 607 20 21 484 23 24  [1;32 28800 0.457924163687 [0 
1 540 355 890 678 6 7 8 9 10 11 12 13 14 15 16 17 18 607 20 21 484 23 24  [1;32 30000 0.46887586721973 [0 
1 258 355 890 678 6 7 8 9 10 11 12 13 14 15 16 17 18 607 20 21 484 23 24  [1;32 39600 0.48834264375811 [0 
1 258 355 890 678 6 7 8 9 10 11 985 13 14 725 16 17 18 607 20 21 484 23 24  [1;32 73200 0.51371444337214 [0 
1 258 355 890 782 6 7 8 9 10 11 985 13 14 725 379 17 18 607 20 846 484 23 24  [1;32 79200 0.57364250479208 [0 
1 258 355 890 782 6 7 8 9 10 11 985 13 14 725 379 17 18 607 20 846 484 23 24  [1;32 80400 0.58443725395472 [0 
1 258 355 890 782 805 7 8 9 10 11 985 13 14 725 513 17 18 607 837 846 484 23 24  [1;32 139200 0.60694496756667 [0 
1 258 355 890 782 805 7 8 9 10 11 985 13 14 725 513 17 18 607 837 846 484 23 24  [1;32 140400 0.62237918570148 [0 
1 258 355 890 782 805 165 8 9 10 452 985 13 14 725 513 17 18 607 837 846 484 23 24  [1;32 169200 0.63259941654633 [0 
1 845 355 890 782 805 165 8 9 10 452 985 13 14 725 513 17 18 607 554 479 484 23 24  [1;32 178800 0.72050401509905 [0 
1 845 355 890 782 805 165 8 9 10 452 985 13 14 725 513 17 18 607 554 479 484 23 24  [1;32 180000 0.79737272031341 [0 
1 845 355 890 102 84 165 8 9 10 452 985 13 14 725 513 17 18 607 554 479 484 23 24  [1;32 232800 0.81689273121543 [0 
1 845 355 890 102 84 165 8 9 360 452 574 875 14 725 513 17 18 125 554 479 824 23 24  [1;32 246000 0.81771439098962 [0 
1 845 355 890 889 997 165 8 9 360 452 574 875 14 725 513 17 39 125 764 479 824 23 24  [1;32 282000 0.8235584253667 [0 
1 845 355 63 889 997 165 8 9 360 452 574 875 14 725 513 17 9 125 764 479 824 326 24  [1;32 325200 0.82748748729579 [0 
1 845 355 63 889 44 165 8 9 253 452 574 875 14 725 513 17 9 125 764 479 520 326 24  [1;32 340800 0.84561406137469 [0 
384 845 355 63 889 44 165 896 47 253 452 530 875 544 725 513 17 9 125 764 479 520 326 24  [1;32 391200 0.86045873828117 [0 
384 845 355 63 889 44 165 896 425 253 452 690 875 544 725 513 135 9 125 764 479 520 326 24  [1;32 423600 0.88672397116908 [0 
seed 86
384 845 355 63 889 44 165 896 425 253 452 690 875 544 725 513 135 9 125 764 479 520 326 24 
1000 999 
best 0.88672397116908
 [0 
