1 2 3 4 5 6 7 8 9 10 11 12 13 14 15 16 17 18 19 20 21 22 23 24  [1;32 1200 0.50510554322797 [0 
1 2 3 4 5 6 7 8 9 10 11 12 13 14 15 16 17 18 19 20 21 22 23 24  [1;32 2400 0.56668036293429 [0 
1 2 238 4 5 6 7 8 9 10 11 579 13 14 15 16 17 18 19 20 21 22 23 24  [1;32 8400 0.57488169177762 [0 
1 2 238 4 5 6 7 8 9 10 11 579 13 14 15 16 17 18 19 20 21 22 23 24  [1;32 9600 0.61974046530027 [0 
1 765 238 4 5 6 7 8 9 10 11 579 13 14 162 891 17 18 19 20 21 22 23 24  [1;32 16800 0.65710152545754 [0 
1 765 238 915 5 6 7 8 9 10 11 579 877 14 162 891 17 18 19 20 21 213 23 548  [1;32 123600 0.66055571816574 [0 
1 765 238 915 5 6 7 8 9 10 535 579 877 14 162 891 17 18 19 20 21 213 39 548  [1;32 892800 0.67121929978221 [0 
seed 62
1 765 238 915 5 6 7 8 9 10 535 579 877 14 162 891 17 18 19 20 21 213 39 548 
1000 999 
best 0.67121929978221
 [0 
