1 2 3 4 5 6 7 8 9 10 11 12 13 14 15 16 17 18 19 20 21 22 23 24 [1;32m1200 0.45905508956295[0m
1 2 3 4 5 6 7 8 9 10 11 12 13 14 15 16 17 18 19 20 21 22 23 24 [1;32m2400 0.46237352014848[0m
1 2 3 4 5 6 7 8 9 10 11 12 13 14 15 16 17 18 19 20 21 22 23 24 [1;32m3600 0.46239650465972[0m
455 33 3 4 5 6 7 8 9 10 11 12 13 14 15 16 17 18 991 20 21 22 23 24 [1;32m6000 0.5536623567993[0m
455 33 3 4 490 6 675 8 9 10 11 12 13 14 15 16 17 18 991 20 21 22 23 24 [1;32m46800 0.59571131472651[0m
455 33 843 4 490 6 675 8 9 10 11 12 13 14 15 16 17 18 991 20 21 22 23 24 [1;32m56400 0.72286494731867[0m
455 817 722 4 490 6 675 8 9 10 11 12 13 14 15 405 17 892 991 20 21 348 23 24 [1;32m64800 0.78332837479847[0m
455 817 722 4 490 6 675 8 9 10 11 12 13 14 15 405 17 892 991 485 626 348 23 657 [1;32m823200 0.78962547136188[0m
455 817 722 4 490 6 675 8 9 10 11 12 13 14 15 405 17 892 991 485 626 348 23 865 [1;32m1092000 0.83730020399105[0m
455 817 722 4 490 6 675 8 9 612 11 12 13 14 15 405 17 892 991 947 626 348 23 865 [1;32m1147200 0.84990607835713[0m
seed 100
455 817 722 4 490 6 675 8 9 612 11 12 13 14 15 405 17 892 991 947 626 348 23 865 
1000 999 
best 0.84990607835713
[0m
