970 2 3 4 298 6 7 8 79 10 11 12 13 14 15 16 17 18 19 20 665 22 23 24 [1;32m40800 0.23973582722047[0m
970 2 857 4 298 6 7 8 79 10 11 12 13 14 15 16 17 18 19 20 665 22 23 24 [1;32m140400 0.4334447657748[0m
970 2 857 4 298 6 944 8 79 10 11 12 13 14 15 111 17 18 19 677 665 22 23 24 [1;32m487200 0.44546779832572[0m
970 2 857 495 298 744 944 8 79 10 11 12 13 14 15 111 17 18 19 677 665 22 23 24 [1;32m806400 0.44643123207049[0m
970 2 857 495 298 761 944 8 79 10 11 12 13 14 710 111 17 18 19 677 665 22 23 24 [1;32m1310400 0.47821210292173[0m
seed 16
970 2 857 495 298 761 944 8 79 10 11 12 13 14 710 111 17 18 19 677 665 22 23 24 
1000 999 
best 0.47821210292173
[0m
