1 2 3 4 5 6 7 8 9 10 11 12 13 14 15 16 17 18 19 20 21 22 23 24 [1;32m1200 0.12715645174947[0m
1 2 3 4 5 6 7 8 9 10 793 12 13 14 15 16 492 5 19 20 21 22 23 24 [1;32m6000 0.41396558339207[0m
1 2 3 4 5 6 7 8 9 10 793 12 13 14 15 16 492 5 19 20 21 22 23 24 [1;32m7200 0.4709730093452[0m
1 2 3 4 5 6 7 8 9 10 793 12 13 14 15 16 492 5 19 20 21 22 23 24 [1;32m8400 0.47147694147603[0m
1 2 3 4 5 6 7 8 9 10 793 12 13 14 15 16 492 5 685 20 21 22 111 24 [1;32m13200 0.47794724109766[0m
1 2 3 4 5 6 7 8 9 10 793 12 13 14 15 16 492 5 685 20 21 22 111 24 [1;32m14400 0.47988324234397[0m
1 2 3 4 5 6 7 8 9 10 793 12 13 14 15 16 492 5 685 20 21 22 111 24 [1;32m15600 0.48129047567954[0m
1 17 3 4 5 6 136 8 9 10 793 12 13 14 15 16 492 5 685 20 21 22 111 24 [1;32m18000 0.48136892448788[0m
1 17 242 4 5 6 136 8 9 10 793 12 13 14 15 16 492 5 959 20 21 22 111 24 [1;32m24000 0.53779447564574[0m
1 17 242 4 5 6 136 8 9 10 793 12 13 14 15 16 492 5 959 20 21 22 111 24 [1;32m25200 0.53819515127003[0m
599 17 242 4 5 6 601 8 387 591 304 12 13 14 15 16 492 5 959 20 981 22 111 24 [1;32m30000 0.54077229905924[0m
599 17 242 4 5 6 601 8 387 591 304 12 13 14 15 16 492 5 959 20 981 22 111 24 [1;32m31200 0.54080729143698[0m
599 17 242 4 5 6 533 8 139 591 304 12 13 14 15 16 492 5 590 20 71 22 111 24 [1;32m33600 0.56418047639803[0m
599 17 242 4 5 6 533 8 139 591 304 12 13 14 15 16 492 5 590 20 71 22 111 24 [1;32m34800 0.56522347252515[0m
599 423 242 4 5 6 533 8 139 591 304 12 13 14 15 16 492 5 98 20 71 22 111 24 [1;32m45600 0.58568272824261[0m
599 423 242 4 5 6 533 8 139 591 304 12 13 14 15 16 492 5 98 20 71 22 111 24 [1;32m46800 0.62666452820739[0m
599 423 242 4 5 6 533 8 139 591 304 12 13 14 15 16 492 5 98 20 71 22 111 24 [1;32m48000 0.63259697500633[0m
599 423 242 4 5 6 533 8 139 591 304 12 13 14 383 16 492 5 570 20 71 22 111 24 [1;32m118800 0.63829090425911[0m
599 423 781 4 5 6 533 8 139 591 304 12 607 14 383 16 492 5 570 20 71 22 111 515 [1;32m156000 0.65135843960323[0m
599 423 781 4 5 6 533 8 139 591 304 12 607 14 383 16 492 5 570 20 71 22 111 515 [1;32m157200 0.76118254263185[0m
599 423 781 4 5 6 533 8 139 591 304 12 607 14 383 16 492 5 570 20 71 22 111 515 [1;32m158400 0.76570525287881[0m
599 423 781 4 5 6 861 850 139 591 304 12 607 14 383 16 492 5 570 20 998 22 111 515 [1;32m188400 0.77596995361158[0m
599 423 781 4 5 6 861 850 139 591 304 12 607 14 383 16 492 5 570 20 998 22 111 515 [1;32m189600 0.80026075911819[0m
599 423 781 4 5 6 861 850 139 591 304 12 379 14 383 16 492 5 570 20 998 22 111 515 [1;32m199200 0.80455764846934[0m
599 423 781 4 5 6 861 850 853 591 304 12 379 14 383 16 492 5 570 20 998 22 111 515 [1;32m337200 0.82389622723028[0m
599 423 781 4 5 6 346 850 978 591 304 12 379 14 383 16 492 5 570 20 998 22 111 515 [1;32m699600 0.8522021998687[0m
599 423 781 4 920 6 346 850 978 591 304 12 379 14 383 16 471 5 570 20 998 22 111 515 [1;32m1152000 0.85480902619768[0m
seed 84
599 423 781 4 920 6 346 850 978 591 304 12 379 14 383 16 471 5 570 20 998 22 111 515 
1000 999 
best 0.85480902619768
[0m
