1 2 3 4 5 6 7 8 9 10 11 12 13 14 15 16 17 18 19 20 21 22 23 24 [1;32m1200 0.16843835288605[0m
1 2 3 4 5 6 7 281 9 10 11 12 13 14 168 16 17 18 19 20 21 368 190 24 [1;32m4800 0.24772497550374[0m
1 2 3 4 5 6 7 92 9 10 11 12 13 14 456 16 17 18 19 728 21 368 190 24 [1;32m14400 0.39627213892663[0m
969 2 3 4 5 6 7 92 9 10 11 12 13 14 456 16 17 18 19 728 21 368 190 24 [1;32m27600 0.4716309898664[0m
969 2 3 881 5 6 7 92 9 10 11 12 13 14 456 16 17 18 19 622 21 368 190 711 [1;32m38400 0.54598844956277[0m
969 2 3 576 811 6 7 92 9 10 11 12 13 14 456 16 17 18 19 53 21 368 190 711 [1;32m94800 0.71707090719838[0m
847 2 3 576 349 6 7 92 9 10 11 802 13 14 456 16 17 18 19 53 236 368 190 711 [1;32m150000 0.83674236730328[0m
847 2 339 576 349 6 7 92 9 10 185 802 13 707 456 16 17 18 19 53 236 368 190 711 [1;32m230400 0.85800571323354[0m
847 2 339 576 349 6 7 92 9 10 185 802 13 707 456 16 17 18 19 53 236 368 190 711 [1;32m231600 0.85896711440131[0m
seed 11
847 2 339 576 349 6 7 92 9 10 185 802 13 707 456 16 17 18 19 53 236 368 190 711 
1000 999 
best 0.85896711440131
[0m
