1 2 3 4 5 6 7 8 9 10 11 12 13 14 15 16 17 18 19 20 21 22 23 24  [1;32 1200 0.53341207140074 [0 
1 2 3 4 5 6 7 8 9 10 11 12 13 14 15 16 17 18 19 20 21 22 23 24  [1;32 2400 0.59323016459348 [0 
1 2 3 4 5 6 7 8 9 10 11 12 13 14 15 16 17 18 19 20 21 22 23 24  [1;32 3600 0.59574300336527 [0 
1 2 3 4 5 6 959 8 826 871 11 12 13 14 15 185 17 18 19 20 21 22 23 24  [1;32 7200 0.59613600641139 [0 
1 2 3 4 5 6 959 8 826 871 11 12 13 14 15 185 17 18 19 20 21 22 23 24  [1;32 8400 0.81505114646506 [0 
1 2 3 4 5 6 290 8 826 871 11 12 13 14 15 185 17 18 19 20 21 22 23 24  [1;32 92400 0.87372418471209 [0 
1 2 3 4 720 6 290 8 826 871 11 459 13 14 15 185 17 18 19 20 741 22 176 24  [1;32 177600 0.88822931219707 [0 
seed 89
1 2 3 4 720 6 290 8 826 871 11 459 13 14 15 185 17 18 19 20 741 22 176 24 
1000 999 
best 0.88822931219707
 [0 
