1 2 3 4 5 6 7 8 9 10 11 12 13 14 15 16 17 18 19 20 21 22 23 24 [1;32m1200 0.094143750973272[0m
1 2 3 4 5 6 7 8 9 10 11 12 13 14 15 16 17 18 19 20 21 22 23 24 [1;32m2400 0.12055176219783[0m
1 842 3 890 5 6 7 8 9 10 11 12 13 14 15 16 17 862 19 20 21 22 23 24 [1;32m13200 0.13789522595587[0m
325 842 996 890 5 6 690 8 9 10 11 12 13 14 15 16 17 862 290 20 21 571 23 24 [1;32m50400 0.15066316278966[0m
325 842 996 890 5 6 690 8 9 10 11 12 13 14 15 16 17 862 290 20 21 571 23 24 [1;32m51600 0.15502421899569[0m
709 842 996 913 5 558 690 8 9 10 11 512 13 14 15 16 17 862 290 20 21 571 23 24 [1;32m75600 0.16715021139092[0m
709 842 996 913 5 558 690 8 9 10 11 512 13 357 15 16 17 862 290 1 21 571 23 24 [1;32m88800 0.16894028523304[0m
145 842 996 102 5 558 690 8 9 10 11 512 13 357 218 16 17 862 745 1 21 571 23 24 [1;32m91200 0.17945676323485[0m
145 842 919 102 5 558 690 864 615 10 11 512 13 357 218 16 17 862 745 1 21 571 23 24 [1;32m352800 0.1824711273968[0m
145 842 919 102 5 558 690 864 615 10 11 512 13 661 218 16 17 862 745 1 21 571 23 24 [1;32m361200 0.19816715259069[0m
12 314 919 102 5 558 690 864 615 10 11 512 13 846 218 16 17 862 745 1 21 571 23 24 [1;32m504000 0.2044603155431[0m
282 314 919 102 5 558 652 864 602 10 11 512 458 846 218 16 17 862 745 1 21 571 23 24 [1;32m529200 0.20538621158904[0m
799 314 750 102 5 558 652 864 602 10 11 512 458 846 218 16 17 862 587 1 589 571 23 24 [1;32m553200 0.23066667366181[0m
799 314 750 102 5 558 652 864 602 10 11 512 458 846 218 16 17 862 587 1 589 571 23 24 [1;32m554400 0.24275053762154[0m
141 314 750 31 5 558 104 864 602 10 11 512 458 846 218 408 17 862 587 896 589 571 23 24 [1;32m616800 0.25317509727381[0m
141 314 750 31 502 558 104 864 378 10 779 512 458 846 218 408 17 862 587 896 589 571 23 24 [1;32m626400 0.27779237712418[0m
141 314 750 31 502 558 104 864 378 10 779 512 458 846 218 408 17 862 587 896 589 571 531 24 [1;32m669600 0.28738021484811[0m
34 314 335 31 502 102 104 864 378 10 779 512 401 846 218 408 17 568 587 896 589 571 531 24 [1;32m680400 0.28858944120922[0m
34 314 335 31 130 102 104 864 378 10 779 512 401 846 218 408 17 568 587 896 589 571 531 24 [1;32m702000 0.29626251540042[0m
605 314 335 31 130 102 104 864 378 843 779 512 401 846 218 408 17 223 587 896 589 571 531 24 [1;32m754800 0.30319209117903[0m
743 314 335 31 130 102 104 808 378 843 779 512 401 846 218 408 17 223 587 240 589 571 531 24 [1;32m826800 0.31768287207605[0m
743 314 335 345 130 102 104 808 378 299 779 512 401 846 218 408 17 223 587 240 589 571 531 24 [1;32m1113600 0.32914984182316[0m
743 314 335 345 130 130 104 808 378 299 779 512 401 846 323 408 17 223 587 240 589 571 531 955 [1;32m1137600 0.33798113729674[0m
743 314 335 345 130 130 104 808 378 299 779 987 401 846 323 408 17 223 587 240 589 571 531 955 [1;32m1195200 0.35656330475638[0m
743 314 335 345 768 130 104 808 1000 299 779 987 401 846 323 408 17 223 587 240 589 571 531 955 [1;32m1267200 0.3570193596537[0m
743 314 335 345 768 130 104 808 1000 299 779 987 401 846 323 408 17 223 587 240 589 571 531 955 [1;32m1268400 0.35906736485001[0m
991 314 335 345 768 130 104 302 1000 299 779 987 401 846 323 408 17 223 587 240 589 571 531 955 [1;32m1309200 0.36657988618424[0m
991 314 335 345 768 130 666 302 1000 299 779 313 401 846 323 408 17 223 587 240 589 571 531 955 [1;32m1315200 0.37128958918967[0m
seed 73
991 314 335 345 768 130 666 302 1000 299 779 313 401 846 323 408 17 223 587 240 589 571 531 955 
1000 999 
best 0.37128958918967
[0m
