1 2 3 4 5 6 7 8 9 10 11 12 13 14 15 16 17 18 19 20 21 22 23 24  [1;32 1200 0.00082596768910709 [0 
622 2 3 4 5 6 7 8 9 10 11 12 275 14 409 16 17 18 19 20 21 22 23 24  [1;32 61200 0.052834254126228 [0 
622 2 3 4 5 6 7 8 9 10 11 12 275 14 409 16 17 18 19 20 21 22 23 24  [1;32 62400 0.063345993705068 [0 
622 2 3 4 5 6 7 64 9 955 11 684 275 973 409 16 99 18 19 20 21 22 23 24  [1;32 64800 0.13078082926653 [0 
622 2 586 4 5 6 7 64 9 955 11 684 275 973 409 16 99 18 19 20 21 22 23 24  [1;32 79200 0.13842840478359 [0 
622 2 586 4 5 6 7 64 9 955 11 684 275 973 409 16 99 18 19 20 21 22 23 24  [1;32 80400 0.14244089462264 [0 
241 2 586 4 964 6 7 64 9 307 11 684 275 973 409 16 275 18 19 20 21 22 23 24  [1;32 98400 0.20133617875575 [0 
241 2 984 4 964 6 7 64 610 307 11 684 275 973 409 16 764 18 19 20 21 22 23 24  [1;32 163200 0.24521774825988 [0 
241 2 984 4 964 6 7 64 610 307 11 684 275 973 409 16 764 18 19 20 21 22 23 24  [1;32 164400 0.24771295037948 [0 
241 2 984 4 964 6 7 64 610 307 11 688 275 973 409 16 764 18 19 20 21 22 23 24  [1;32 176400 0.29309699508782 [0 
241 2 984 4 964 6 7 64 610 307 11 688 275 973 409 16 764 18 19 20 21 22 23 24  [1;32 177600 0.29724199847005 [0 
241 2 984 4 964 6 7 64 610 307 11 688 275 973 409 16 764 18 19 31 566 22 23 24  [1;32 212400 0.32116591792622 [0 
241 2 984 4 964 6 7 64 610 307 11 688 275 973 409 16 764 18 19 31 566 22 23 24  [1;32 213600 0.33024978451642 [0 
241 2 984 4 964 6 7 64 610 307 11 688 275 973 409 16 764 18 19 31 566 22 23 24  [1;32 214800 0.3302711225714 [0 
241 2 984 4 964 6 7 64 610 307 11 688 275 973 409 16 764 18 19 31 566 22 23 24  [1;32 216000 0.33028988472106 [0 
241 520 869 4 964 6 7 443 610 958 11 905 275 973 836 16 764 18 19 31 566 22 23 24  [1;32 704400 0.41467642628558 [0 
241 520 869 804 964 6 7 443 748 958 11 905 275 164 836 16 764 18 19 277 489 22 23 24  [1;32 885600 0.42341599507789 [0 
241 520 869 804 964 6 7 443 748 958 11 905 275 164 836 16 623 18 19 277 489 22 23 24  [1;32 902400 0.42662551753239 [0 
241 520 869 804 964 6 7 443 748 958 57 905 46 164 836 16 488 18 19 277 489 22 951 24  [1;32 1069200 0.44142010063406 [0 
seed 37
241 520 869 804 964 6 7 443 748 958 57 905 46 164 836 16 488 18 19 277 489 22 951 24 
1000 999 
best 0.44142010063406
 [0 
