1 2 3 4 5 6 7 8 9 10 11 12 13 14 15 16 17 18 19 20 21 22 23 24 [1;32m1200 0.21945289907673[0m
1 2 3 4 5 6 7 992 9 10 11 12 13 14 15 967 17 18 98 267 21 580 23 24 [1;32m154800 0.34116243072526[0m
1 2 3 447 5 6 7 992 9 228 11 12 13 14 15 123 282 18 98 267 21 580 23 24 [1;32m921600 0.69389411684376[0m
1 2 3 447 5 6 7 992 9 228 11 12 13 14 15 123 282 18 98 267 21 580 23 24 [1;32m922800 0.88410361751497[0m
1 118 3 447 686 757 7 992 9 228 11 170 834 14 15 123 282 18 98 267 21 580 23 24 [1;32m934800 0.88819510629624[0m
390 118 3 447 686 757 7 646 9 372 11 170 834 14 15 502 282 51 98 267 21 580 23 292 [1;32m1280400 0.89708369452552[0m
390 118 3 447 686 757 7 646 9 372 11 170 834 713 270 502 282 51 98 267 21 580 23 348 [1;32m1288800 0.89790338015975[0m
seed 46
390 118 3 447 686 757 7 646 9 372 11 170 834 713 270 502 282 51 98 267 21 580 23 348 
1000 999 
best 0.89790338015975
[0m
