1 2 3 4 5 6 7 8 9 10 11 12 13 761 15 16 17 18 19 20 21 22 23 24 [1;32m22800 0.0046051276021237[0m
69 2 3 4 5 899 7 8 53 10 11 12 13 761 15 16 17 18 19 20 21 22 23 24 [1;32m84000 0.010405173134468[0m
69 2 640 4 5 899 7 8 265 10 11 12 13 761 15 16 17 18 19 20 21 22 23 24 [1;32m124800 0.010470211263479[0m
69 2 640 4 5 899 7 8 265 10 11 12 855 761 15 16 17 474 19 20 21 22 23 24 [1;32m193200 0.010551116000581[0m
69 2 640 4 5 899 7 8 265 422 11 12 993 761 15 16 17 474 19 20 21 22 23 387 [1;32m204000 0.010673023522782[0m
69 2 640 4 5 899 7 8 975 422 11 12 993 761 15 16 17 474 19 20 21 22 23 387 [1;32m332400 0.010678453549842[0m
69 2 441 4 5 899 7 8 975 422 11 12 993 855 15 16 17 474 19 20 21 22 23 387 [1;32m640800 0.010695024702741[0m
254 2 441 4 5 899 7 8 975 422 761 12 993 855 15 523 17 474 604 20 21 22 23 853 [1;32m864000 0.018472366866395[0m
595 2 441 4 5 899 7 8 975 422 761 12 993 174 15 523 17 474 604 20 68 22 23 853 [1;32m1311600 0.055649586276679[0m
595 2 441 4 5 899 7 8 975 422 761 12 993 322 15 523 516 474 604 20 68 22 23 853 [1;32m1344000 0.30601870514997[0m
595 2 441 4 5 899 7 8 975 422 761 12 993 322 15 523 425 843 604 20 68 22 23 853 [1;32m1359600 0.30631042867599[0m
595 955 441 4 5 899 718 8 85 422 761 12 993 322 15 523 425 843 604 20 68 22 23 562 [1;32m1398000 0.39469620021209[0m
seed 18
595 955 441 4 5 899 718 8 85 422 761 12 993 322 15 523 425 843 604 20 68 22 23 562 
1000 999 
best 0.39469620021209
[0m
