1 2 3 4 5 6 7 8 9 10 11 12 13 14 15 16 17 18 19 20 21 22 23 24 [1;32m1200 0.1163336059762[0m
1 2 3 4 5 6 7 8 9 10 11 12 13 14 15 16 17 18 19 20 21 22 23 24 [1;32m2400 0.13623534739573[0m
1 2 3 4 5 6 7 8 9 10 11 12 13 14 15 16 17 18 19 20 21 22 23 24 [1;32m3600 0.14614373791486[0m
1 2 3 4 5 6 7 8 9 10 11 12 13 14 15 16 17 18 19 20 21 22 23 24 [1;32m4800 0.15349089158887[0m
1 2 3 4 5 836 297 5 9 10 11 12 13 14 889 572 17 18 19 20 21 22 507 24 [1;32m8400 0.16265957790552[0m
1 2 3 4 5 836 297 5 9 10 11 12 13 14 889 572 17 18 19 20 21 22 507 24 [1;32m9600 0.16514297956795[0m
1 153 3 4 5 836 297 5 9 10 11 12 13 14 889 572 17 18 19 20 21 22 507 24 [1;32m21600 0.17315230523429[0m
1 205 3 4 5 836 297 5 9 10 11 12 13 14 889 572 17 18 76 20 21 22 507 24 [1;32m26400 0.18329656922479[0m
1 894 3 4 5 836 498 5 129 10 11 12 302 14 889 572 17 405 76 20 628 22 507 24 [1;32m39600 0.1869128376628[0m
547 894 3 4 5 836 498 5 129 10 11 283 302 14 889 636 17 405 76 20 628 22 507 24 [1;32m104400 0.19372293613367[0m
925 894 3 4 5 67 498 5 477 10 11 283 302 351 889 636 17 70 76 20 628 22 507 24 [1;32m127200 0.19599588785815[0m
925 894 3 4 5 67 498 5 477 10 11 283 302 351 889 636 17 70 76 20 628 22 507 24 [1;32m128400 0.19724019670942[0m
925 124 3 393 5 67 498 249 477 10 11 283 406 351 889 636 17 70 76 968 476 22 507 24 [1;32m135600 0.20036472610979[0m
925 124 3 393 5 67 498 249 477 834 11 283 406 244 889 636 17 70 76 968 476 22 507 24 [1;32m138000 0.2136796519501[0m
925 124 3 393 183 67 306 249 477 834 87 283 406 851 889 636 17 70 334 968 476 22 507 24 [1;32m142800 0.24820697196404[0m
925 124 3 393 183 67 161 249 477 834 87 283 406 851 889 636 17 593 334 968 476 294 507 24 [1;32m350400 0.25259594183259[0m
925 124 3 393 183 67 943 249 477 834 87 283 406 851 691 460 17 593 334 955 476 294 507 24 [1;32m484800 0.26338880433448[0m
925 124 3 393 183 67 943 249 477 834 87 283 406 851 691 460 17 593 334 955 476 294 507 24 [1;32m486000 0.27741329809137[0m
925 124 3 393 191 67 855 249 477 834 87 658 406 851 691 467 17 593 334 955 130 294 507 24 [1;32m940800 0.30885292343285[0m
925 124 3 393 191 67 855 249 477 834 87 658 406 851 691 467 17 593 334 955 130 294 507 24 [1;32m942000 0.31233630517853[0m
925 124 3 393 191 67 855 680 477 834 87 658 518 851 691 467 17 593 334 955 130 884 507 24 [1;32m944400 0.34694804345631[0m
925 124 3 393 191 67 855 680 477 834 87 658 518 851 691 467 17 593 334 766 130 884 507 24 [1;32m978000 0.35227742058761[0m
925 124 3 393 191 885 855 680 477 834 87 658 518 851 691 467 17 593 334 766 130 884 507 382 [1;32m981600 0.3869474900294[0m
925 124 3 393 191 885 855 680 477 834 87 658 518 851 691 467 17 593 334 766 130 884 507 382 [1;32m982800 0.40622636920623[0m
925 124 3 393 191 885 855 680 477 834 87 658 518 851 691 467 17 593 334 766 130 884 507 382 [1;32m984000 0.42132728455712[0m
925 308 582 36 363 885 855 680 477 834 87 625 518 851 691 467 17 593 334 766 130 884 507 382 [1;32m987600 0.43011806790337[0m
925 308 582 36 363 865 855 88 477 834 87 625 518 851 714 467 17 174 334 325 130 884 507 382 [1;32m1017600 0.43342684289995[0m
925 308 582 36 363 865 855 88 875 546 87 625 518 851 714 467 17 174 334 325 130 884 507 382 [1;32m1028400 0.46756540499504[0m
925 308 582 36 261 865 183 88 875 546 87 625 518 851 714 467 17 174 334 325 130 884 507 382 [1;32m1198800 0.48217375508417[0m
925 308 582 36 416 705 183 88 875 546 87 625 518 851 714 467 17 174 334 325 130 822 507 382 [1;32m1390800 0.49871856610335[0m
seed 24
925 308 582 36 416 705 183 88 875 546 87 625 518 851 714 467 17 174 334 325 130 822 507 382 
1000 999 
best 0.49871856610335
[0m
