1 2 3 4 5 6 7 8 9 10 11 12 13 14 15 16 17 18 19 20 21 22 23 24 [1;32m1200 0.00082596768910709[0m
622 2 3 4 5 6 7 8 9 10 11 12 275 14 409 16 17 18 19 20 21 22 23 24 [1;32m61200 0.052834254126228[0m
622 2 3 4 5 6 7 8 9 10 11 12 275 14 409 16 17 18 19 20 21 22 23 24 [1;32m62400 0.063345993705068[0m
622 2 3 4 5 6 7 64 9 955 11 684 275 973 409 16 99 18 19 20 21 22 23 24 [1;32m64800 0.13078082926653[0m
622 2 586 4 5 6 7 64 9 955 11 684 275 973 409 16 99 18 19 20 21 22 23 24 [1;32m79200 0.13842840478359[0m
622 2 586 4 5 6 7 64 9 955 11 684 275 973 409 16 99 18 19 20 21 22 23 24 [1;32m80400 0.14244089462264[0m
241 2 586 4 964 6 7 64 9 307 11 684 275 973 409 16 275 18 19 20 21 22 23 24 [1;32m98400 0.20133617875575[0m
241 2 984 4 964 6 7 64 610 307 11 684 275 973 409 16 764 18 19 20 21 22 23 24 [1;32m163200 0.24521774825988[0m
241 2 984 4 964 6 7 64 610 307 11 684 275 973 409 16 764 18 19 20 21 22 23 24 [1;32m164400 0.24771295037948[0m
241 2 984 4 964 6 7 64 610 307 11 688 275 973 409 16 764 18 19 20 21 22 23 24 [1;32m176400 0.29309699508782[0m
241 2 984 4 964 6 7 64 610 307 11 688 275 973 409 16 764 18 19 20 21 22 23 24 [1;32m177600 0.29724199847005[0m
241 2 984 4 964 6 7 64 610 307 11 688 275 973 409 16 764 18 19 31 566 22 23 24 [1;32m212400 0.32116591792622[0m
241 2 984 4 964 6 7 64 610 307 11 688 275 973 409 16 764 18 19 31 566 22 23 24 [1;32m213600 0.33024978451642[0m
241 2 984 4 964 6 7 64 610 307 11 688 275 973 409 16 764 18 19 31 566 22 23 24 [1;32m214800 0.3302711225714[0m
241 2 984 4 964 6 7 64 610 307 11 688 275 973 409 16 764 18 19 31 566 22 23 24 [1;32m216000 0.33028988472106[0m
241 520 869 4 964 6 7 443 610 958 11 905 275 973 836 16 764 18 19 31 566 22 23 24 [1;32m704400 0.41467642628558[0m
241 520 869 804 964 6 7 443 748 958 11 905 275 164 836 16 764 18 19 277 489 22 23 24 [1;32m885600 0.42341599507789[0m
241 520 869 804 964 6 7 443 748 958 11 905 275 164 836 16 623 18 19 277 489 22 23 24 [1;32m902400 0.42662551753239[0m
241 520 869 804 964 6 7 443 748 958 57 905 46 164 836 16 488 18 19 277 489 22 951 24 [1;32m1069200 0.44142010063406[0m
seed 37
241 520 869 804 964 6 7 443 748 958 57 905 46 164 836 16 488 18 19 277 489 22 951 24 
1000 999 
best 0.44142010063406
[0m
