1 2 3 4 5 6 7 8 9 10 11 12 13 14 15 16 17 18 19 20 21 22 23 24 [1;32m1200 0.0033038850924164[0m
1 2 3 4 5 6 808 8 9 10 11 12 13 14 15 16 276 18 19 20 603 22 23 24 [1;32m4800 0.040459491748456[0m
1 2 3 4 5 6 808 8 9 10 11 12 13 14 15 16 276 18 19 20 603 22 23 24 [1;32m6000 0.041277070533017[0m
1 2 3 4 5 6 808 8 9 10 11 12 13 14 15 16 276 18 19 20 603 22 23 24 [1;32m7200 0.041282881471619[0m
1 2 3 577 5 648 808 8 930 10 11 12 13 14 15 16 276 372 19 20 603 22 493 24 [1;32m224400 0.07390794143605[0m
229 2 3 577 5 648 808 8 930 10 373 12 13 14 15 16 276 110 19 17 603 22 493 24 [1;32m229200 0.09888289539076[0m
398 2 3 577 5 648 808 8 930 10 373 12 13 14 15 84 276 110 19 17 603 22 493 24 [1;32m236400 0.10403427681446[0m
398 2 3 577 5 648 808 8 930 10 373 532 13 14 15 84 33 110 19 17 603 22 493 24 [1;32m242400 0.16015955070613[0m
398 2 3 577 5 648 808 8 930 10 373 532 13 14 15 84 33 110 19 17 603 22 493 24 [1;32m243600 0.19816119107518[0m
398 2 3 577 5 648 808 8 930 10 373 532 13 14 15 84 33 110 19 17 603 22 493 24 [1;32m244800 0.19816425167607[0m
184 2 3 577 5 648 808 8 930 10 188 532 13 14 15 84 697 110 19 17 603 22 493 24 [1;32m531600 0.19818289147908[0m
184 2 3 577 5 648 509 8 930 10 188 721 13 317 15 84 697 110 19 17 603 22 990 866 [1;32m621600 0.24688149449016[0m
184 2 3 577 5 648 509 8 930 10 188 721 13 317 15 84 697 110 19 17 603 22 990 866 [1;32m622800 0.24769547840135[0m
184 2 3 577 5 648 509 8 930 10 188 721 13 317 15 84 697 110 19 17 603 22 990 866 [1;32m624000 0.24770640422874[0m
184 2 3 577 5 648 509 8 930 10 188 721 927 317 15 84 697 441 19 17 603 22 990 866 [1;32m626400 0.24770960977077[0m
184 2 3 577 5 648 509 8 930 10 188 721 927 317 15 84 697 441 19 17 603 22 990 866 [1;32m627600 0.24771875274978[0m
184 2 3 577 5 648 509 8 930 931 188 721 525 317 15 84 697 441 19 17 603 22 990 866 [1;32m715200 0.36491008024907[0m
184 2 3 577 5 648 509 8 930 931 188 721 525 317 15 84 697 441 19 17 603 22 990 866 [1;32m716400 0.48387574751697[0m
184 2 3 577 5 648 509 8 390 931 188 721 525 317 15 84 387 441 19 355 603 22 990 866 [1;32m718800 0.49236128420055[0m
184 2 3 577 5 648 509 8 390 931 188 721 525 317 15 84 387 441 19 355 603 22 990 866 [1;32m720000 0.49326184173852[0m
184 2 3 577 5 648 509 8 390 931 188 721 525 317 15 84 387 441 19 355 603 22 990 866 [1;32m721200 0.49331437488837[0m
184 2 3 577 5 648 509 8 390 536 188 721 873 317 15 84 387 291 19 355 816 449 990 993 [1;32m1086000 0.50211510556673[0m
seed 28
184 2 3 577 5 648 509 8 390 536 188 721 873 317 15 84 387 291 19 355 816 449 990 993 
1000 999 
best 0.50211510556673
[0m
