1 2 3 4 5 6 7 8 9 10 11 12 13 14 15 16 17 18 19 20 21 22 23 24  [1;32 1200 0.13622603879601 [0 
1 2 3 4 5 6 7 8 9 10 11 12 13 14 15 16 17 18 19 20 21 22 23 24  [1;32 2400 0.13871586949841 [0 
1 2 3 4 5 6 7 8 9 10 11 12 13 14 15 16 17 18 19 20 21 22 23 24  [1;32 3600 0.14417861731986 [0 
1 2 3 4 477 6 7 8 9 10 11 12 13 14 15 16 17 18 19 20 21 22 23 24  [1;32 6000 0.14417921121301 [0 
1 2 3 4 477 6 7 8 9 10 11 12 13 14 237 873 385 18 19 20 21 413 26 24  [1;32 10800 0.18551918911533 [0 
1 2 3 4 477 6 497 8 9 10 11 12 13 14 237 873 385 18 19 20 21 413 235 634  [1;32 14400 0.24324395356627 [0 
1 2 3 4 477 6 497 398 9 10 11 12 13 14 237 873 385 274 19 20 21 413 235 634  [1;32 18000 0.32001880499844 [0 
1 2 3 4 477 6 497 398 9 10 11 764 13 14 237 873 399 274 376 20 21 413 235 189  [1;32 28800 0.44748869197965 [0 
1 2 3 4 451 6 497 398 9 428 284 764 13 14 237 873 399 274 376 20 21 80 235 189  [1;32 39600 0.49895351786566 [0 
1 2 3 4 507 6 497 398 9 428 267 764 13 14 237 873 399 274 376 20 955 770 235 189  [1;32 55200 0.50523802059111 [0 
1 2 3 4 507 6 497 398 9 428 267 764 13 14 495 529 399 274 376 20 955 770 235 189  [1;32 58800 0.53688457949374 [0 
815 2 3 4 507 6 497 398 9 966 267 764 13 14 495 529 399 274 376 20 955 770 235 189  [1;32 610800 0.53998125600162 [0 
815 2 3 696 4 107 497 398 9 966 267 764 13 14 487 529 562 274 376 20 955 770 235 189  [1;32 1020000 0.56676092787298 [0 
815 2 752 696 4 107 497 398 591 966 786 764 13 14 487 529 509 274 376 20 955 770 235 189  [1;32 1054800 0.62093707252551 [0 
815 2 752 696 4 107 497 398 591 966 521 764 13 124 487 529 509 274 376 20 955 770 235 189  [1;32 1081200 0.64294903992301 [0 
815 136 752 696 4 107 949 398 591 966 521 764 13 203 487 123 509 505 376 20 955 770 235 189  [1;32 1113600 0.65880195034863 [0 
815 136 752 696 4 107 949 398 591 966 521 764 13 203 487 123 509 825 376 20 955 182 11 189  [1;32 1203600 0.68825075662404 [0 
seed 47
815 136 752 696 4 107 949 398 591 966 521 764 13 203 487 123 509 825 376 20 955 182 11 189 
1000 999 
best 0.68825075662404
 [0 
