1 2 3 4 5 6 7 8 9 10 11 12 13 14 15 16 17 18 19 20 21 22 23 24 [1;32m1200 0.014546413487365[0m
1 2 3 4 5 6 7 8 9 10 11 12 672 14 15 16 871 18 19 20 21 921 23 177 [1;32m44400 0.30884676272924[0m
1 813 3 4 88 6 7 8 9 10 11 546 672 14 418 694 871 18 19 20 21 921 23 177 [1;32m144000 0.3680393749088[0m
1 813 3 4 88 6 7 8 9 10 11 546 672 14 418 694 871 18 19 20 21 921 23 177 [1;32m145200 0.40961634190226[0m
1 813 3 4 88 6 7 8 9 10 11 546 672 14 418 694 871 18 19 20 21 921 23 177 [1;32m146400 0.43848621450851[0m
1 813 3 4 88 6 221 8 9 660 11 546 672 14 418 694 871 18 19 20 21 921 23 177 [1;32m150000 0.47671172960461[0m
1 813 3 4 88 6 221 8 9 660 11 546 672 14 418 694 871 18 19 20 21 921 23 177 [1;32m151200 0.48105018009645[0m
1 813 3 4 88 6 221 8 9 660 11 546 672 14 418 694 871 18 19 20 21 921 23 177 [1;32m152400 0.50686413976781[0m
1 813 3 4 88 6 221 8 9 660 11 546 672 14 418 894 871 746 19 20 817 921 23 177 [1;32m158400 0.55733897632149[0m
1 813 3 4 88 6 221 8 9 660 11 546 672 14 418 894 871 746 19 20 817 921 23 177 [1;32m159600 0.57953772699258[0m
1 813 3 4 88 6 221 8 9 660 11 546 672 14 418 894 871 746 19 20 817 921 23 177 [1;32m160800 0.59516069056474[0m
1 813 3 4 88 6 221 8 9 660 11 546 672 14 418 894 871 746 19 20 817 921 23 177 [1;32m162000 0.62527235029098[0m
1 813 3 4 88 6 221 8 9 660 11 546 816 14 418 894 871 746 19 20 817 921 23 177 [1;32m169200 0.72957430052934[0m
1 813 3 4 411 6 221 8 9 660 11 546 816 14 418 894 871 60 19 20 817 921 298 177 [1;32m188400 0.84791858501366[0m
1 813 3 843 411 6 221 8 9 660 11 546 241 14 418 894 388 60 19 20 817 921 298 177 [1;32m319200 0.84816559040447[0m
1 813 3 843 411 237 221 8 778 660 11 128 241 14 418 894 388 60 19 585 817 921 298 542 [1;32m399600 0.85602614229802[0m
1 813 3 843 411 237 221 8 778 660 11 673 241 14 418 136 388 60 19 585 817 921 298 542 [1;32m488400 0.85635088244934[0m
1 813 3 580 411 237 221 8 438 660 246 673 241 14 418 136 867 60 360 585 817 921 946 542 [1;32m770400 0.86416323570702[0m
1 813 3 495 411 237 221 8 438 660 246 673 241 14 418 136 867 60 360 585 817 921 946 542 [1;32m810000 0.88354243187645[0m
1 813 3 495 411 237 221 8 438 660 891 673 241 14 418 136 867 60 360 585 817 921 946 542 [1;32m872400 0.88406845812872[0m
1 813 3 198 411 237 221 8 438 660 891 673 241 14 418 136 867 60 360 585 817 921 946 542 [1;32m889200 0.88531888139381[0m
894 813 3 198 411 476 221 8 438 660 891 673 683 14 418 136 867 60 360 585 817 921 946 542 [1;32m903600 0.89032487369907[0m
894 813 3 198 411 476 221 8 438 660 891 673 683 14 418 136 867 60 360 585 817 495 71 542 [1;32m908400 0.89160649562554[0m
seed 41
894 813 3 198 411 476 221 8 438 660 891 673 683 14 418 136 867 60 360 585 817 495 71 542 
1000 999 
best 0.89160649562554
[0m
