1 2 3 4 5 6 7 8 9 10 11 12 13 14 15 16 17 18 19 20 21 22 23 24  [1;32 1200 0.18520233316209 [0 
826 2 3 4 5 6 7 362 9 807 11 12 339 14 557 16 17 18 19 20 21 22 23 24  [1;32 122400 0.2309006408852 [0 
826 2 787 4 5 6 330 362 9 807 11 12 339 14 210 16 17 18 19 20 21 22 23 78  [1;32 348000 0.4413805508763 [0 
826 2 787 4 991 6 330 362 9 807 11 12 339 14 210 16 17 18 19 20 600 22 23 78  [1;32 351600 0.48795903174661 [0 
826 2 787 4 991 6 330 362 9 807 11 12 339 14 210 16 17 18 19 20 600 22 23 78  [1;32 352800 0.55628547966915 [0 
826 2 787 4 991 6 330 362 9 807 11 12 339 14 210 16 30 18 19 529 600 22 23 78  [1;32 418800 0.58234466796183 [0 
826 2 787 4 991 6 330 362 9 807 11 12 776 14 210 16 30 18 19 529 600 350 23 78  [1;32 471600 0.60766208593046 [0 
826 2 787 844 991 6 330 362 9 807 11 12 39 14 210 16 30 18 19 529 600 350 23 78  [1;32 480000 0.65908310070077 [0 
826 2 787 844 991 6 330 362 9 807 11 12 39 14 210 935 30 18 19 529 600 350 23 78  [1;32 757200 0.6645051374661 [0 
826 2 787 844 991 773 527 362 9 807 11 12 39 14 210 935 30 18 19 529 600 350 23 78  [1;32 789600 0.72276273248028 [0 
154 477 787 844 991 773 527 362 9 807 11 12 39 14 210 935 490 18 177 529 600 350 23 78  [1;32 834000 0.7270044232348 [0 
154 477 787 844 991 773 527 362 9 807 889 12 39 14 210 188 490 18 177 529 600 350 23 78  [1;32 841200 0.83283111352926 [0 
154 477 662 266 991 773 527 362 409 807 889 12 39 14 210 925 490 18 177 529 600 350 23 78  [1;32 1123200 0.85292117229023 [0 
seed 1
154 477 662 266 991 773 527 362 409 807 889 12 39 14 210 925 490 18 177 529 600 350 23 78 
1000 999 
best 0.85292117229023
 [0 
