1 2 3 4 5 6 7 8 9 10 11 12 13 14 15 16 17 18 19 20 21 22 23 24  [1;32 1200 0.14786971725418 [0 
1 2 3 4 5 6 7 8 224 10 11 12 13 14 705 16 17 18 19 20 21 22 23 24  [1;32 9600 0.14893558603674 [0 
1 776 3 33 264 6 7 8 224 10 11 12 13 14 705 16 17 18 19 20 21 965 101 24  [1;32 15600 0.16436558175576 [0 
1 776 3 33 264 6 7 8 224 10 11 12 13 14 705 16 17 18 19 20 21 965 101 24  [1;32 16800 0.20574739020142 [0 
1 776 3 33 264 6 7 8 224 10 11 12 13 14 705 16 17 18 19 20 21 965 101 24  [1;32 18000 0.21956484019939 [0 
1 776 3 33 648 6 304 8 224 10 645 152 13 14 705 16 17 18 19 20 126 965 101 24  [1;32 26400 0.24699917025243 [0 
1 776 3 33 648 6 304 8 958 10 645 152 13 14 705 16 891 18 44 30 126 755 101 24  [1;32 46800 0.24985320158339 [0 
1 776 3 33 648 6 304 911 988 10 645 152 13 14 705 566 521 18 44 30 126 755 101 928  [1;32 57600 0.26286569659824 [0 
1 776 3 33 648 6 304 911 988 10 941 152 13 14 300 566 500 487 44 709 126 755 101 928  [1;32 60000 0.30672179664862 [0 
6 776 3 33 648 6 304 911 988 10 941 152 13 14 710 566 500 487 44 709 126 755 101 928  [1;32 62400 0.3210806025956 [0 
228 776 3 33 648 6 304 911 988 10 941 152 13 14 926 566 500 487 168 709 126 755 101 928  [1;32 84000 0.50454855822938 [0 
228 776 3 33 648 6 304 911 988 10 941 152 13 14 926 566 500 487 168 709 126 755 101 928  [1;32 85200 0.51417145877495 [0 
228 776 3 33 648 6 304 911 988 10 941 152 13 14 926 566 500 487 168 709 126 755 101 928  [1;32 86400 0.54527430861054 [0 
228 776 3 33 648 6 165 911 988 10 941 152 13 14 926 566 500 487 168 709 126 755 101 928  [1;32 139200 0.57152130311445 [0 
228 776 3 33 648 971 165 911 988 146 228 972 13 14 926 566 500 819 168 709 126 755 977 928  [1;32 142800 0.61015221745367 [0 
845 776 3 33 648 971 165 911 988 146 288 972 13 14 926 566 500 819 168 709 126 755 977 928  [1;32 254400 0.61097949513618 [0 
845 776 3 33 648 971 165 911 988 146 288 972 13 14 926 186 500 819 168 709 126 755 977 928  [1;32 542400 0.64368951706448 [0 
seed 55
845 776 3 33 648 971 165 911 988 146 288 972 13 14 926 186 500 819 168 709 126 755 977 928 
1000 999 
best 0.64368951706448
 [0 
