1 2 3 4 5 6 7 8 9 10 11 12 13 14 15 16 17 18 19 20 21 22 23 24 [1;32m1200 0.051455677298047[0m
1 2 3 4 5 6 976 8 9 10 11 341 13 14 15 16 647 18 19 808 21 22 23 24 [1;32m12000 0.083774242181102[0m
1 2 3 4 5 6 976 8 9 10 11 341 13 14 15 16 879 18 19 808 21 22 703 24 [1;32m32400 0.12961535561767[0m
1 2 3 4 5 6 976 8 9 10 11 474 13 14 15 16 879 18 19 808 21 22 703 24 [1;32m37200 0.15259065192507[0m
1 2 3 4 5 6 976 8 9 10 11 474 13 14 15 16 879 18 19 808 21 22 703 24 [1;32m38400 0.15828254727492[0m
1 2 3 4 5 6 976 8 9 10 11 474 13 14 895 16 490 18 19 684 21 22 703 24 [1;32m45600 0.16431726412305[0m
1 367 821 452 5 6 976 295 9 10 11 474 13 14 895 16 490 18 19 413 21 22 703 24 [1;32m48000 0.17826669673851[0m
1 367 821 452 5 6 976 295 9 10 11 474 13 14 895 16 490 18 19 413 21 22 703 24 [1;32m49200 0.19436370892021[0m
1 367 821 452 5 6 976 295 9 10 11 474 13 553 895 16 490 18 19 413 21 22 703 24 [1;32m64800 0.20311993474707[0m
1 367 360 565 5 6 976 295 9 10 11 474 13 553 895 16 490 129 19 413 21 991 703 24 [1;32m158400 0.21212121683306[0m
1 367 360 565 5 6 812 282 9 10 11 474 13 553 895 947 490 804 19 413 21 991 703 24 [1;32m189600 0.22871463342277[0m
1 367 360 565 5 6 812 282 9 10 11 474 13 553 895 947 490 804 19 413 21 991 703 24 [1;32m190800 0.25101033992649[0m
1 367 654 565 5 6 812 282 9 10 11 474 831 553 895 947 490 804 19 413 437 991 703 24 [1;32m214800 0.26932284244463[0m
1 367 654 565 5 6 599 282 223 10 11 474 831 553 731 947 490 804 19 413 656 991 703 622 [1;32m261600 0.29559830980336[0m
1 367 654 565 5 6 599 282 223 10 11 474 831 501 731 598 490 804 19 806 656 640 703 622 [1;32m288000 0.30383880158613[0m
1 367 654 565 5 6 599 282 223 10 11 474 831 501 731 598 490 804 19 806 656 640 703 622 [1;32m289200 0.32116680224532[0m
1 367 10 565 5 437 599 282 223 10 11 474 831 501 731 935 490 804 19 806 993 640 703 622 [1;32m312000 0.32570882396379[0m
1 510 10 565 5 851 599 282 223 165 11 474 831 501 731 935 490 804 19 806 993 640 703 622 [1;32m342000 0.34871165749462[0m
1 510 10 565 5 851 599 282 223 165 11 474 831 501 731 935 490 804 19 806 993 640 703 622 [1;32m343200 0.35915248514893[0m
1 510 10 565 5 851 599 282 223 165 11 474 831 501 731 935 490 804 19 806 993 640 703 622 [1;32m344400 0.40064159106867[0m
1 510 10 693 5 674 599 282 565 165 11 474 831 501 731 935 490 804 19 129 993 640 703 203 [1;32m402000 0.40640071775788[0m
1 510 10 693 5 674 599 282 565 165 11 474 831 501 731 935 490 804 831 403 722 640 703 203 [1;32m406800 0.40704024962312[0m
1 510 10 693 5 674 599 252 565 165 11 474 831 501 731 935 490 804 831 403 722 538 703 203 [1;32m1378800 0.40953702763851[0m
1 510 10 693 5 674 599 252 565 95 664 474 831 501 731 935 490 804 831 403 722 538 112 203 [1;32m1388400 0.42109567835454[0m
seed 15
1 510 10 693 5 674 599 252 565 95 664 474 831 501 731 935 490 804 831 403 722 538 112 203 
1000 999 
best 0.42109567835454
[0m
