1 2 3 4 5 6 7 8 9 10 11 12 13 14 15 16 17 18 19 20 21 22 23 24 [1;32m1200 0.20280754606198[0m
1 2 3 4 5 6 7 8 9 10 11 12 13 14 15 16 17 18 19 20 21 22 23 24 [1;32m2400 0.23054936646185[0m
1 2 3 4 5 6 7 8 9 10 11 12 13 14 15 16 17 18 19 20 21 22 23 24 [1;32m3600 0.24415010547462[0m
1 687 396 4 5 6 7 8 9 10 11 12 162 14 15 16 17 18 825 20 21 22 23 180 [1;32m7200 0.25595603383003[0m
1 687 396 4 5 6 7 8 9 10 11 12 162 14 15 16 572 18 825 20 758 22 23 180 [1;32m10800 0.2932404996494[0m
1 202 190 149 5 6 7 8 292 10 11 12 591 14 15 16 572 18 375 20 758 22 23 180 [1;32m13200 0.29331128882716[0m
1 676 190 638 5 6 7 315 751 10 835 12 591 14 15 16 572 18 688 20 758 22 23 180 [1;32m21600 0.29829538746569[0m
1 876 190 638 118 6 7 40 751 10 835 8 591 14 15 16 572 18 688 20 758 22 802 180 [1;32m26400 0.30761676589249[0m
1 876 190 638 118 6 7 40 751 10 835 8 591 14 15 16 572 18 688 20 758 22 802 180 [1;32m27600 0.31868864496194[0m
1 876 190 638 118 6 7 40 751 10 835 8 591 14 15 16 572 18 202 248 758 22 802 180 [1;32m42000 0.46070961591299[0m
1 876 190 638 118 6 7 40 751 10 835 8 591 14 15 16 572 18 202 248 758 22 802 180 [1;32m43200 0.47391873721532[0m
1 876 190 638 118 6 7 40 751 10 835 8 591 14 15 16 572 18 202 248 758 22 802 180 [1;32m44400 0.48384720031003[0m
1 876 190 584 118 6 655 40 751 10 835 8 591 14 15 16 572 136 202 248 758 22 802 988 [1;32m48000 0.49415995711601[0m
1 876 190 584 118 6 655 40 751 10 835 8 591 256 177 16 572 136 202 248 728 22 802 187 [1;32m64800 0.49918642920223[0m
1 876 263 584 118 6 655 40 751 10 835 8 173 256 177 16 30 136 202 248 483 22 802 607 [1;32m78000 0.52191076365533[0m
1 876 263 584 118 813 655 40 751 10 835 8 173 256 177 16 124 136 202 248 483 110 802 607 [1;32m134400 0.52821764351348[0m
1 876 263 584 118 813 655 40 751 10 835 8 173 256 177 16 124 136 202 248 411 110 802 607 [1;32m144000 0.53671633436059[0m
1 876 263 584 118 813 655 40 751 374 835 8 173 256 177 16 124 136 202 248 182 110 802 607 [1;32m147600 0.54000869449267[0m
1 876 263 584 118 813 911 40 751 374 835 8 173 256 177 605 124 136 202 248 182 110 802 607 [1;32m276000 0.54224338670627[0m
1 876 263 584 118 813 794 40 751 414 835 138 173 256 177 605 893 136 202 248 182 110 802 607 [1;32m308400 0.55627450539578[0m
1 876 263 584 118 813 794 40 751 414 835 315 173 256 177 605 893 136 202 248 182 110 802 607 [1;32m333600 0.55937000015274[0m
1 876 263 584 118 813 794 40 751 414 835 315 173 256 177 605 893 358 202 248 182 110 802 607 [1;32m363600 0.58210544062893[0m
1 876 263 584 118 813 794 40 751 414 835 315 173 256 177 605 893 358 202 248 182 491 802 607 [1;32m386400 0.58848604791313[0m
1 876 263 584 118 813 794 40 751 414 835 315 173 256 177 605 893 358 202 248 182 151 802 607 [1;32m656400 0.59609294161212[0m
seed 97
1 876 263 584 118 813 794 40 751 414 835 315 173 256 177 605 893 358 202 248 182 151 802 607 
1000 999 
best 0.59609294161212
[0m
