1 2 3 4 5 6 7 8 9 10 11 12 13 14 15 16 17 18 19 20 21 22 23 24 [1;32m1200 0.040455619570558[0m
1 2 3 4 5 6 7 8 9 10 11 12 13 14 15 16 17 18 19 20 21 22 23 24 [1;32m2400 0.042176735068569[0m
647 2 638 4 5 6 7 8 9 10 11 12 13 14 189 16 387 18 19 20 21 22 23 24 [1;32m6000 0.043332310886814[0m
647 2 638 4 5 6 7 8 9 10 484 12 13 14 189 16 387 44 19 20 21 22 357 24 [1;32m14400 0.052233950641118[0m
647 2 638 4 5 6 7 8 9 843 484 12 13 14 189 16 387 44 19 20 21 22 357 234 [1;32m22800 0.089165984945441[0m
647 2 638 4 670 6 678 157 9 843 191 12 13 14 189 16 387 44 19 20 21 22 357 234 [1;32m25200 0.10650804853726[0m
647 2 638 39 670 6 678 157 9 843 191 12 13 14 189 16 387 44 19 20 21 22 357 234 [1;32m42000 0.11640813199384[0m
647 2 881 39 670 6 678 157 9 843 191 12 13 14 189 16 387 44 19 20 21 22 357 234 [1;32m44400 0.1230150463624[0m
647 2 881 39 670 855 678 157 9 843 191 12 380 14 189 16 387 999 19 20 21 22 357 234 [1;32m130800 0.18096807484188[0m
647 2 881 39 670 855 678 157 33 843 191 12 380 14 871 16 387 999 19 828 21 216 357 234 [1;32m134400 0.18906519365242[0m
647 2 881 39 670 855 678 157 33 843 191 12 380 14 871 37 387 999 19 828 765 909 396 234 [1;32m141600 0.21384921144582[0m
647 2 864 39 670 855 678 157 33 843 191 12 380 14 649 37 387 999 19 987 765 909 396 234 [1;32m196800 0.21659629531569[0m
6 2 864 39 670 855 678 157 33 843 191 12 380 14 649 37 39 999 19 987 765 540 268 234 [1;32m248400 0.22597545480881[0m
6 2 864 39 670 855 678 157 33 843 191 12 380 14 649 37 39 999 19 987 765 540 268 234 [1;32m249600 0.22645580530233[0m
6 2 864 39 670 855 678 157 33 843 191 12 380 14 649 37 39 999 19 987 765 540 268 234 [1;32m250800 0.23337752240253[0m
6 2 864 39 670 855 355 157 33 524 191 321 380 14 649 942 39 999 19 987 765 540 268 234 [1;32m256800 0.24478297595324[0m
6 746 864 39 670 855 355 157 33 524 191 321 380 14 649 942 39 999 19 987 765 540 268 234 [1;32m270000 0.24672105442658[0m
6 43 699 39 670 855 355 732 33 524 191 321 874 14 649 753 39 999 19 987 167 540 268 234 [1;32m273600 0.24700615688346[0m
6 43 855 39 670 855 355 732 950 524 191 71 874 14 526 753 973 999 19 987 167 540 268 234 [1;32m278400 0.26131755532361[0m
6 43 855 39 670 855 355 732 950 524 637 71 874 14 526 753 973 999 19 987 167 540 268 234 [1;32m280800 0.26302739837538[0m
6 43 855 929 670 855 648 732 950 524 637 71 874 14 526 753 973 999 19 131 167 540 268 234 [1;32m330000 0.2660364087541[0m
6 199 855 929 157 855 648 732 950 524 637 71 874 481 618 753 973 999 19 131 949 540 268 234 [1;32m447600 0.39217045790589[0m
6 199 855 929 157 855 184 732 950 524 637 71 314 481 618 753 973 999 19 131 949 540 268 234 [1;32m454800 0.4243972306614[0m
6 199 413 929 157 855 994 732 321 524 637 71 314 481 943 97 587 999 19 131 949 540 268 234 [1;32m494400 0.44174381324705[0m
6 199 413 580 157 855 994 732 321 524 637 71 314 481 943 97 587 999 19 131 102 540 268 234 [1;32m608400 0.44335794798202[0m
6 199 413 909 157 605 994 732 321 524 637 538 314 484 943 97 277 999 19 131 102 540 268 234 [1;32m614400 0.4497041263706[0m
6 199 413 909 157 605 994 732 321 524 637 538 314 484 943 97 277 999 19 131 102 540 268 234 [1;32m615600 0.47209085362516[0m
6 199 413 909 157 726 994 732 321 287 637 538 314 513 943 97 277 999 765 131 102 540 268 234 [1;32m624000 0.48684007415054[0m
6 199 413 732 157 726 994 554 321 287 637 538 314 434 943 97 277 999 765 131 102 597 268 234 [1;32m656400 0.49601232423101[0m
6 199 413 732 157 726 994 554 321 287 637 538 314 434 943 97 277 999 765 891 102 597 268 234 [1;32m670800 0.50280238521888[0m
6 199 413 732 157 726 994 554 321 287 637 538 328 434 943 97 277 999 765 891 102 597 268 234 [1;32m1044000 0.51025868582895[0m
seed 7
6 199 413 732 157 726 994 554 321 287 637 538 328 434 943 97 277 999 765 891 102 597 268 234 
1000 999 
best 0.51025868582895
[0m
