1 2 3 4 5 6 7 8 9 10 11 173 787 14 15 16 17 18 382 377 21 22 23 59 [1;32m4800 0.2609868571068[0m
365 2 760 4 5 6 7 638 9 10 11 291 812 973 15 16 17 18 382 377 21 22 23 59 [1;32m42000 0.36360522791962[0m
365 2 760 4 5 971 725 638 9 10 11 291 812 973 15 16 17 18 382 377 21 22 23 59 [1;32m72000 0.49458771146253[0m
365 2 760 4 5 971 725 638 9 10 11 291 812 973 15 16 17 18 382 377 21 22 23 59 [1;32m73200 0.49538710540251[0m
365 2 760 4 5 971 725 638 9 10 11 291 812 973 15 16 17 18 382 377 21 22 23 59 [1;32m74400 0.49542350808672[0m
365 2 760 4 5 70 725 638 9 10 11 291 812 973 15 16 17 18 382 901 21 22 23 59 [1;32m922800 0.49542670739861[0m
seed 98
365 2 760 4 5 70 725 638 9 10 11 291 812 973 15 16 17 18 382 901 21 22 23 59 
1000 999 
best 0.49542670739861
[0m
