1 2 3 4 5 6 7 8 9 10 11 12 13 14 15 16 17 18 19 20 21 22 23 24  [1;32 1200 0.2198587069921 [0 
1 2 3 105 5 6 7 8 81 10 11 12 13 14 15 16 17 18 19 20 21 22 23 24  [1;32 285600 0.44185493710645 [0 
1 2 3 105 5 6 7 8 81 693 11 12 13 508 15 16 116 18 19 20 21 22 23 24  [1;32 298800 0.44484762021047 [0 
1 2 467 105 5 6 7 8 81 693 497 12 13 508 15 911 116 18 19 20 21 22 23 24  [1;32 394800 0.44649261991683 [0 
1 2 467 105 5 6 7 978 81 693 497 12 13 508 221 911 588 18 19 20 21 22 23 24  [1;32 610800 0.44723871028074 [0 
seed 35
1 2 467 105 5 6 7 978 81 693 497 12 13 508 221 911 588 18 19 20 21 22 23 24 
1000 999 
best 0.44723871028074
 [0 
