1 2 3 4 5 6 7 8 9 10 11 12 13 14 15 16 17 18 19 20 21 22 23 24 [1;32m1200 0.032363845413242[0m
1 2 3 378 5 6 7 7 9 10 11 12 44 14 15 16 17 18 746 20 21 22 23 24 [1;32m4800 0.033507013547304[0m
1 2 3 378 5 6 7 7 9 10 11 12 44 14 15 16 17 18 746 20 21 22 23 24 [1;32m6000 0.036060704265942[0m
1 2 3 378 5 6 7 7 9 10 11 12 44 14 196 16 606 18 746 20 21 22 23 901 [1;32m18000 0.042691997446444[0m
878 2 3 378 5 6 7 7 9 10 11 12 167 14 196 16 606 18 746 20 21 22 23 901 [1;32m24000 0.057752502149213[0m
878 2 3 378 5 853 509 7 9 10 11 12 167 14 196 16 606 18 746 153 21 22 215 901 [1;32m33600 0.065225664692541[0m
878 2 3 378 5 853 509 7 9 10 11 12 167 14 196 16 606 18 746 153 21 22 215 901 [1;32m34800 0.087529482389489[0m
878 2 3 319 5 853 509 7 578 10 11 453 167 14 196 16 606 18 746 399 822 22 215 901 [1;32m38400 0.10322609477714[0m
878 2 833 319 65 853 509 7 561 10 11 453 167 14 196 16 606 18 746 399 555 360 215 901 [1;32m67200 0.12223707986274[0m
878 2 833 319 65 853 509 7 561 10 11 453 167 14 196 16 606 18 746 399 555 360 215 901 [1;32m68400 0.12617455457334[0m
878 2 833 319 65 853 509 849 561 10 11 453 167 14 196 16 606 18 746 399 555 999 215 901 [1;32m72000 0.13868006093919[0m
152 2 833 319 65 853 509 849 561 10 680 453 167 14 280 16 606 18 746 399 555 999 215 901 [1;32m76800 0.1451359422091[0m
132 2 248 319 65 853 509 849 215 560 680 453 167 14 280 16 606 18 994 399 555 999 215 901 [1;32m82800 0.14971413470383[0m
132 2 248 319 65 853 509 849 215 560 680 453 167 14 280 16 606 18 994 399 555 999 215 901 [1;32m84000 0.16477679407235[0m
132 2 248 319 65 853 509 849 215 560 518 674 167 14 280 16 606 18 994 399 126 999 215 16 [1;32m93600 0.19568195984033[0m
406 2 248 319 65 853 509 416 215 560 518 674 167 14 280 16 321 18 994 399 126 999 215 16 [1;32m132000 0.21137676425418[0m
406 2 248 319 65 853 509 416 215 560 518 674 167 14 280 16 321 18 994 399 126 999 215 16 [1;32m133200 0.21549813244145[0m
406 2 248 319 65 853 509 416 215 560 518 674 167 14 280 16 321 18 994 399 126 999 215 16 [1;32m134400 0.21631755363933[0m
406 137 248 319 65 853 509 416 215 729 518 674 167 14 280 16 321 18 994 399 126 999 215 16 [1;32m136800 0.22294783325923[0m
406 137 248 319 65 853 509 416 215 729 518 674 167 14 280 16 321 18 994 399 126 999 215 16 [1;32m138000 0.23696444109843[0m
406 137 248 65 65 853 509 416 791 729 518 674 167 14 280 16 321 711 608 399 126 99 215 16 [1;32m145200 0.25054375857427[0m
406 9 248 65 264 853 509 416 791 729 518 674 167 14 280 967 321 711 608 399 563 99 215 16 [1;32m151200 0.25531625172901[0m
406 295 248 65 264 853 509 954 791 729 518 315 626 14 280 967 321 711 608 399 563 99 215 16 [1;32m159600 0.27619063790722[0m
406 295 248 65 264 853 509 953 791 729 518 315 626 14 280 967 321 711 608 399 563 99 215 16 [1;32m176400 0.29817939827658[0m
406 295 248 65 264 853 509 200 791 729 518 315 626 14 280 967 321 711 608 399 563 99 215 16 [1;32m190800 0.39119610581733[0m
406 295 248 182 264 853 382 200 791 729 518 315 626 14 280 967 321 711 608 399 563 99 215 16 [1;32m198000 0.47895143871974[0m
406 1000 248 741 264 853 382 200 791 729 518 315 626 14 80 967 321 711 608 399 563 99 215 16 [1;32m200400 0.61229759995776[0m
406 1000 248 741 264 853 382 200 171 737 518 692 724 54 80 967 321 711 608 43 563 99 215 16 [1;32m225600 0.63246790942276[0m
406 1000 248 741 264 853 382 200 171 737 321 692 724 54 80 967 747 711 608 43 563 99 215 16 [1;32m328800 0.6671389404122[0m
406 1000 59 741 264 853 382 200 171 679 321 692 724 54 80 967 747 711 608 43 563 99 215 16 [1;32m864000 0.69952421657479[0m
406 942 59 874 117 853 382 200 171 579 321 692 302 54 80 967 747 711 608 43 563 99 215 443 [1;32m876000 0.70900091151216[0m
406 942 59 874 117 821 382 200 171 579 150 692 132 54 80 967 828 711 608 43 775 99 215 443 [1;32m926400 0.74927387509667[0m
406 942 59 874 117 821 382 200 171 579 150 692 132 216 80 967 828 711 608 261 775 99 215 443 [1;32m1048800 0.78627351509354[0m
406 942 59 712 117 821 382 200 171 579 150 692 132 216 80 967 828 711 608 261 996 99 215 796 [1;32m1088400 0.82225030767289[0m
406 942 59 712 117 821 382 200 171 579 150 692 132 216 80 967 828 711 608 261 165 99 215 796 [1;32m1274400 0.85088770845092[0m
406 942 59 712 117 821 382 200 171 579 150 692 132 216 80 967 828 711 608 261 165 99 215 833 [1;32m1299600 0.87439421798869[0m
seed 91
406 942 59 712 117 821 382 200 171 579 150 692 132 216 80 967 828 711 608 261 165 99 215 833 
1000 999 
best 0.87439421798869
[0m
