1 2 3 4 5 6 7 8 9 10 11 12 13 14 15 16 17 18 19 20 21 22 23 24 [1;32m1200 0.029086854401129[0m
1 604 3 4 5 6 7 8 9 344 11 12 13 14 15 16 17 18 19 20 21 22 23 24 [1;32m3600 0.049963795088813[0m
1 604 3 4 5 6 7 8 9 344 11 12 13 14 15 16 17 18 19 20 21 22 23 24 [1;32m4800 0.11911875064825[0m
1 604 3 4 5 6 7 431 9 344 11 12 471 14 15 16 92 256 19 20 21 22 23 24 [1;32m27600 0.13885907558645[0m
1 604 3 22 212 6 7 431 9 344 11 12 471 14 15 16 535 256 19 20 21 22 23 24 [1;32m67200 0.16926374598034[0m
1 604 3 353 212 6 7 431 9 344 11 12 471 14 15 16 297 256 19 20 21 22 23 24 [1;32m102000 0.17695814812811[0m
1 604 3 353 212 6 7 431 9 344 11 689 471 14 15 16 297 256 19 20 21 22 23 24 [1;32m138000 0.17793349326146[0m
1 604 3 353 212 6 7 431 9 280 11 689 471 14 15 16 297 256 648 20 21 22 23 24 [1;32m462000 0.19155161531292[0m
1 604 3 353 212 6 7 431 9 280 11 689 471 14 15 16 297 885 648 20 21 22 23 24 [1;32m541200 0.20258617473178[0m
1 381 212 353 212 6 7 765 9 518 11 689 471 14 15 16 297 885 648 20 21 22 23 24 [1;32m1084800 0.20807940966189[0m
seed 89
1 381 212 353 212 6 7 765 9 518 11 689 471 14 15 16 297 885 648 20 21 22 23 24 
1000 999 
best 0.20807940966189
[0m
