1 2 3 4 5 6 7 8 9 10 11 12 13 14 15 16 17 18 19 20 21 22 23 24  [1;32 1200 0.10064217540822 [0 
1 2 3 4 5 6 7 8 9 10 11 12 13 14 15 16 17 18 19 20 21 22 23 24  [1;32 2400 0.11218006664604 [0 
1 2 3 4 5 6 7 8 9 10 11 12 13 14 15 16 17 18 19 20 21 22 23 24  [1;32 3600 0.1161799050465 [0 
1 2 3 4 5 6 7 8 9 10 11 12 13 14 15 16 17 18 19 20 21 22 23 24  [1;32 4800 0.12154684127266 [0 
1 2 3 4 5 6 7 8 9 10 11 12 13 14 15 16 17 18 19 20 21 31 23 24  [1;32 37200 0.12654690385185 [0 
1 2 3 4 161 6 7 8 24 10 11 12 13 767 15 16 17 18 19 756 21 31 23 24  [1;32 48000 0.12759177095525 [0 
1 2 3 4 161 6 7 8 24 10 11 12 13 767 15 16 17 18 19 756 21 31 23 24  [1;32 49200 0.14614463351289 [0 
1 2 140 4 161 6 7 8 24 343 11 12 13 767 15 16 17 18 19 756 21 31 977 24  [1;32 60000 0.17008723012126 [0 
1 2 140 4 161 6 7 8 24 343 11 12 368 767 15 16 17 18 650 957 21 31 977 24  [1;32 152400 0.17268812551235 [0 
1 2 140 4 161 6 7 8 900 212 197 12 368 767 15 16 17 643 283 165 21 31 977 24  [1;32 168000 0.20221287270202 [0 
1 2 140 4 161 6 7 553 900 212 197 12 368 268 671 16 610 61 283 165 21 31 977 315  [1;32 390000 0.28568800164454 [0 
1 2 140 4 161 6 7 553 900 212 197 12 368 268 671 16 610 334 283 673 885 31 977 315  [1;32 412800 0.28611792678685 [0 
1 2 140 4 161 6 7 553 900 212 197 12 368 268 671 16 610 334 283 673 885 31 977 315  [1;32 414000 0.43012626297622 [0 
1 2 140 4 161 6 7 553 900 212 197 12 368 268 671 16 610 334 283 673 885 31 977 315  [1;32 415200 0.50015982566672 [0 
453 2 140 4 889 6 732 553 900 212 197 12 345 268 671 16 561 746 283 673 885 31 977 315  [1;32 639600 0.50943598632843 [0 
453 2 696 4 889 6 732 553 900 212 197 12 345 268 671 16 561 746 283 673 885 31 977 315  [1;32 782400 0.52029535490389 [0 
419 2 696 684 889 6 732 553 900 212 197 12 345 268 671 382 561 746 283 673 885 31 977 315  [1;32 927600 0.53110641240237 [0 
419 615 428 684 889 6 732 553 900 212 197 12 345 268 671 382 561 746 283 673 885 31 977 315  [1;32 969600 0.54816471114795 [0 
419 76 428 684 889 6 732 553 900 212 191 12 345 268 671 382 561 746 283 673 885 31 339 331  [1;32 981600 0.56492703005322 [0 
419 76 428 684 889 6 732 553 231 212 191 12 345 268 671 382 561 746 283 673 885 31 339 331  [1;32 1093200 0.5859183235227 [0 
419 76 428 684 889 6 732 8 231 212 191 12 345 268 643 382 54 746 283 673 885 31 339 331  [1;32 1113600 0.59610713314492 [0 
seed 41
419 76 428 684 889 6 732 8 231 212 191 12 345 268 643 382 54 746 283 673 885 31 339 331 
1000 999 
best 0.59610713314492
 [0 
