1 435 3 4 5 6 7 580 943 557 11 12 13 14 15 16 17 18 442 20 21 506 23 24 [1;32m399600 0.0070355567025389[0m
438 435 3 4 5 6 65 580 943 676 956 12 13 14 15 16 17 18 642 20 21 506 23 550 [1;32m448800 0.0070636285750186[0m
438 435 3 4 5 550 594 580 943 676 764 12 13 14 15 16 17 18 642 20 21 506 23 550 [1;32m525600 0.0072516762485783[0m
438 435 3 4 5 550 594 580 247 676 764 12 13 14 15 16 17 18 642 20 21 506 23 550 [1;32m558000 0.0072819663506069[0m
438 435 3 4 5 550 594 580 230 676 764 12 13 14 407 16 17 18 642 20 21 506 23 550 [1;32m590400 0.0072950677669893[0m
438 435 3 4 742 550 594 580 230 676 764 12 13 14 407 16 17 18 642 20 21 506 23 550 [1;32m646800 0.0073145557908184[0m
438 435 3 4 742 550 594 580 127 908 764 12 163 14 407 16 17 18 642 20 21 506 23 326 [1;32m678000 0.0094131678519715[0m
438 435 3 4 742 550 594 580 69 908 764 885 108 14 407 484 17 18 642 20 21 506 23 326 [1;32m693600 0.0098491879902059[0m
seed 60
438 435 3 4 742 550 594 580 69 908 764 885 108 14 407 484 17 18 642 20 21 506 23 326 
1000 999 
best 0.0098491879902059
[0m
