1 2 3 4 5 6 7 8 9 10 11 12 13 14 15 16 17 18 19 20 21 22 23 24 [1;32m1200 0.16205673485353[0m
1 2 3 4 5 6 7 8 9 10 11 12 13 14 15 16 17 18 19 20 21 22 23 24 [1;32m2400 0.19360001170477[0m
1 2 3 4 793 862 854 8 9 254 11 12 13 14 15 517 17 18 19 20 21 22 23 24 [1;32m48000 0.19891071581031[0m
1 2 544 4 793 862 854 8 9 254 41 12 13 14 15 342 17 18 19 20 21 22 23 597 [1;32m58800 0.21996156525561[0m
1 326 544 169 793 862 854 537 9 254 41 12 13 14 15 342 17 18 19 20 21 22 23 597 [1;32m66000 0.22376219712688[0m
748 326 544 169 793 698 854 537 9 254 471 12 13 30 15 342 17 18 19 20 21 22 780 597 [1;32m90000 0.22620218461386[0m
748 326 544 169 49 816 854 537 9 340 471 12 13 30 15 342 17 18 19 20 521 401 780 597 [1;32m124800 0.24864799817337[0m
748 326 544 169 49 816 362 537 9 340 471 12 13 30 549 342 17 18 19 20 433 258 780 597 [1;32m182400 0.25598697914677[0m
748 326 544 169 49 816 362 738 9 340 802 12 13 30 549 342 17 18 19 20 716 258 780 597 [1;32m236400 0.3462980704256[0m
seed 63
748 326 544 169 49 816 362 738 9 340 802 12 13 30 549 342 17 18 19 20 716 258 780 597 
1000 999 
best 0.3462980704256
[0m
