1 2 3 4 5 6 7 981 9 10 11 12 13 14 960 16 755 18 196 20 21 22 23 24  [1;32 36000 0.43218521989662 [0 
1 2 3 4 5 6 7 981 9 10 11 12 13 14 960 16 755 18 196 20 21 22 23 24  [1;32 37200 0.44773242070579 [0 
1 2 3 4 5 6 7 981 434 10 913 12 13 14 960 16 755 638 196 20 21 22 23 118  [1;32 40800 0.4600639831416 [0 
1 2 3 4 5 6 7 981 434 10 913 12 13 14 960 16 755 638 196 20 21 22 23 118  [1;32 42000 0.46295299415767 [0 
1 2 3 4 5 6 7 981 434 10 913 12 13 14 960 16 755 638 196 20 21 22 23 118  [1;32 43200 0.48007259910675 [0 
1 2 3 4 5 6 7 981 434 10 913 12 13 14 960 16 755 638 196 20 21 22 23 118  [1;32 44400 0.48679328674398 [0 
1 2 3 4 5 6 7 981 434 10 913 12 13 14 960 16 755 638 196 20 21 22 23 118  [1;32 45600 0.48980090951026 [0 
1 2 3 4 5 6 7 981 434 10 913 12 13 14 960 16 755 638 196 20 21 22 23 118  [1;32 46800 0.49517095248155 [0 
1 2 3 4 5 6 7 981 434 10 913 12 13 14 960 16 755 638 196 20 21 22 23 118  [1;32 48000 0.49517986743953 [0 
1 2 3 4 5 6 736 981 730 10 44 940 13 14 960 16 508 638 196 966 21 22 23 118  [1;32 90000 0.68458519822937 [0 
1 2 3 4 5 6 736 981 730 10 44 328 13 14 960 16 508 638 196 966 668 22 23 118  [1;32 100800 0.75365793451808 [0 
1 2 3 945 5 6 736 981 827 10 44 328 13 14 960 16 508 638 196 966 668 580 23 118  [1;32 132000 0.81260007392432 [0 
1 2 3 945 5 6 736 981 827 10 44 328 13 14 960 16 508 638 196 966 301 580 715 118  [1;32 135600 0.87667635393022 [0 
1 2 3 945 441 6 736 981 827 10 597 328 13 14 960 16 508 638 196 966 72 580 715 118  [1;32 194400 0.89917526241341 [0 
1 2 322 945 441 6 736 981 827 10 803 328 13 14 579 16 508 638 196 966 72 580 715 118  [1;32 1018800 0.89918793854429 [0 
seed 89
1 2 322 945 441 6 736 981 827 10 803 328 13 14 579 16 508 638 196 966 72 580 715 118 
1000 999 
best 0.89918793854429
 [0 
