1 2 3 4 5 6 7 8 9 10 11 12 13 14 15 16 17 18 19 20 21 22 23 24  [1;32 1200 0.026421249184984 [0 
1 2 3 4 5 6 7 8 9 10 11 12 13 14 15 16 17 18 19 20 21 22 23 24  [1;32 2400 0.12011685626594 [0 
1 2 3 4 347 6 7 8 9 10 345 12 13 14 15 16 17 18 19 20 21 22 23 521  [1;32 4800 0.20197270468412 [0 
1 2 3 4 347 6 7 8 9 10 345 12 13 14 928 489 598 18 19 20 153 22 23 521  [1;32 10800 0.24150371457028 [0 
529 2 3 4 347 6 741 8 62 10 345 12 13 968 928 489 598 18 19 20 157 22 23 521  [1;32 14400 0.41016307494098 [0 
529 2 3 4 347 6 741 8 62 10 345 12 13 968 928 489 598 18 19 20 157 22 23 521  [1;32 15600 0.45214104522401 [0 
529 2 3 4 347 166 741 8 62 108 345 12 13 968 928 489 598 18 19 988 157 22 110 521  [1;32 33600 0.47157222235984 [0 
529 2 3 4 142 996 741 8 62 108 345 12 13 968 928 489 598 18 19 988 157 22 110 521  [1;32 42000 0.47301956352459 [0 
529 2 3 4 142 996 741 246 62 108 345 12 13 968 928 489 598 971 19 988 843 22 999 37  [1;32 50400 0.47590117128954 [0 
529 2 3 4 142 996 741 90 62 108 345 12 260 626 65 682 598 971 19 988 843 22 999 37  [1;32 90000 0.50501706673824 [0 
529 2 3 4 142 996 741 90 62 108 345 12 260 626 65 682 598 971 19 988 843 22 999 37  [1;32 91200 0.50612154155186 [0 
529 2 3 4 142 996 741 90 62 108 345 12 260 626 65 682 598 971 19 988 843 22 999 37  [1;32 92400 0.54560196949059 [0 
529 2 3 582 142 996 741 90 920 108 345 12 260 626 65 682 598 324 19 988 843 22 999 37  [1;32 128400 0.58520576192958 [0 
529 2 18 582 142 608 741 90 920 108 382 12 260 587 661 682 598 324 19 988 843 22 999 37  [1;32 146400 0.60771257243706 [0 
529 2 213 582 142 608 741 90 920 108 382 12 260 587 661 682 598 324 19 988 843 22 999 37  [1;32 188400 0.61232520868662 [0 
529 971 213 582 142 608 741 90 920 108 206 12 260 587 661 682 598 117 19 988 843 22 999 37  [1;32 472800 0.638772384517 [0 
529 971 734 582 142 608 741 90 920 108 206 12 260 587 661 682 598 117 19 988 843 22 617 37  [1;32 787200 0.64639930008295 [0 
529 971 734 582 142 608 741 90 813 108 206 12 260 587 661 682 598 117 19 988 843 22 617 37  [1;32 1136400 0.65235975971967 [0 
seed 4
529 971 734 582 142 608 741 90 813 108 206 12 260 587 661 682 598 117 19 988 843 22 617 37 
1000 999 
best 0.65235975971967
 [0 
