1 2 3 4 5 6 7 8 9 10 11 12 13 14 15 16 17 18 19 20 21 22 23 24  [1;32 1200 0.32943646591587 [0 
1 2 3 4 5 6 7 8 9 10 11 12 13 14 15 16 17 18 19 20 21 22 23 24  [1;32 2400 0.39061614890795 [0 
1 2 3 4 5 6 7 8 9 10 429 12 13 14 15 16 17 18 19 20 21 22 23 24  [1;32 4800 0.40151146004198 [0 
1 2 3 4 5 6 7 8 9 10 429 12 13 14 15 16 17 18 19 20 21 22 23 24  [1;32 6000 0.43132770791636 [0 
1 2 3 4 5 6 159 8 9 10 429 12 13 14 15 334 17 18 19 20 21 22 23 24  [1;32 13200 0.43279518483443 [0 
1 2 3 4 600 6 159 8 9 10 429 116 13 14 15 334 17 18 19 181 21 22 23 24  [1;32 20400 0.44616340598817 [0 
1 2 679 4 861 6 159 8 9 10 429 116 13 14 15 334 17 18 19 719 21 22 23 24  [1;32 27600 0.4567726116899 [0 
1 2 679 4 861 6 159 8 72 10 429 116 13 990 693 334 17 18 847 719 570 22 23 24  [1;32 33600 0.46218185737805 [0 
1 2 679 4 711 6 45 8 72 10 429 116 13 825 693 334 17 18 847 719 570 22 23 24  [1;32 38400 0.47783616594481 [0 
1 648 679 4 711 6 45 8 72 10 429 116 13 825 693 334 17 18 193 719 570 22 23 24  [1;32 78000 0.48432694890824 [0 
1 648 679 4 711 6 45 8 26 10 429 116 13 825 693 334 17 18 193 719 570 874 23 24  [1;32 80400 0.48698547794332 [0 
1 648 679 4 711 6 45 8 26 10 429 116 13 825 693 334 17 818 193 719 570 874 23 24  [1;32 318000 0.50099940452949 [0 
1 648 679 4 711 6 45 630 26 10 429 116 13 942 693 334 17 818 193 719 570 874 23 24  [1;32 400800 0.51925255934453 [0 
1 648 679 4 711 6 45 630 26 10 429 116 13 942 693 334 17 818 193 719 570 874 23 24  [1;32 402000 0.55649294725251 [0 
1 648 679 4 711 6 45 630 26 10 429 116 13 942 693 334 17 818 193 719 570 874 23 588  [1;32 446400 0.57160920974183 [0 
1 648 679 4 711 6 45 630 26 10 429 116 13 942 693 334 17 818 193 63 148 874 23 588  [1;32 1065600 0.57441682068995 [0 
1 648 679 4 711 6 45 630 26 10 429 116 13 942 693 334 17 111 193 63 80 874 23 588  [1;32 1075200 0.57913746777698 [0 
1 648 679 4 600 6 45 630 26 10 429 116 711 942 693 334 17 111 193 63 741 644 23 588  [1;32 1168800 0.57963155328121 [0 
1 648 679 803 600 6 45 630 26 10 429 116 711 942 472 334 17 111 193 63 838 644 23 588  [1;32 1286400 0.58523850199331 [0 
1 648 679 803 600 6 45 630 495 10 429 116 711 942 472 551 17 111 193 63 838 644 23 588  [1;32 1351200 0.59529346664185 [0 
seed 53
1 648 679 803 600 6 45 630 495 10 429 116 711 942 472 551 17 111 193 63 838 644 23 588 
1000 999 
best 0.59529346664185
 [0 
