1 2 3 4 5 6 7 8 9 10 11 12 13 14 15 16 17 18 19 20 21 22 23 24 [1;32m1200 0.00082539931038637[0m
1 2 3 4 5 895 7 8 9 955 11 12 13 14 15 16 17 18 19 20 21 22 23 24 [1;32m88800 0.030363237032942[0m
1 2 264 4 5 895 7 8 9 955 11 12 13 14 15 16 17 18 19 20 586 22 23 24 [1;32m105600 0.047548818209321[0m
1 2 264 4 5 895 472 8 320 955 11 12 111 14 410 16 17 18 19 20 509 581 23 24 [1;32m117600 0.13480303700267[0m
1 2 264 218 5 895 472 8 320 955 614 12 111 14 410 16 128 18 223 540 509 581 23 24 [1;32m270000 0.35895391006249[0m
1 2 264 218 5 895 472 8 320 955 614 12 319 14 410 16 968 18 223 540 509 581 23 24 [1;32m313200 0.45087637805793[0m
seed 35
1 2 264 218 5 895 472 8 320 955 614 12 319 14 410 16 968 18 223 540 509 581 23 24 
1000 999 
best 0.45087637805793
[0m
