1 2 3 4 5 6 7 8 9 10 11 12 13 14 15 16 17 18 19 20 21 22 23 24  [1;32 1200 0.006605210495396 [0 
1 2 3 47 5 6 7 8 9 10 11 12 13 14 15 16 17 18 19 20 21 22 23 24  [1;32 9600 0.024242197318744 [0 
1 2 3 47 5 6 140 1000 698 10 11 12 13 14 15 454 17 490 19 20 21 22 23 24  [1;32 51600 0.095751796697095 [0 
1 2 3 47 5 6 140 1000 698 10 11 12 13 14 15 454 17 490 19 20 21 22 23 24  [1;32 52800 0.39949267140341 [0 
1 2 3 47 5 6 140 1000 698 10 11 12 13 14 15 454 17 490 19 20 21 22 23 24  [1;32 54000 0.50238282784817 [0 
1 2 3 47 319 6 140 1000 698 10 11 12 13 14 15 454 17 490 19 20 21 22 23 24  [1;32 112800 0.57087526803043 [0 
1 2 3 47 319 6 140 1000 698 10 11 12 13 14 15 454 17 118 19 777 21 22 23 24  [1;32 118800 0.66187025452028 [0 
1 695 3 47 319 6 140 1000 698 10 834 12 13 959 15 454 17 118 19 777 484 22 522 24  [1;32 195600 0.83174852445979 [0 
1 695 3 302 319 6 140 1000 698 10 834 12 195 942 15 454 735 118 19 398 484 22 522 24  [1;32 934800 0.84451692880735 [0 
1 695 3 302 319 6 140 1000 698 10 834 12 195 942 15 454 735 118 19 398 484 22 522 24  [1;32 936000 0.84934312506577 [0 
1 695 3 302 319 6 140 1000 698 10 834 12 195 942 15 238 735 118 19 398 484 344 522 24  [1;32 938400 0.87529713803489 [0 
1 695 3 302 319 6 140 1000 698 10 834 12 195 942 15 238 735 118 19 398 484 292 522 24  [1;32 940800 0.87632965350356 [0 
1 386 472 302 319 6 140 1000 698 10 834 12 195 942 15 238 735 118 19 398 484 292 522 24  [1;32 958800 0.87653856292848 [0 
1 349 472 302 319 6 140 1000 698 910 834 12 379 942 15 238 735 118 19 398 484 292 522 24  [1;32 970800 0.87656587064709 [0 
678 349 472 302 319 345 140 1000 698 910 182 12 379 942 15 729 735 118 19 398 484 292 522 24  [1;32 975600 0.87824089187376 [0 
678 349 472 302 319 345 140 1000 616 910 182 12 379 942 15 729 390 118 19 398 66 292 522 24  [1;32 1063200 0.87831948683218 [0 
678 349 525 302 71 345 140 1000 839 910 182 12 379 942 15 729 584 52 19 398 66 292 522 24  [1;32 1087200 0.87850987371185 [0 
678 349 525 302 71 953 140 1000 888 910 182 12 379 942 15 729 584 52 19 398 66 292 522 24  [1;32 1243200 0.8803721885938 [0 
seed 56
678 349 525 302 71 953 140 1000 888 910 182 12 379 942 15 729 584 52 19 398 66 292 522 24 
1000 999 
best 0.8803721885938
 [0 
