1 2 3 4 5 6 7 8 9 10 11 12 13 14 15 16 17 18 19 20 21 22 23 24  [1;32 1200 0.18078006940684 [0 
604 2 3 581 5 6 7 8 446 10 949 12 13 14 15 16 17 18 19 20 21 22 23 86  [1;32 7200 0.18134441370568 [0 
224 2 3 581 5 910 7 8 446 10 949 103 938 14 15 936 17 18 19 20 21 22 23 86  [1;32 9600 0.20615254478253 [0 
224 2 3 581 5 910 7 8 446 10 949 103 938 14 15 936 17 18 19 20 21 22 23 86  [1;32 10800 0.25014219528138 [0 
224 2 3 581 5 910 7 8 20 10 949 103 938 14 15 936 17 821 19 20 21 22 23 86  [1;32 13200 0.3030064234298 [0 
224 2 3 581 5 910 7 8 20 10 949 103 663 14 468 936 141 821 19 141 730 22 23 86  [1;32 37200 0.32001515076636 [0 
123 2 3 581 5 910 7 8 412 10 847 103 663 632 468 936 141 821 19 141 787 22 23 86  [1;32 72000 0.41483181607599 [0 
123 2 3 581 5 442 7 8 412 10 847 103 663 632 468 936 141 821 19 141 787 22 23 86  [1;32 87600 0.54598595055834 [0 
123 2 3 581 5 442 7 8 412 10 847 103 663 632 468 936 141 821 19 564 787 22 23 86  [1;32 110400 0.73136188757124 [0 
123 2 3 581 5 442 7 8 412 383 386 103 663 632 468 936 838 821 19 564 787 22 127 86  [1;32 398400 0.84019069319609 [0 
seed 83
123 2 3 581 5 442 7 8 412 383 386 103 663 632 468 936 838 821 19 564 787 22 127 86 
1000 999 
best 0.84019069319609
 [0 
