1 2 3 4 5 6 7 8 9 10 11 12 13 14 15 16 17 18 19 20 21 22 23 24 [1;32m1200 0.52751218819917[0m
1 2 3 4 5 6 7 8 9 10 11 885 672 14 15 16 17 18 19 20 21 22 916 24 [1;32m706800 0.6207304111558[0m
1 2 3 4 5 6 7 8 9 10 11 885 672 14 15 16 17 18 19 20 21 22 916 24 [1;32m708000 0.63944648912418[0m
1 2 3 4 5 6 7 8 9 10 11 885 672 14 15 16 17 18 19 20 21 22 916 24 [1;32m709200 0.64618759817709[0m
1 2 844 4 5 6 7 8 9 236 11 589 21 14 15 16 17 18 19 20 21 22 916 24 [1;32m714000 0.79739466742416[0m
1 2 844 4 519 274 7 8 9 236 11 589 21 480 15 16 17 18 19 20 21 22 916 24 [1;32m716400 0.82805484340996[0m
1 2 844 4 519 274 7 8 9 236 11 589 21 480 300 16 17 18 19 20 21 22 916 24 [1;32m772800 0.82985882404489[0m
1 2 844 4 519 274 7 8 9 236 11 589 21 480 300 16 17 18 19 101 407 29 916 24 [1;32m841200 0.83670565476461[0m
949 2 844 4 519 274 7 8 942 236 520 745 21 480 300 605 470 18 19 101 407 29 916 24 [1;32m843600 0.86582600523394[0m
949 2 844 4 519 274 7 8 942 236 520 745 21 480 300 605 470 18 19 101 407 29 916 291 [1;32m846000 0.86837371544417[0m
949 2 844 4 373 274 7 8 942 236 520 745 21 480 300 605 470 18 19 101 541 29 916 291 [1;32m876000 0.87384942444023[0m
949 2 844 909 373 274 7 8 942 236 520 745 21 480 300 605 470 18 19 101 541 29 916 291 [1;32m900000 0.87452665389761[0m
949 2 844 930 373 274 7 8 942 236 520 745 780 480 300 605 470 18 19 101 541 29 916 291 [1;32m1012800 0.87502146233896[0m
949 2 844 930 373 274 7 8 942 236 520 745 780 480 300 938 470 955 19 101 541 29 916 291 [1;32m1034400 0.87847295367075[0m
949 2 844 930 373 274 7 8 942 236 520 745 909 480 300 938 470 955 19 101 541 29 916 291 [1;32m1040400 0.89036053607725[0m
949 2 844 930 28 383 7 8 616 236 520 745 909 480 300 938 470 955 379 101 541 29 916 291 [1;32m1118400 0.89245357266607[0m
949 2 844 930 28 383 7 8 616 236 520 745 387 480 300 938 470 217 451 101 541 29 916 291 [1;32m1238400 0.89276883356877[0m
949 2 844 930 881 383 639 8 616 236 131 745 387 480 300 938 829 564 451 101 541 29 916 291 [1;32m1298400 0.89353702059862[0m
949 2 844 930 881 383 474 8 616 236 131 745 387 480 429 938 829 564 451 101 541 29 916 115 [1;32m1400400 0.8956907562156[0m
seed 45
949 2 844 930 881 383 474 8 616 236 131 745 387 480 429 938 829 564 451 101 541 29 916 115 
1000 999 
best 0.8956907562156
[0m
