1 2 3 4 5 6 7 8 9 10 11 12 13 14 15 16 17 18 19 20 21 22 23 24  [1;32 1200 0.00082539931038637 [0 
1 2 3 4 800 751 7 8 9 10 11 12 13 732 709 16 17 18 19 20 21 22 23 902  [1;32 54000 0.00082563914835546 [0 
1 2 3 272 800 751 7 8 9 10 11 12 13 732 709 16 17 18 19 20 21 22 23 902  [1;32 62400 0.30487868202096 [0 
1 317 3 512 800 143 7 8 9 10 11 12 13 732 709 16 400 18 19 20 986 22 689 902  [1;32 142800 0.41477927716521 [0 
1 317 3 512 800 143 7 8 9 10 11 12 13 732 709 625 400 18 19 20 986 22 689 902  [1;32 286800 0.42166890230196 [0 
1 317 3 512 800 143 7 952 617 10 204 12 13 732 709 625 400 18 19 20 986 493 689 902  [1;32 350400 0.42900429266662 [0 
1 317 659 512 800 143 7 952 617 10 17 288 13 732 709 625 400 18 19 20 986 493 855 902  [1;32 416400 0.44366879876693 [0 
1 317 659 512 800 143 7 952 617 10 17 288 13 732 709 625 901 18 19 20 986 493 855 902  [1;32 1280400 0.44376030784324 [0 
seed 56
1 317 659 512 800 143 7 952 617 10 17 288 13 732 709 625 901 18 19 20 986 493 855 902 
1000 999 
best 0.44376030784324
 [0 
