1 2 3 4 5 6 7 8 9 10 11 12 13 14 15 16 17 18 19 20 21 22 23 24  [1;32 1200 0.16843835288605 [0 
1 2 3 4 5 6 7 281 9 10 11 12 13 14 168 16 17 18 19 20 21 368 190 24  [1;32 4800 0.24772497550374 [0 
1 2 3 4 5 6 7 92 9 10 11 12 13 14 456 16 17 18 19 728 21 368 190 24  [1;32 14400 0.39627213892663 [0 
969 2 3 4 5 6 7 92 9 10 11 12 13 14 456 16 17 18 19 728 21 368 190 24  [1;32 27600 0.4716309898664 [0 
969 2 3 881 5 6 7 92 9 10 11 12 13 14 456 16 17 18 19 622 21 368 190 711  [1;32 38400 0.54598844956277 [0 
969 2 3 576 811 6 7 92 9 10 11 12 13 14 456 16 17 18 19 53 21 368 190 711  [1;32 94800 0.71707090719838 [0 
847 2 3 576 349 6 7 92 9 10 11 802 13 14 456 16 17 18 19 53 236 368 190 711  [1;32 150000 0.83674236730328 [0 
847 2 339 576 349 6 7 92 9 10 185 802 13 707 456 16 17 18 19 53 236 368 190 711  [1;32 230400 0.85800571323354 [0 
847 2 339 576 349 6 7 92 9 10 185 802 13 707 456 16 17 18 19 53 236 368 190 711  [1;32 231600 0.85896711440131 [0 
seed 11
847 2 339 576 349 6 7 92 9 10 185 802 13 707 456 16 17 18 19 53 236 368 190 711 
1000 999 
best 0.85896711440131
 [0 
