1 2 3 4 5 6 7 8 9 10 11 12 13 14 15 16 17 18 19 20 21 22 23 24  [1;32 1200 0.14958575565189 [0 
1 2 5 4 5 6 7 8 505 10 240 12 13 14 15 16 17 18 19 20 21 22 38 24  [1;32 6000 0.3699148142941 [0 
1 2 5 4 5 6 7 8 505 10 240 12 13 14 15 16 17 18 19 20 21 22 38 24  [1;32 7200 0.5634703022811 [0 
1 2 5 4 5 6 7 8 360 875 793 12 13 14 15 16 17 18 19 582 21 22 334 15  [1;32 38400 0.57485852173626 [0 
1 2 5 4 5 6 7 8 360 306 793 323 13 169 15 16 17 18 19 662 21 22 334 15  [1;32 40800 0.59513430787576 [0 
1 2 5 4 5 6 7 8 360 306 793 323 13 169 15 16 17 18 19 662 864 22 334 15  [1;32 43200 0.60554702295815 [0 
1 2 5 494 5 6 7 8 360 306 793 323 13 169 15 16 146 18 19 662 864 22 334 15  [1;32 45600 0.60728204896177 [0 
1 2 5 494 5 6 7 882 360 306 793 323 13 169 15 16 146 18 19 662 864 22 334 15  [1;32 56400 0.61922863705233 [0 
1 2 5 494 5 6 7 882 360 306 793 323 13 169 15 16 146 18 19 662 864 22 334 15  [1;32 57600 0.61924514710092 [0 
1 2 5 494 5 6 7 882 360 306 793 323 13 169 15 16 146 18 19 662 864 22 334 15  [1;32 58800 0.61924609448155 [0 
1 2 325 494 5 6 7 537 360 306 793 323 13 169 15 284 146 18 19 662 864 22 456 15  [1;32 61200 0.61925067875831 [0 
1 2 325 494 5 6 7 537 79 306 793 323 13 169 15 284 146 18 19 662 864 22 125 15  [1;32 72000 0.62333249195322 [0 
1 2 325 494 5 6 7 537 79 306 793 53 13 169 15 78 146 18 19 662 864 22 125 15  [1;32 90000 0.62401098663239 [0 
896 2 325 494 5 6 7 724 79 306 793 53 13 169 57 426 146 18 19 892 864 22 125 15  [1;32 145200 0.66148640503149 [0 
896 2 325 494 5 6 7 724 79 306 793 53 13 169 57 426 146 18 19 892 864 22 125 15  [1;32 146400 0.71059403925121 [0 
896 110 325 494 5 68 7 724 79 256 793 53 13 515 57 426 146 897 19 892 864 22 125 15  [1;32 523200 0.72616762129978 [0 
896 110 325 494 5 68 7 632 79 469 793 53 715 515 948 426 146 897 19 892 864 22 125 15  [1;32 540000 0.7799975533627 [0 
896 110 325 494 5 68 7 632 79 469 793 53 715 515 948 426 146 897 19 892 864 22 125 15  [1;32 541200 0.8025346867463 [0 
896 110 325 494 5 68 404 632 79 469 793 53 715 515 948 426 146 897 19 892 919 22 125 15  [1;32 848400 0.80897450978807 [0 
896 110 325 494 5 68 404 632 79 469 793 53 715 321 948 426 146 897 19 432 620 22 125 986  [1;32 882000 0.83092171662592 [0 
896 110 306 494 5 68 404 398 79 469 793 53 715 321 948 426 146 897 19 432 620 22 125 986  [1;32 904800 0.84225331107643 [0 
896 110 306 494 5 68 404 444 79 469 793 53 715 13 948 426 146 897 19 432 620 22 125 986  [1;32 937200 0.86285355197052 [0 
896 110 306 494 407 68 404 444 79 469 793 53 715 585 948 426 146 597 19 432 620 22 125 986  [1;32 1254000 0.87096383684723 [0 
seed 80
896 110 306 494 407 68 404 444 79 469 793 53 715 585 948 426 146 597 19 432 620 22 125 986 
1000 999 
best 0.87096383684723
 [0 
