1 2 3 4 5 6 7 8 9 10 11 12 13 14 15 16 17 18 19 20 21 22 23 24  [1;32 1200 0.030381116845511 [0 
1 2 30 4 5 6 7 8 80 359 11 12 13 14 15 16 17 18 19 20 21 22 23 24  [1;32 6000 0.06110779960111 [0 
1 2 30 4 5 6 7 8 80 359 11 12 13 14 15 16 17 18 19 20 21 22 23 24  [1;32 7200 0.075144714256699 [0 
140 2 30 4 5 6 7 8 80 359 11 12 13 14 15 16 17 18 19 20 21 198 23 24  [1;32 10800 0.090002809356613 [0 
140 2 928 119 5 6 7 8 80 359 11 12 13 14 15 16 17 18 19 20 21 198 370 24  [1;32 13200 0.10568949108757 [0 
140 2 928 119 5 6 7 8 80 359 11 12 13 14 15 16 17 18 19 20 21 198 370 24  [1;32 14400 0.1213518847809 [0 
982 63 928 119 5 6 7 128 80 359 11 12 13 14 15 16 17 18 686 20 21 941 370 24  [1;32 18000 0.13539712707084 [0 
982 63 928 119 80 6 7 128 80 359 11 12 223 14 15 16 17 18 686 20 21 941 370 24  [1;32 20400 0.13787653684086 [0 
982 63 928 119 80 6 7 128 80 359 11 12 707 14 736 16 17 18 875 20 21 941 370 24  [1;32 24000 0.15344906568862 [0 
982 63 164 119 808 6 908 128 80 359 11 12 707 14 736 16 17 18 875 20 21 941 370 24  [1;32 36000 0.15936105646825 [0 
982 500 164 119 808 6 908 128 80 70 11 12 707 689 736 16 211 18 875 20 21 941 370 24  [1;32 40800 0.16100169787588 [0 
982 500 164 119 808 6 908 128 80 70 11 12 707 689 736 16 211 18 875 20 21 941 370 24  [1;32 42000 0.1832854629693 [0 
982 500 164 328 808 539 908 128 80 70 11 12 707 689 736 16 211 53 875 20 21 941 370 24  [1;32 45600 0.18660960287109 [0 
982 500 164 328 808 539 908 128 80 70 11 12 707 689 736 16 211 53 875 20 21 941 370 24  [1;32 46800 0.18824110315434 [0 
982 500 164 328 808 539 908 128 80 70 11 12 707 689 736 16 211 53 875 20 21 941 370 24  [1;32 48000 0.20641387693608 [0 
210 500 489 328 808 539 908 128 704 70 11 12 707 689 736 16 211 53 875 20 21 941 370 24  [1;32 78000 0.20723460400176 [0 
210 500 489 328 808 350 908 128 704 70 11 426 707 689 736 16 211 53 875 20 21 194 263 24  [1;32 112800 0.2138474309139 [0 
210 500 489 328 808 350 908 128 704 70 11 426 707 689 736 16 211 53 579 20 21 194 263 24  [1;32 116400 0.23285973980848 [0 
210 500 489 328 808 350 908 128 704 70 11 426 707 689 511 16 211 53 579 20 21 194 271 24  [1;32 129600 0.23447647976404 [0 
210 500 489 328 808 425 908 128 704 937 11 426 707 689 511 764 211 53 579 20 21 194 271 24  [1;32 165600 0.24234656636232 [0 
210 770 553 328 808 425 908 128 704 937 11 576 707 689 511 764 211 53 579 20 131 55 271 24  [1;32 177600 0.25265016195865 [0 
210 770 553 328 808 425 908 128 704 937 11 576 707 689 511 764 211 53 579 20 131 392 271 24  [1;32 182400 0.26455845105718 [0 
210 770 553 328 808 425 908 128 704 937 11 576 707 689 511 764 465 53 579 20 178 15 271 24  [1;32 204000 0.44682960620831 [0 
210 770 553 328 808 425 908 128 704 937 11 576 707 689 511 764 465 53 579 20 178 15 271 24  [1;32 205200 0.4750259555413 [0 
210 770 553 328 808 425 908 128 704 937 11 576 707 689 511 764 465 53 579 20 178 15 271 24  [1;32 206400 0.48137545881833 [0 
210 770 553 328 808 425 908 350 704 937 11 576 707 689 511 764 465 53 579 20 178 15 271 24  [1;32 212400 0.48218716737985 [0 
210 770 553 328 808 425 908 350 704 937 11 576 707 689 511 764 465 53 579 20 178 15 271 24  [1;32 213600 0.48376894826762 [0 
213 770 553 328 808 425 908 350 704 937 11 576 707 689 511 764 465 53 579 132 178 15 271 24  [1;32 217200 0.5202863249731 [0 
213 770 408 328 808 425 908 350 704 937 11 576 707 689 511 764 439 53 19 132 178 15 844 24  [1;32 259200 0.5317202841548 [0 
213 770 408 328 808 425 854 350 704 937 11 576 707 689 511 764 439 53 19 114 178 15 844 24  [1;32 310800 0.55839245574399 [0 
213 770 408 328 808 425 854 350 704 937 11 576 707 689 511 764 439 53 19 114 178 15 844 24  [1;32 312000 0.566436833259 [0 
213 770 971 328 808 425 854 169 704 937 11 576 707 689 511 893 439 208 19 114 178 15 844 24  [1;32 316800 0.58648609287577 [0 
213 770 971 328 976 425 854 169 704 937 11 576 707 689 511 893 852 208 492 114 178 15 844 24  [1;32 326400 0.5935019220659 [0 
213 770 971 328 417 425 442 169 704 937 11 867 707 34 511 893 852 208 492 114 178 15 844 24  [1;32 355200 0.68300087388828 [0 
213 770 971 828 417 425 442 169 704 937 11 867 707 34 511 893 852 208 13 114 178 15 844 24  [1;32 363600 0.74750558264392 [0 
213 770 971 828 417 425 442 169 312 937 11 867 737 34 511 893 852 208 579 114 178 294 844 24  [1;32 373200 0.7911209191923 [0 
213 770 971 828 417 425 442 169 312 157 11 867 737 34 511 893 852 208 387 114 178 294 844 24  [1;32 402000 0.86381656538434 [0 
213 770 971 828 417 425 104 169 312 157 11 867 737 714 511 893 852 358 387 114 178 294 844 24  [1;32 490800 0.88183482592128 [0 
213 770 971 828 417 425 888 269 312 838 11 867 737 714 421 893 852 358 387 114 178 294 844 24  [1;32 502800 0.8944995179577 [0 
seed 40
213 770 971 828 417 425 888 269 312 838 11 867 737 714 421 893 852 358 387 114 178 294 844 24 
1000 999 
best 0.8944995179577
 [0 
