1 2 3 4 5 6 7 8 9 10 11 12 13 14 15 16 17 18 19 20 21 22 23 24  [1;32 1200 0.21762092799069 [0 
26 2 661 4 5 6 164 8 9 730 42 889 13 14 15 16 17 18 19 20 21 22 23 24  [1;32 37200 0.33369642402984 [0 
26 2 661 4 5 6 164 8 9 730 42 889 13 14 15 16 17 18 19 20 21 22 23 24  [1;32 38400 0.38064222901619 [0 
26 2 661 4 5 6 164 8 9 730 42 889 13 14 15 16 17 18 19 20 21 22 23 24  [1;32 39600 0.38232844235047 [0 
26 2 514 4 282 6 164 8 9 730 42 889 13 777 15 16 17 18 19 20 21 591 23 24  [1;32 48000 0.45227246958692 [0 
26 2 514 4 282 6 164 8 9 730 42 889 13 777 15 16 17 18 19 20 21 591 23 24  [1;32 49200 0.45577427299641 [0 
26 2 514 4 282 6 164 8 9 730 42 889 13 777 15 16 17 18 19 20 21 591 23 24  [1;32 50400 0.45660050145151 [0 
26 2 514 4 282 6 164 8 9 730 42 889 13 777 15 16 17 18 19 20 21 591 23 24  [1;32 51600 0.45910502582836 [0 
26 2 514 4 282 67 164 8 9 730 42 213 13 777 15 16 917 18 19 20 468 591 989 632  [1;32 54000 0.62604455733501 [0 
26 2 514 4 282 67 164 8 9 730 42 213 13 777 15 16 917 18 19 437 468 938 989 632  [1;32 340800 0.77475341520718 [0 
26 2 514 4 282 67 164 8 9 730 42 213 13 777 15 16 917 18 19 437 468 938 989 632  [1;32 342000 0.879468250483 [0 
26 2 514 4 128 67 164 8 9 730 42 213 13 777 15 16 917 18 19 437 468 938 989 632  [1;32 344400 0.88297441594307 [0 
26 2 514 4 128 67 164 8 286 730 42 213 13 777 15 16 917 18 19 437 468 938 989 632  [1;32 496800 0.88312859571843 [0 
26 2 514 4 128 204 164 8 286 730 42 77 13 777 15 16 943 18 19 437 468 938 989 632  [1;32 542400 0.88505352841371 [0 
26 2 514 4 128 204 164 210 286 730 154 77 13 777 15 16 943 546 19 437 468 938 989 632  [1;32 867600 0.88607055201421 [0 
seed 27
26 2 514 4 128 204 164 210 286 730 154 77 13 777 15 16 943 546 19 437 468 938 989 632 
1000 999 
best 0.88607055201421
 [0 
