1 2 3 4 5 6 7 8 9 10 11 12 13 14 15 16 17 18 19 20 21 22 23 24 [1;32m1200 0.11394436092705[0m
1 2 3 4 5 6 73 8 380 868 11 12 13 441 15 16 17 553 807 20 21 22 23 24 [1;32m49200 0.55388470975728[0m
1 2 3 4 5 6 73 8 380 868 11 12 13 441 15 16 17 553 807 20 21 22 23 24 [1;32m50400 0.84475021908213[0m
1 2 3 4 5 6 73 8 380 868 11 12 13 441 15 16 17 553 807 20 21 22 23 24 [1;32m51600 0.8592261619068[0m
1 2 3 64 5 6 73 8 380 868 11 12 13 441 15 16 17 553 807 20 21 22 23 24 [1;32m236400 0.87394524763056[0m
1 2 3 409 5 575 73 8 770 868 11 12 279 441 15 16 17 553 933 20 21 22 23 24 [1;32m738000 0.910514343281[0m
seed 20
1 2 3 409 5 575 73 8 770 868 11 12 279 441 15 16 17 553 933 20 21 22 23 24 
1000 999 
best 0.910514343281
[0m
