1 2 3 4 5 6 7 8 9 10 11 12 13 14 15 16 17 18 19 20 21 22 23 24 [1;32m1200 0.21762092799069[0m
26 2 661 4 5 6 164 8 9 730 42 889 13 14 15 16 17 18 19 20 21 22 23 24 [1;32m37200 0.33369642402984[0m
26 2 661 4 5 6 164 8 9 730 42 889 13 14 15 16 17 18 19 20 21 22 23 24 [1;32m38400 0.38064222901619[0m
26 2 661 4 5 6 164 8 9 730 42 889 13 14 15 16 17 18 19 20 21 22 23 24 [1;32m39600 0.38232844235047[0m
26 2 514 4 282 6 164 8 9 730 42 889 13 777 15 16 17 18 19 20 21 591 23 24 [1;32m48000 0.45227246958692[0m
26 2 514 4 282 6 164 8 9 730 42 889 13 777 15 16 17 18 19 20 21 591 23 24 [1;32m49200 0.45577427299641[0m
26 2 514 4 282 6 164 8 9 730 42 889 13 777 15 16 17 18 19 20 21 591 23 24 [1;32m50400 0.45660050145151[0m
26 2 514 4 282 6 164 8 9 730 42 889 13 777 15 16 17 18 19 20 21 591 23 24 [1;32m51600 0.45910502582836[0m
26 2 514 4 282 67 164 8 9 730 42 213 13 777 15 16 917 18 19 20 468 591 989 632 [1;32m54000 0.62604455733501[0m
26 2 514 4 282 67 164 8 9 730 42 213 13 777 15 16 917 18 19 437 468 938 989 632 [1;32m340800 0.77475341520718[0m
26 2 514 4 282 67 164 8 9 730 42 213 13 777 15 16 917 18 19 437 468 938 989 632 [1;32m342000 0.879468250483[0m
26 2 514 4 128 67 164 8 9 730 42 213 13 777 15 16 917 18 19 437 468 938 989 632 [1;32m344400 0.88297441594307[0m
26 2 514 4 128 67 164 8 286 730 42 213 13 777 15 16 917 18 19 437 468 938 989 632 [1;32m496800 0.88312859571843[0m
26 2 514 4 128 204 164 8 286 730 42 77 13 777 15 16 943 18 19 437 468 938 989 632 [1;32m542400 0.88505352841371[0m
26 2 514 4 128 204 164 210 286 730 154 77 13 777 15 16 943 546 19 437 468 938 989 632 [1;32m867600 0.88607055201421[0m
seed 27
26 2 514 4 128 204 164 210 286 730 154 77 13 777 15 16 943 546 19 437 468 938 989 632 
1000 999 
best 0.88607055201421
[0m
