1 2 3 4 5 6 7 8 9 10 11 12 13 14 15 16 17 18 19 20 21 22 23 24 [1;32m1200 0.18211268561727[0m
1 2 3 4 5 6 7 8 9 10 11 12 13 14 15 16 17 18 19 20 21 22 23 24 [1;32m2400 0.2047736300477[0m
1 2 3 4 844 645 7 8 9 10 11 12 13 14 201 16 17 18 19 20 21 22 23 24 [1;32m4800 0.29182433668935[0m
1 2 3 4 844 645 7 8 9 10 11 12 13 14 201 16 17 18 19 20 21 22 23 24 [1;32m6000 0.34713936827063[0m
1 703 3 4 844 645 7 8 9 10 11 12 13 65 993 16 17 197 754 132 21 22 23 24 [1;32m25200 0.36786420643429[0m
276 703 3 4 844 645 7 8 9 10 784 12 298 65 380 16 17 197 754 999 21 22 23 24 [1;32m34800 0.38413844702696[0m
276 703 3 4 844 645 7 8 9 10 784 12 298 65 380 16 17 197 754 999 21 22 23 24 [1;32m36000 0.42428544923964[0m
276 703 3 4 844 645 415 8 9 10 784 12 298 65 380 633 17 197 754 999 21 22 23 24 [1;32m40800 0.44446911823847[0m
276 703 3 4 844 645 415 8 9 10 784 12 298 65 380 633 17 197 754 999 21 22 23 24 [1;32m42000 0.47206602971044[0m
276 783 3 4 844 645 415 8 9 563 618 12 762 65 380 633 17 197 754 626 21 22 23 24 [1;32m49200 0.48725179533762[0m
654 783 3 4 844 645 131 8 9 563 618 893 762 65 380 633 759 197 58 626 21 22 23 764 [1;32m70800 0.48924764647612[0m
654 783 3 4 844 645 131 8 9 563 618 893 762 65 380 633 759 197 58 626 21 22 23 764 [1;32m72000 0.4989378061408[0m
654 783 3 378 844 645 385 8 9 563 473 893 762 65 380 633 759 197 58 442 21 22 23 764 [1;32m74400 0.55287226146998[0m
258 783 3 378 108 645 385 8 9 563 102 638 762 65 380 633 759 197 58 442 21 22 23 764 [1;32m171600 0.5771888655988[0m
258 783 3 378 108 645 385 8 9 563 102 638 762 65 380 633 759 197 58 442 21 22 23 764 [1;32m172800 0.59208614459015[0m
258 783 3 378 742 645 411 8 9 563 102 638 762 65 380 633 649 197 58 442 797 589 23 954 [1;32m519600 0.59765886463294[0m
258 783 3 378 742 645 411 8 9 563 102 638 899 65 380 633 649 197 58 442 797 589 23 954 [1;32m596400 0.61099474997482[0m
258 783 3 378 742 454 411 8 9 810 102 638 899 65 380 633 649 197 58 442 797 589 128 142 [1;32m643200 0.62157521647022[0m
258 481 527 378 742 454 411 492 9 810 102 638 363 65 380 633 649 197 817 442 797 589 128 142 [1;32m652800 0.62595219935483[0m
258 481 527 378 742 454 411 492 652 810 102 638 363 65 380 633 649 197 817 442 797 589 128 142 [1;32m673200 0.63347036437808[0m
258 481 527 378 742 454 411 707 652 810 102 638 363 65 176 633 649 197 817 442 797 589 128 142 [1;32m681600 0.64460433030288[0m
258 481 527 378 742 454 822 707 652 810 102 638 363 812 176 633 649 197 199 151 797 589 850 142 [1;32m918000 0.6574208881099[0m
258 481 925 405 742 454 822 707 652 810 102 638 363 812 176 633 649 197 774 151 797 589 650 142 [1;32m1329600 0.66527399942876[0m
seed 5
258 481 925 405 742 454 822 707 652 810 102 638 363 812 176 633 649 197 774 151 797 589 650 142 
1000 999 
best 0.66527399942876
[0m
