1 2 3 4 5 6 7 8 9 10 11 12 13 14 15 16 17 18 19 20 21 22 23 24  [1;32 1200 0.052224815600134 [0 
174 2 3 4 5 6 7 8 9 10 11 12 13 14 15 756 17 678 19 20 21 22 23 24  [1;32 4800 0.084882760837244 [0 
174 2 3 4 5 6 7 8 9 10 11 12 13 14 15 756 17 678 19 20 21 22 23 24  [1;32 6000 0.10076659357636 [0 
174 2 3 4 5 935 7 8 9 747 11 12 192 14 15 756 17 678 27 20 21 22 23 24  [1;32 72000 0.12421346806668 [0 
174 2 3 4 5 935 7 8 9 747 11 12 192 14 15 756 17 678 27 20 21 22 23 24  [1;32 73200 0.12697504336037 [0 
410 83 3 4 5 832 7 8 9 747 11 12 192 14 15 425 17 678 27 20 21 22 629 24  [1;32 91200 0.12797034045179 [0 
410 83 3 4 5 832 7 8 9 747 11 12 192 14 15 425 17 678 27 20 21 22 629 24  [1;32 92400 0.12906254435195 [0 
410 83 3 19 5 832 7 8 9 747 11 12 192 14 15 153 17 678 27 20 21 22 629 24  [1;32 159600 0.14366165287599 [0 
410 83 3 359 5 832 7 8 9 747 11 12 192 14 15 153 17 678 27 408 21 22 629 24  [1;32 248400 0.15441193639964 [0 
447 83 3 359 5 832 7 8 9 747 209 12 192 14 15 153 17 678 27 408 810 22 629 24  [1;32 484800 0.16167278356461 [0 
447 83 3 27 5 832 7 8 13 747 209 12 192 14 15 153 17 678 27 408 847 22 629 24  [1;32 706800 0.17259279245286 [0 
seed 32
447 83 3 27 5 832 7 8 13 747 209 12 192 14 15 153 17 678 27 408 847 22 629 24 
1000 999 
best 0.17259279245286
 [0 
