1 2 3 4 5 6 7 8 9 10 11 12 13 14 15 16 17 18 19 20 21 22 23 24  [1;32 1200 0.0016503520728012 [0 
1 2 983 4 5 6 7 8 9 10 11 12 914 14 15 16 17 18 19 429 21 714 23 24  [1;32 39600 0.13690121421552 [0 
1 2 983 4 5 6 7 8 9 10 11 12 914 14 15 16 17 18 19 429 21 714 23 24  [1;32 40800 0.14628508658443 [0 
1 2 983 4 5 6 7 8 9 10 11 12 914 14 15 16 17 18 19 398 21 714 23 62  [1;32 43200 0.15426239869256 [0 
1 2 983 4 5 6 7 8 9 10 456 12 914 14 367 16 17 18 19 398 21 714 23 62  [1;32 48000 0.15852877532854 [0 
1 2 983 4 5 6 7 8 9 10 456 12 914 929 367 16 17 18 19 398 21 714 171 62  [1;32 50400 0.18499096555857 [0 
1 2 983 4 5 6 7 8 9 10 456 12 914 929 367 16 17 18 19 398 21 714 171 62  [1;32 51600 0.18593620545623 [0 
270 2 983 4 5 6 7 8 9 10 456 12 914 929 367 16 17 18 19 398 21 714 171 62  [1;32 55200 0.21171767840362 [0 
995 470 969 4 5 6 7 8 9 10 456 12 914 929 367 16 431 18 19 398 21 714 171 62  [1;32 68400 0.22058995970426 [0 
995 470 969 846 114 6 7 8 9 634 456 12 914 929 367 65 431 18 19 398 21 714 171 618  [1;32 73200 0.34467488737713 [0 
995 470 969 846 114 6 7 8 9 634 456 12 914 929 367 65 431 18 19 398 21 714 171 618  [1;32 74400 0.38154095515485 [0 
995 470 969 846 114 6 7 8 9 634 456 12 914 929 367 65 431 18 19 398 21 714 171 618  [1;32 75600 0.39179538720905 [0 
995 470 969 846 114 119 7 459 9 634 456 12 914 929 367 65 431 18 19 398 21 714 171 74  [1;32 79200 0.61304141674379 [0 
995 470 969 846 114 119 7 459 9 634 456 12 914 929 367 65 693 18 19 398 21 714 171 74  [1;32 108000 0.65686762095964 [0 
995 470 813 846 114 119 7 459 271 634 456 12 914 929 367 65 4 18 19 398 21 714 171 270  [1;32 151200 0.71327922018083 [0 
995 470 813 846 615 119 7 459 942 634 456 12 914 929 367 65 4 18 19 615 21 714 501 270  [1;32 180000 0.79507666644215 [0 
995 470 813 846 615 119 7 459 942 634 456 12 914 929 367 65 4 18 19 615 21 714 501 270  [1;32 181200 0.79668028930009 [0 
995 470 181 846 615 481 7 459 942 448 456 12 150 929 367 65 4 18 19 615 21 714 501 270  [1;32 210000 0.80445385306854 [0 
995 470 181 846 615 481 7 459 942 448 456 12 150 929 367 65 4 18 19 615 21 714 501 270  [1;32 211200 0.84203181962768 [0 
995 470 181 846 615 481 7 459 942 448 456 12 150 929 367 65 4 18 19 615 21 714 501 270  [1;32 212400 0.84764091574474 [0 
995 470 181 846 752 465 7 64 942 448 456 12 570 929 543 65 4 18 19 615 21 714 501 270  [1;32 214800 0.8745974810843 [0 
995 470 181 846 752 465 7 64 942 448 456 12 570 929 521 65 4 18 19 615 21 714 501 270  [1;32 241200 0.87717131362846 [0 
seed 28
995 470 181 846 752 465 7 64 942 448 456 12 570 929 521 65 4 18 19 615 21 714 501 270 
1000 999 
best 0.87717131362846
 [0 
