1 2 3 4 5 6 7 8 9 10 11 12 13 14 15 16 17 18 19 20 21 22 23 24  [1;32 1200 0.14647253901963 [0 
1 2 3 4 5 6 7 122 9 10 11 12 13 14 15 16 17 18 19 20 21 141 265 120  [1;32 43200 0.16241984449259 [0 
1 2 3 4 5 6 7 122 9 400 11 12 991 14 15 16 17 18 19 20 21 141 265 120  [1;32 49200 0.16265649241375 [0 
1 2 3 4 5 6 7 122 9 400 11 12 991 14 15 16 17 18 19 20 21 141 265 120  [1;32 50400 0.16345862221945 [0 
1 2 3 4 5 6 7 122 520 400 11 12 991 14 15 16 17 18 19 20 21 141 265 120  [1;32 52800 0.16679454374151 [0 
1 2 3 4 5 6 7 122 520 400 11 12 991 14 15 16 17 18 19 20 21 141 265 120  [1;32 54000 0.17174558295506 [0 
1 2 3 4 5 6 440 122 520 400 11 12 991 14 166 16 17 360 19 20 21 141 265 120  [1;32 74400 0.17338336783119 [0 
1 2 121 4 5 6 440 122 520 400 11 12 991 14 166 16 17 360 19 20 21 141 265 120  [1;32 85200 0.17627849287294 [0 
1 2 121 4 5 6 440 327 520 400 46 12 991 14 166 918 17 728 19 20 21 141 265 120  [1;32 87600 0.18262514500686 [0 
1 2 48 4 5 6 440 327 520 400 46 12 991 14 166 918 17 728 19 20 21 141 265 120  [1;32 90000 0.19438633467004 [0 
1 2 48 4 5 6 440 327 520 400 46 12 991 14 166 918 17 728 19 20 21 141 265 120  [1;32 91200 0.20477550688297 [0 
1 2 48 4 5 6 440 327 520 400 46 12 991 14 166 918 17 728 19 20 21 141 265 120  [1;32 92400 0.2155056980828 [0 
1 2 48 4 5 6 440 327 520 400 46 12 41 14 76 918 17 728 19 20 21 141 265 120  [1;32 170400 0.21620040601136 [0 
1 2 48 4 377 6 440 327 520 400 73 12 41 919 76 918 17 298 19 652 21 141 265 120  [1;32 194400 0.22248660603852 [0 
1 2 48 4 377 6 765 327 520 400 73 12 41 919 76 918 17 298 19 652 21 141 265 120  [1;32 290400 0.23497051782271 [0 
1 2 48 4 377 6 765 327 520 400 73 12 41 919 76 918 17 298 19 652 21 283 265 120  [1;32 292800 0.2532334279388 [0 
1 2 48 4 377 6 765 327 520 400 73 12 41 767 76 918 17 298 19 652 21 283 265 120  [1;32 308400 0.26173829770329 [0 
1 2 48 4 377 6 765 327 520 400 73 12 41 767 76 918 17 298 19 652 21 283 265 120  [1;32 309600 0.2864835821433 [0 
864 2 48 4 377 6 586 342 520 78 950 12 41 767 76 918 186 298 19 652 21 283 265 120  [1;32 314400 0.28898335090869 [0 
864 2 48 475 377 6 112 342 520 78 950 12 194 767 473 918 187 298 19 652 58 283 265 120  [1;32 375600 0.31955909334484 [0 
864 2 48 475 377 6 112 342 520 78 950 12 194 767 473 918 187 298 19 216 58 283 265 120  [1;32 492000 0.322849886983 [0 
864 2 48 475 377 6 112 342 520 78 950 12 194 767 473 918 187 298 19 216 58 283 265 120  [1;32 493200 0.32759950849539 [0 
864 2 48 475 377 6 112 342 520 613 950 324 194 767 473 462 187 298 19 216 58 283 265 120  [1;32 514800 0.33770010828056 [0 
864 2 48 475 377 6 112 342 520 613 950 324 194 767 473 462 187 298 19 216 58 161 265 120  [1;32 562800 0.34887289701966 [0 
864 2 48 475 377 714 112 342 520 613 950 324 194 767 884 462 187 298 19 216 247 161 265 120  [1;32 1173600 0.35274379439116 [0 
864 2 48 475 377 714 112 282 520 613 950 324 194 767 884 462 187 298 19 216 578 161 265 120  [1;32 1196400 0.3773560761459 [0 
864 2 48 475 377 714 112 282 520 613 950 324 194 767 884 462 187 298 19 856 578 161 265 120  [1;32 1435200 0.42164451927824 [0 
seed 64
864 2 48 475 377 714 112 282 520 613 950 324 194 767 884 462 187 298 19 856 578 161 265 120 
1000 999 
best 0.42164451927824
 [0 
