1 2 3 4 5 6 7 8 9 10 11 12 13 14 15 16 17 18 19 20 21 22 23 24 [1;32m1200 0.077885602616354[0m
1 598 3 4 113 6 1 92 9 10 11 12 13 14 15 16 17 18 19 20 321 22 23 24 [1;32m12000 0.46006398627247[0m
1 598 3 4 113 6 1 92 9 10 11 12 13 14 15 16 17 18 19 20 321 22 23 24 [1;32m13200 0.57018310653969[0m
1 598 3 4 113 6 1 92 9 10 11 12 13 14 15 16 17 18 19 20 321 22 23 24 [1;32m14400 0.57321275095644[0m
1 598 3 4 113 6 956 92 9 10 11 12 13 14 15 16 17 832 19 20 321 816 772 24 [1;32m43200 0.57774964086683[0m
1 598 3 701 113 6 956 92 9 10 11 12 13 14 15 16 17 832 19 20 321 816 772 24 [1;32m58800 0.58371396547924[0m
1 598 3 701 113 6 362 92 9 517 11 12 13 14 15 16 17 832 19 732 321 816 772 24 [1;32m75600 0.58867221083162[0m
1 598 3 701 113 6 362 92 9 517 11 12 13 14 15 16 17 832 19 732 321 816 772 24 [1;32m76800 0.59445550954607[0m
1 598 3 701 113 6 362 92 9 517 11 12 13 14 15 16 17 832 19 732 321 816 772 24 [1;32m78000 0.59446945171432[0m
1 598 3 701 113 6 362 92 9 517 11 12 13 14 15 16 17 832 19 732 321 816 772 24 [1;32m79200 0.59449220987308[0m
1 598 3 701 113 6 362 92 9 517 11 728 13 14 15 16 17 832 949 732 321 816 772 624 [1;32m134400 0.60023210653073[0m
1 598 3 701 113 6 362 92 9 517 11 728 13 14 15 16 17 832 949 732 946 816 772 624 [1;32m138000 0.60458486422217[0m
1 598 3 701 113 6 362 92 9 517 11 728 13 14 15 373 17 832 949 732 946 816 772 624 [1;32m175200 0.65612858693338[0m
164 598 3 701 113 6 362 438 9 517 11 728 13 14 15 373 963 832 949 732 946 816 772 624 [1;32m333600 0.66449778734374[0m
164 598 3 701 113 6 362 932 9 517 11 805 61 14 812 373 963 832 949 732 946 816 772 752 [1;32m397200 0.70769519736165[0m
164 598 3 701 113 6 362 932 9 517 11 846 61 14 899 716 963 832 949 899 946 816 772 833 [1;32m399600 0.73097351998356[0m
seed 93
164 598 3 701 113 6 362 932 9 517 11 846 61 14 899 716 963 832 949 899 946 816 772 833 
1000 999 
best 0.73097351998356
[0m
