1 2 3 4 5 6 7 8 9 10 11 12 13 14 15 93 17 18 19 20 21 22 23 24  [1;32 183600 0.01292391455469 [0 
1 2 3 4 5 6 7 8 9 10 727 12 13 14 15 93 17 836 19 20 21 22 389 24  [1;32 397200 0.039468722501151 [0 
1 2 3 4 5 6 7 8 9 10 727 12 13 842 15 93 17 836 19 20 21 767 389 24  [1;32 490800 0.10112411953567 [0 
1 2 3 886 5 6 7 8 9 10 727 12 13 842 15 93 17 206 19 20 21 740 389 24  [1;32 566400 0.14232383142823 [0 
1 2 191 886 5 6 7 8 9 10 727 12 13 842 15 93 17 206 19 20 21 740 540 24  [1;32 657600 0.41403408083983 [0 
1 2 191 886 5 6 7 8 928 10 727 574 13 842 15 93 17 206 19 427 21 740 540 24  [1;32 670800 0.44629298835137 [0 
1 2 191 84 5 6 7 15 928 10 727 574 13 842 15 93 17 206 19 427 21 740 540 277  [1;32 756000 0.44669465530948 [0 
578 2 191 84 5 6 7 15 928 10 727 574 13 959 1 93 17 206 157 427 21 747 540 277  [1;32 771600 0.50375087048648 [0 
seed 94
578 2 191 84 5 6 7 15 928 10 727 574 13 959 1 93 17 206 157 427 21 747 540 277 
1000 999 
best 0.50375087048648
 [0 
