1 2 3 4 5 6 7 8 520 10 11 12 830 216 581 16 17 18 19 20 21 22 23 24  [1;32 18000 0.60706699050815 [0 
1 738 3 4 5 6 7 8 520 10 11 12 830 216 581 16 17 837 19 20 21 22 23 24  [1;32 33600 0.61068884467687 [0 
1 738 3 4 5 6 7 8 520 10 11 723 830 216 581 16 17 837 19 20 21 22 23 24  [1;32 103200 0.63734588302795 [0 
1 738 3 4 5 786 7 8 520 867 11 723 497 216 581 798 17 837 19 20 21 298 23 24  [1;32 105600 0.65827150307384 [0 
1 738 3 4 5 786 7 616 520 867 11 723 497 216 105 798 267 837 311 20 21 298 23 24  [1;32 211200 0.65862625978809 [0 
1 738 3 4 5 786 7 616 520 867 11 723 497 216 105 192 267 837 311 20 21 298 23 24  [1;32 790800 0.67532479574225 [0 
1 53 3 4 5 593 7 616 520 867 11 723 497 216 105 192 267 837 498 20 242 298 23 24  [1;32 794400 0.74965257022425 [0 
1 53 3 4 5 593 7 616 520 867 971 723 497 216 105 727 798 837 498 866 242 298 23 24  [1;32 1173600 0.79144135350967 [0 
1 53 3 4 5 593 7 616 520 867 971 723 497 216 105 727 798 837 498 866 242 298 23 24  [1;32 1174800 0.82216422296844 [0 
seed 93
1 53 3 4 5 593 7 616 520 867 971 723 497 216 105 727 798 837 498 866 242 298 23 24 
1000 999 
best 0.82216422296844
 [0 
