1 49 438 4 5 6 7 8 9 10 11 12 13 14 15 16 17 18 19 20 21 22 460 381  [1;32 188400 0.0060379683554216 [0 
1 49 438 4 507 6 7 8 9 360 11 692 13 534 15 16 17 313 19 20 21 22 787 381  [1;32 267600 0.0060482839176401 [0 
1 49 438 4 507 6 7 8 9 811 11 692 13 534 15 16 17 313 19 20 21 22 23 381  [1;32 295200 0.0060836211161044 [0 
1 49 438 4 507 6 7 8 9 811 11 692 13 534 15 16 17 969 19 20 21 22 23 381  [1;32 343200 0.0060926563863491 [0 
1 49 438 4 507 6 7 8 9 952 11 692 13 534 15 16 17 216 19 20 21 22 23 381  [1;32 430800 0.0061103734636424 [0 
1 49 438 4 507 6 7 8 9 952 11 692 13 880 15 394 17 216 19 20 847 22 23 381  [1;32 601200 0.006122842098612 [0 
1 49 438 4 507 6 7 8 9 952 11 692 13 708 906 394 17 216 19 20 847 22 23 381  [1;32 621600 0.0061235137832635 [0 
1 50 438 4 507 6 7 8 9 952 11 692 13 708 906 394 17 936 19 20 847 22 42 381  [1;32 626400 0.0061262004348977 [0 
1 50 438 4 507 6 388 8 9 952 119 126 13 708 906 394 172 936 858 20 507 22 42 381  [1;32 668400 0.0061456214722633 [0 
1 50 438 4 507 571 388 8 9 952 119 126 13 708 906 394 109 936 858 20 507 22 42 381  [1;32 763200 0.0061549002410096 [0 
seed 1
1 50 438 4 507 571 388 8 9 952 119 126 13 708 906 394 109 936 858 20 507 22 42 381 
1000 999 
best 0.0061549002410096
 [0 
