1 2 3 4 5 6 7 8 9 10 11 12 13 14 15 16 17 18 19 20 21 22 23 24 [1;32m1200 0.50510554322797[0m
1 2 3 4 5 6 7 8 9 10 11 12 13 14 15 16 17 18 19 20 21 22 23 24 [1;32m2400 0.56668036293429[0m
1 2 238 4 5 6 7 8 9 10 11 579 13 14 15 16 17 18 19 20 21 22 23 24 [1;32m8400 0.57488169177762[0m
1 2 238 4 5 6 7 8 9 10 11 579 13 14 15 16 17 18 19 20 21 22 23 24 [1;32m9600 0.61974046530027[0m
1 765 238 4 5 6 7 8 9 10 11 579 13 14 162 891 17 18 19 20 21 22 23 24 [1;32m16800 0.65710152545754[0m
1 765 238 915 5 6 7 8 9 10 11 579 877 14 162 891 17 18 19 20 21 213 23 548 [1;32m123600 0.66055571816574[0m
1 765 238 915 5 6 7 8 9 10 535 579 877 14 162 891 17 18 19 20 21 213 39 548 [1;32m892800 0.67121929978221[0m
seed 62
1 765 238 915 5 6 7 8 9 10 535 579 877 14 162 891 17 18 19 20 21 213 39 548 
1000 999 
best 0.67121929978221
[0m
