1 2 3 4 5 6 7 8 9 10 11 12 13 14 15 16 17 18 19 20 21 22 23 24  [1;32 1200 0.42356317017176 [0 
1 2 3 4 5 6 7 8 9 10 11 12 13 14 15 16 17 18 19 20 21 22 23 24  [1;32 2400 0.42520845866159 [0 
1 2 3 4 5 6 7 104 9 10 11 12 807 14 15 16 17 18 19 20 21 500 69 24  [1;32 4800 0.42525168536014 [0 
1 2 3 350 5 6 7 104 9 10 11 12 807 14 15 16 17 18 19 20 21 500 69 24  [1;32 8400 0.42603592353695 [0 
1 2 3 350 5 6 7 104 9 997 11 12 807 14 15 16 17 18 19 20 21 500 69 24  [1;32 16800 0.42605904530275 [0 
39 2 621 350 5 6 150 22 9 997 11 12 807 14 15 16 17 18 19 20 21 500 69 24  [1;32 57600 0.48759728957313 [0 
39 2 621 350 5 6 150 22 9 16 11 12 807 14 15 16 17 18 19 20 21 500 69 24  [1;32 60000 0.48822596489281 [0 
39 2 621 350 5 6 150 22 9 16 11 12 807 14 15 16 17 18 19 20 21 500 69 24  [1;32 61200 0.48877539579001 [0 
39 2 245 350 5 874 150 22 9 278 565 12 807 345 15 752 17 18 19 20 21 500 69 24  [1;32 63600 0.48886449690795 [0 
39 561 245 350 5 874 150 22 9 278 565 12 807 345 15 752 17 18 19 20 21 500 69 67  [1;32 69600 0.48887962482097 [0 
39 43 245 459 5 874 150 22 9 561 476 12 807 345 15 752 17 205 19 20 21 500 69 67  [1;32 84000 0.48890558583312 [0 
39 43 245 459 5 874 417 677 9 561 476 178 675 345 15 752 782 205 19 539 21 500 69 67  [1;32 93600 0.4889215392417 [0 
354 273 245 238 5 874 417 677 9 561 476 178 675 345 15 752 764 205 19 539 21 500 69 67  [1;32 104400 0.48893364816777 [0 
354 273 245 238 5 874 417 677 9 561 476 178 547 345 15 752 764 205 19 539 21 500 69 67  [1;32 274800 0.49457871831095 [0 
354 273 245 238 5 874 417 677 9 561 476 178 547 345 15 752 764 205 19 539 21 500 69 67  [1;32 276000 0.49539041795642 [0 
354 273 245 238 5 874 417 677 9 561 476 178 547 345 15 752 764 205 19 539 21 500 69 67  [1;32 277200 0.49540506298575 [0 
354 273 245 238 5 874 417 677 9 561 476 178 547 345 15 752 764 205 19 539 21 500 69 67  [1;32 278400 0.49541281444746 [0 
354 273 245 238 5 874 417 62 9 561 476 178 547 345 15 752 955 205 19 539 21 500 206 907  [1;32 290400 0.49542602747534 [0 
354 273 245 238 5 874 417 62 9 561 476 620 547 345 15 752 955 205 19 539 21 500 206 907  [1;32 302400 0.4954309768926 [0 
354 273 446 238 5 577 417 62 9 579 341 620 547 345 15 752 955 205 19 539 21 500 206 152  [1;32 375600 0.49544137743985 [0 
seed 30
354 273 446 238 5 577 417 62 9 579 341 620 547 345 15 752 955 205 19 539 21 500 206 152 
1000 999 
best 0.49544137743985
 [0 
