1 2 3 4 5 6 7 8 9 10 11 12 13 14 15 16 17 18 19 20 21 22 23 24  [1;32 1200 0.051602639893824 [0 
1 2 3 4 5 6 7 8 9 10 11 12 13 589 15 16 17 18 19 20 21 22 23 24  [1;32 3600 0.12210800427858 [0 
1 2 3 4 962 6 7 8 17 10 11 12 582 589 15 16 17 18 19 20 21 22 181 24  [1;32 10800 0.12303973734871 [0 
1 2 3 4 962 6 7 8 17 10 11 12 582 589 15 16 17 18 19 20 21 22 181 24  [1;32 12000 0.12736123810612 [0 
1 2 3 4 962 6 7 8 17 10 11 12 582 589 15 16 17 18 19 20 21 22 181 24  [1;32 13200 0.13075168928045 [0 
1 2 3 4 962 6 7 8 17 10 251 12 582 911 15 16 17 18 19 20 21 167 181 24  [1;32 15600 0.13374734403287 [0 
1 2 3 4 962 6 7 8 815 10 251 12 582 911 15 16 17 18 19 20 21 167 181 24  [1;32 21600 0.13461587868996 [0 
1 2 3 27 962 6 7 8 815 10 251 12 582 396 15 118 17 18 19 20 21 167 184 24  [1;32 24000 0.15153354627522 [0 
1 2 3 27 962 6 7 8 815 10 732 12 582 396 15 118 17 18 19 20 21 167 184 24  [1;32 54000 0.15526323419416 [0 
1 2 3 27 962 6 7 8 815 632 732 12 582 762 997 352 17 18 19 20 21 167 184 24  [1;32 69600 0.17422133521761 [0 
1 2 3 27 962 6 7 8 815 632 732 12 582 762 997 352 17 18 19 20 21 167 184 24  [1;32 70800 0.18741198895425 [0 
1 269 3 27 962 179 7 8 815 632 732 12 339 762 997 352 17 18 488 20 21 167 184 24  [1;32 112800 0.23418167704609 [0 
1 269 3 27 962 179 7 8 815 632 732 12 339 762 997 352 17 18 488 20 21 167 184 24  [1;32 114000 0.30512544910585 [0 
1 269 3 27 974 179 7 8 815 632 981 12 339 534 997 352 17 573 457 20 21 167 184 24  [1;32 121200 0.3580811612483 [0 
1 269 3 27 974 179 7 8 815 632 981 12 339 534 997 352 17 573 457 20 21 167 184 24  [1;32 122400 0.36685689378836 [0 
1 269 3 27 974 585 7 204 761 632 981 12 339 534 997 352 17 573 457 20 21 117 184 24  [1;32 127200 0.44205042669665 [0 
1 269 3 27 974 585 672 6 761 632 981 12 339 534 997 352 78 573 457 20 743 117 184 24  [1;32 133200 0.46652180123459 [0 
1 269 3 27 974 585 672 6 761 632 981 12 339 534 997 352 78 573 457 20 743 117 184 24  [1;32 134400 0.4790991211031 [0 
1 269 3 27 627 585 672 6 761 632 981 12 339 534 997 352 78 573 457 20 743 117 184 24  [1;32 310800 0.49542258484342 [0 
1 269 3 27 627 585 672 6 776 632 981 12 339 534 302 352 78 573 457 20 743 117 866 24  [1;32 330000 0.49738478550756 [0 
1 269 3 27 627 585 672 6 776 632 981 12 339 534 302 352 78 746 457 20 743 117 866 24  [1;32 403200 0.5022655937419 [0 
1 269 3 27 627 585 610 6 776 632 62 12 339 534 218 352 78 746 457 558 743 117 866 459  [1;32 570000 0.53166656142634 [0 
1 269 3 27 627 585 610 994 776 632 62 12 339 534 218 352 78 746 457 558 743 117 866 459  [1;32 1038000 0.53286687530695 [0 
1 269 3 27 627 585 610 994 776 632 62 12 339 347 218 352 78 746 457 558 743 117 331 459  [1;32 1128000 0.53915198088813 [0 
1 269 3 27 627 585 610 994 776 632 62 12 339 347 218 352 78 746 457 570 743 117 331 459  [1;32 1172400 0.55393598939696 [0 
seed 43
1 269 3 27 627 585 610 994 776 632 62 12 339 347 218 352 78 746 457 570 743 117 331 459 
1000 999 
best 0.55393598939696
 [0 
