1 2 3 4 5 6 7 8 9 10 11 12 13 14 15 16 17 18 19 20 21 22 23 24  [1;32 1200 0.094750549851754 [0 
1 625 968 4 18 278 291 8 9 10 11 12 13 14 15 16 17 18 19 20 21 412 23 24  [1;32 86400 0.38862618676017 [0 
1 625 968 4 18 278 291 944 9 496 11 12 13 14 15 16 17 18 19 20 21 412 23 24  [1;32 195600 0.41776128081067 [0 
1 702 968 4 18 278 291 944 9 496 11 244 834 14 15 361 17 18 611 20 21 412 23 763  [1;32 232800 0.44225831039071 [0 
1 702 968 414 18 278 291 944 9 496 11 244 834 146 15 361 17 18 611 20 21 412 23 763  [1;32 259200 0.44523725316366 [0 
1 702 491 414 18 815 304 944 9 496 11 244 98 146 15 361 17 18 611 20 21 412 23 763  [1;32 382800 0.44539738669817 [0 
1 702 491 465 18 815 304 944 514 496 11 244 98 146 15 361 17 18 611 20 21 412 23 763  [1;32 696000 0.44627047144149 [0 
665 702 226 465 18 815 304 944 614 496 11 244 98 146 15 361 17 18 611 20 21 412 23 980  [1;32 832800 0.82514083908507 [0 
665 702 226 465 18 815 304 944 787 548 11 244 98 146 15 361 145 18 611 20 21 412 23 980  [1;32 909600 0.86968368154441 [0 
seed 84
665 702 226 465 18 815 304 944 787 548 11 244 98 146 15 361 145 18 611 20 21 412 23 980 
1000 999 
best 0.86968368154441
 [0 
