1 2 3 4 5 6 7 8 9 10 11 12 13 14 15 16 17 18 19 20 21 22 23 24  [1;32 1200 0.002476478678163 [0 
1 381 3 4 103 6 7 16 9 647 11 12 13 14 327 16 17 18 19 20 21 22 23 377  [1;32 760800 0.20852715917781 [0 
1 381 3 4 103 6 7 16 790 647 11 12 13 14 327 16 17 18 19 20 21 22 23 377  [1;32 987600 0.32997113388234 [0 
1 381 3 50 103 6 7 16 790 647 11 12 13 896 327 160 837 18 832 20 21 791 23 377  [1;32 1117200 0.80237016272723 [0 
1 381 3 50 103 6 7 16 790 647 11 12 13 896 327 160 837 18 832 20 21 791 23 377  [1;32 1118400 0.86407406201171 [0 
1 381 3 877 103 6 7 16 790 647 615 12 13 173 327 160 837 333 832 20 21 791 23 377  [1;32 1239600 0.86493653784288 [0 
seed 24
1 381 3 877 103 6 7 16 790 647 615 12 13 173 327 160 837 333 832 20 21 791 23 377 
1000 999 
best 0.86493653784288
 [0 
