1 2 3 4 5 6 7 8 9 10 11 12 13 14 15 16 17 18 19 20 21 22 23 24  [1;32 1200 0.21945276480128 [0 
1 2 512 4 5 181 7 8 9 299 11 12 13 14 15 16 17 18 19 20 21 22 33 24  [1;32 100800 0.36030202767565 [0 
1 2 512 4 5 181 7 8 9 299 11 12 13 14 15 16 17 18 19 20 21 991 33 960  [1;32 115200 0.77590116324374 [0 
1 2 512 4 5 181 7 8 9 299 11 12 13 14 15 16 17 18 19 20 21 991 33 960  [1;32 116400 0.85966031349033 [0 
1 2 512 647 5 181 7 8 9 299 11 12 13 14 15 16 17 18 19 20 21 991 33 960  [1;32 363600 0.86341538640047 [0 
915 2 512 647 5 181 7 8 9 299 11 366 13 14 15 16 17 18 19 20 458 991 33 960  [1;32 586800 0.86744622353916 [0 
seed 79
915 2 512 647 5 181 7 8 9 299 11 366 13 14 15 16 17 18 19 20 458 991 33 960 
1000 999 
best 0.86744622353916
 [0 
