1 2 3 4 5 6 7 8 9 10 11 12 13 14 15 16 17 18 19 20 21 22 23 24 [1;32m1200 0.42312529315319[0m
1 2 3 4 5 6 7 8 9 10 11 12 13 14 15 16 17 18 19 20 21 22 23 24 [1;32m2400 0.46096589689586[0m
1 2 3 4 5 6 7 8 9 10 467 12 13 508 15 16 17 18 46 20 21 22 23 24 [1;32m4800 0.52315664038932[0m
479 2 3 4 5 6 7 8 372 122 797 8 13 508 15 16 17 18 46 20 21 22 617 24 [1;32m15600 0.5309841874732[0m
479 2 3 912 5 6 7 8 372 122 797 8 13 508 15 16 17 18 46 20 21 22 617 24 [1;32m49200 0.56255423146833[0m
479 2 3 912 5 6 7 849 372 122 797 8 13 508 15 16 10 18 46 121 278 22 595 24 [1;32m170400 0.5924201017394[0m
479 2 3 912 5 226 939 849 372 122 797 8 242 508 15 124 338 18 46 121 278 22 595 24 [1;32m188400 0.60354996105443[0m
479 42 3 912 22 226 939 849 372 973 160 8 242 772 15 124 338 435 46 121 278 22 595 24 [1;32m205200 0.62007762696292[0m
479 42 3 912 22 226 939 849 372 973 160 8 242 772 15 124 338 435 46 121 278 22 595 24 [1;32m206400 0.62248158193956[0m
479 42 88 912 22 226 939 849 618 973 160 8 242 772 15 124 338 435 46 121 278 22 272 24 [1;32m255600 0.62878263001577[0m
479 42 88 912 22 226 939 849 618 973 160 8 242 772 15 124 338 435 46 121 278 22 272 24 [1;32m256800 0.63653587881407[0m
479 568 947 912 22 137 939 849 618 973 160 8 475 772 15 124 338 435 46 121 278 22 272 24 [1;32m409200 0.63843526063229[0m
479 568 947 912 22 137 33 558 618 973 325 8 475 772 15 124 338 435 46 121 278 22 272 24 [1;32m452400 0.65193304816246[0m
seed 3
479 568 947 912 22 137 33 558 618 973 325 8 475 772 15 124 338 435 46 121 278 22 272 24 
1000 999 
best 0.65193304816246
[0m
