1 2 3 4 5 6 7 8 9 10 11 12 13 14 15 16 17 18 19 20 21 22 23 24  [1;32 1200 0.029086854401129 [0 
1 604 3 4 5 6 7 8 9 344 11 12 13 14 15 16 17 18 19 20 21 22 23 24  [1;32 3600 0.049963795088813 [0 
1 604 3 4 5 6 7 8 9 344 11 12 13 14 15 16 17 18 19 20 21 22 23 24  [1;32 4800 0.11911875064825 [0 
1 604 3 4 5 6 7 431 9 344 11 12 471 14 15 16 92 256 19 20 21 22 23 24  [1;32 27600 0.13885907558645 [0 
1 604 3 22 212 6 7 431 9 344 11 12 471 14 15 16 535 256 19 20 21 22 23 24  [1;32 67200 0.16926374598034 [0 
1 604 3 353 212 6 7 431 9 344 11 12 471 14 15 16 297 256 19 20 21 22 23 24  [1;32 102000 0.17695814812811 [0 
1 604 3 353 212 6 7 431 9 344 11 689 471 14 15 16 297 256 19 20 21 22 23 24  [1;32 138000 0.17793349326146 [0 
1 604 3 353 212 6 7 431 9 280 11 689 471 14 15 16 297 256 648 20 21 22 23 24  [1;32 462000 0.19155161531292 [0 
1 604 3 353 212 6 7 431 9 280 11 689 471 14 15 16 297 885 648 20 21 22 23 24  [1;32 541200 0.20258617473178 [0 
1 381 212 353 212 6 7 765 9 518 11 689 471 14 15 16 297 885 648 20 21 22 23 24  [1;32 1084800 0.20807940966189 [0 
seed 89
1 381 212 353 212 6 7 765 9 518 11 689 471 14 15 16 297 885 648 20 21 22 23 24 
1000 999 
best 0.20807940966189
 [0 
