1 2 3 4 5 6 7 8 9 10 11 12 13 14 15 16 17 18 19 20 21 22 23 24  [1;32 1200 0.21863220560818 [0 
1 2 15 94 5 6 7 8 9 10 788 12 13 199 399 16 17 18 19 20 21 22 23 24  [1;32 294000 0.79181447097191 [0 
1 2 15 94 5 6 7 8 9 10 788 12 13 199 399 16 17 18 19 20 21 22 23 24  [1;32 295200 0.8829081673562 [0 
1 2 15 94 5 6 7 8 368 10 788 12 13 199 399 16 17 18 889 20 21 22 23 24  [1;32 297600 0.88711049483471 [0 
1 438 15 94 5 6 7 8 368 10 788 12 13 199 399 16 17 267 889 277 21 372 23 24  [1;32 324000 0.88877863218392 [0 
1 438 15 49 5 6 7 8 368 10 127 459 13 199 399 16 17 267 889 277 21 372 23 24  [1;32 1106400 0.88878635168523 [0 
1 438 15 49 5 6 7 8 368 10 127 459 13 199 399 536 17 267 889 277 21 372 23 24  [1;32 1406400 0.88882169497531 [0 
seed 18
1 438 15 49 5 6 7 8 368 10 127 459 13 199 399 536 17 267 889 277 21 372 23 24 
1000 999 
best 0.88882169497531
 [0 
