1 2 3 4 5 6 7 8 9 10 11 12 13 14 15 16 17 18 19 20 21 22 23 24  [1;32 1200 0.052223874749772 [0 
1 2 3 4 5 843 7 8 9 10 11 12 841 14 15 16 17 18 422 20 21 22 23 223  [1;32 16800 0.32612089292578 [0 
1 2 268 4 5 215 7 8 9 10 11 12 841 14 15 16 17 18 422 20 21 22 23 223  [1;32 39600 0.79211197640071 [0 
1 2 268 4 5 215 7 8 9 10 11 12 841 14 15 16 17 18 422 20 21 22 23 223  [1;32 40800 0.89147608851143 [0 
1 2 268 4 5 535 7 525 9 10 11 143 841 14 15 16 17 18 422 940 21 22 23 223  [1;32 50400 0.89195764610627 [0 
531 2 268 4 5 535 596 525 9 10 11 143 841 14 15 16 17 18 422 940 781 22 23 223  [1;32 92400 0.8927210026527 [0 
831 2 268 4 984 535 596 525 9 10 11 143 841 14 15 16 17 18 422 940 781 22 23 379  [1;32 202800 0.89473677804964 [0 
831 2 268 4 984 535 596 525 9 10 544 143 841 14 15 16 17 18 422 940 781 22 23 379  [1;32 214800 0.89600543236587 [0 
seed 96
831 2 268 4 984 535 596 525 9 10 544 143 841 14 15 16 17 18 422 940 781 22 23 379 
1000 999 
best 0.89600543236587
 [0 
