1 2 421 4 5 6 682 389 9 10 11 12 13 14 15 16 17 18 19 738 21 521 23 24  [1;32 40800 0.017946504367288 [0 
1 2 421 4 5 6 682 389 9 10 11 12 13 14 15 16 17 18 19 738 21 521 23 24  [1;32 42000 0.026245774181369 [0 
1 2 421 4 5 6 682 389 9 10 11 12 13 14 15 16 17 18 19 738 21 951 23 24  [1;32 60000 0.032814841237151 [0 
1 2 421 4 5 6 682 389 859 10 11 12 13 14 15 16 17 18 352 925 21 951 23 24  [1;32 84000 0.033246195353094 [0 
1 2 421 4 5 6 280 850 859 10 11 442 13 14 15 16 17 18 352 114 21 951 674 24  [1;32 138000 0.037064380616055 [0 
1 2 421 4 5 6 280 850 859 10 11 442 13 14 15 16 17 18 352 114 21 951 674 24  [1;32 139200 0.039484548009063 [0 
1 58 421 4 5 6 280 850 859 10 11 442 13 14 15 16 17 18 352 406 21 951 674 24  [1;32 176400 0.046642375867616 [0 
1 58 421 4 5 226 280 850 859 10 11 442 13 14 15 16 17 18 352 406 21 951 674 24  [1;32 219600 0.046719915418963 [0 
1 58 421 4 5 226 280 850 859 10 11 586 13 14 15 16 17 18 352 406 21 951 674 24  [1;32 274800 0.053249244015664 [0 
1 58 421 4 5 226 280 850 859 10 252 586 13 14 15 16 17 18 352 406 21 951 674 24  [1;32 489600 0.056247922538023 [0 
seed 43
1 58 421 4 5 226 280 850 859 10 252 586 13 14 15 16 17 18 352 406 21 951 674 24 
1000 999 
best 0.056247922538023
 [0 
