1 2 3 4 5 6 7 8 9 10 11 12 13 14 15 16 17 18 19 20 21 22 23 24 [1;32m1200 0.0074327196549565[0m
1 2 3 4 5 6 7 8 9 10 11 12 13 14 15 16 17 18 19 20 21 22 23 24 [1;32m2400 0.009077933311141[0m
1 2 3 4 5 6 7 8 9 920 11 12 13 14 15 16 17 18 19 20 21 22 495 24 [1;32m12000 0.010661520979311[0m
1 2 220 4 15 6 7 8 9 920 11 12 13 14 15 258 17 18 401 20 21 722 495 24 [1;32m20400 0.011559557018548[0m
1 2 220 4 15 498 7 8 9 920 11 12 13 14 15 258 17 18 401 20 21 722 495 24 [1;32m26400 0.012382951869953[0m
1 2 307 4 15 498 7 8 9 920 11 12 13 14 15 258 17 18 401 20 21 722 495 24 [1;32m28800 0.014038352733881[0m
1 2 536 4 15 498 7 8 9 920 11 12 13 14 403 258 540 18 401 20 21 491 495 24 [1;32m44400 0.016512453694664[0m
1 2 536 4 15 498 7 8 9 920 11 12 13 14 403 258 540 18 401 898 21 491 495 24 [1;32m70800 0.016517212285241[0m
1 2 536 4 15 498 495 8 9 920 11 12 13 14 403 258 540 18 401 898 21 491 495 24 [1;32m108000 0.017343575414018[0m
173 2 536 4 15 498 495 8 9 920 11 324 13 985 403 258 540 18 401 898 21 491 540 24 [1;32m134400 0.050360469738495[0m
173 2 536 4 15 498 495 8 9 920 11 324 13 985 403 258 540 18 401 898 21 491 540 24 [1;32m135600 0.053664829910525[0m
173 2 536 4 15 498 495 8 9 920 11 324 13 985 403 258 540 18 401 898 21 491 540 24 [1;32m136800 0.056971475311457[0m
173 2 536 4 15 498 495 8 9 920 11 324 13 985 403 258 540 18 401 898 21 491 540 24 [1;32m138000 0.062590236772644[0m
173 2 536 11 15 498 495 8 9 920 11 324 13 985 403 258 540 18 522 898 803 491 131 24 [1;32m140400 0.065221813155753[0m
173 2 536 11 15 914 495 8 9 920 11 324 13 985 403 258 802 18 522 12 562 491 729 24 [1;32m456000 0.17026642408534[0m
173 2 536 11 15 914 495 8 9 920 11 324 13 985 403 258 802 18 522 12 562 491 729 24 [1;32m457200 0.21850366133885[0m
173 2 536 11 15 914 495 8 9 810 11 599 13 985 403 258 802 18 522 12 562 491 729 24 [1;32m462000 0.29484603243448[0m
173 2 536 11 15 914 495 8 9 810 514 599 13 985 403 258 802 18 522 399 562 491 729 24 [1;32m465600 0.31080125302584[0m
173 102 536 11 15 914 495 524 9 810 514 599 13 985 403 258 802 18 522 399 562 491 729 24 [1;32m470400 0.32164579889721[0m
173 102 536 11 15 914 495 524 9 810 514 599 13 985 672 258 802 18 522 399 562 491 729 24 [1;32m488400 0.33586316431476[0m
173 102 536 11 15 914 495 889 9 810 514 599 13 985 672 258 802 18 522 585 562 491 729 24 [1;32m595200 0.35071683473209[0m
173 102 536 11 15 914 495 889 9 810 514 599 13 985 672 258 802 18 522 585 562 491 382 24 [1;32m631200 0.41776985079675[0m
611 102 42 11 15 914 495 889 9 810 643 599 13 757 672 258 802 18 522 585 562 491 382 24 [1;32m640800 0.42788631513066[0m
480 102 42 11 15 914 495 889 667 810 643 140 13 757 731 258 802 18 522 585 562 457 382 24 [1;32m652800 0.47990037116804[0m
480 102 42 11 15 914 495 889 667 810 643 140 13 757 731 258 802 18 522 585 562 457 382 24 [1;32m654000 0.52067541263361[0m
480 102 42 11 15 914 495 889 667 810 643 140 13 757 731 258 802 18 522 585 562 457 382 24 [1;32m655200 0.59420216181776[0m
480 102 42 11 15 914 495 889 667 810 293 802 13 757 731 258 802 18 522 585 562 457 382 24 [1;32m722400 0.59986380214865[0m
seed 49
480 102 42 11 15 914 495 889 667 810 293 802 13 757 731 258 802 18 522 585 562 457 382 24 
1000 999 
best 0.59986380214865
[0m
