1 2 3 4 5 6 7 8 9 10 11 12 13 14 15 16 17 18 19 20 21 22 23 24 [1;32m1200 0.00082651195983282[0m
419 2 3 900 5 6 787 8 9 10 11 953 13 14 15 16 661 18 19 20 21 22 23 24 [1;32m10800 0.18976608648084[0m
419 2 3 900 5 100 930 8 9 10 11 953 13 14 15 400 661 18 19 20 21 22 23 24 [1;32m172800 0.35384728864543[0m
419 2 3 900 5 100 930 617 9 10 11 953 13 14 15 76 661 18 19 20 21 22 23 24 [1;32m183600 0.36338793888304[0m
419 2 3 900 5 100 930 617 9 10 11 953 13 14 15 76 661 18 19 20 21 22 23 24 [1;32m184800 0.43524831941119[0m
419 811 3 24 5 100 930 617 9 10 11 953 13 14 477 76 661 18 19 20 21 22 23 24 [1;32m194400 0.47093932521104[0m
689 811 3 24 338 100 930 617 299 10 11 953 13 14 477 76 661 18 19 20 21 22 23 24 [1;32m249600 0.6935191570503[0m
689 811 3 814 338 100 930 617 299 10 784 953 13 14 477 76 661 18 19 20 21 498 23 24 [1;32m304800 0.76408432320179[0m
689 811 3 814 338 100 930 617 299 10 784 953 13 14 477 76 661 18 19 20 21 498 23 24 [1;32m306000 0.81668067564128[0m
689 811 3 814 338 100 930 617 299 10 784 953 13 14 477 76 661 18 19 20 21 498 23 24 [1;32m307200 0.86488236273437[0m
689 811 3 814 338 100 264 617 299 10 784 953 13 14 477 76 661 624 19 20 21 498 162 210 [1;32m309600 0.87090036009262[0m
689 811 3 814 338 100 264 617 299 10 784 953 350 14 477 76 661 624 19 156 21 498 162 210 [1;32m489600 0.87938523763048[0m
seed 25
689 811 3 814 338 100 264 617 299 10 784 953 350 14 477 76 661 624 19 156 21 498 162 210 
1000 999 
best 0.87938523763048
[0m
