1 2 3 4 5 6 7 8 9 10 11 12 13 14 15 16 17 18 19 20 21 22 23 24 [1;32m1200 0.012381600131286[0m
1 2 3 4 5 6 7 8 9 10 11 12 13 651 464 16 17 18 19 20 21 22 23 24 [1;32m3600 0.014862212292841[0m
1 2 3 4 5 6 7 8 9 10 11 12 13 651 464 16 17 18 19 20 21 22 23 24 [1;32m4800 0.017336173728255[0m
1 2 3 69 5 6 7 518 9 10 11 12 13 651 464 16 17 914 19 20 21 22 835 7 [1;32m10800 0.020642402889859[0m
1 2 3 69 5 6 569 285 9 10 11 12 13 651 464 180 17 897 19 20 21 22 835 7 [1;32m16800 0.020642417179246[0m
1 2 3 69 5 6 569 285 9 10 11 12 13 651 464 180 17 897 19 20 21 22 835 7 [1;32m18000 0.022287819852287[0m
1 2 3 69 5 6 569 285 9 10 11 12 13 651 464 180 17 897 19 20 21 22 835 7 [1;32m19200 0.023117971609339[0m
219 186 3 69 5 6 569 285 9 101 11 12 13 651 464 180 17 897 194 20 21 22 297 7 [1;32m27600 0.028070711636734[0m
219 186 3 769 5 6 631 285 9 101 11 12 13 651 464 808 17 897 194 20 21 22 297 693 [1;32m38400 0.033748489792144[0m
219 186 155 769 5 6 631 285 9 101 11 12 13 651 464 808 17 897 194 708 21 22 297 693 [1;32m64800 0.034170884936633[0m
219 186 667 769 5 6 631 285 9 101 11 12 13 651 464 808 17 897 194 708 21 22 297 693 [1;32m69600 0.034677601115043[0m
433 186 667 769 5 6 631 596 9 101 11 12 13 651 464 808 506 897 194 708 21 210 297 693 [1;32m78000 0.046025959590222[0m
433 186 615 769 5 6 631 596 9 101 11 12 13 651 464 808 506 427 194 708 21 210 297 693 [1;32m90000 0.046808326475216[0m
433 186 615 769 5 6 631 596 9 101 11 12 13 651 464 808 506 427 194 708 21 210 297 693 [1;32m91200 0.050013530481945[0m
382 186 615 769 5 855 631 596 9 101 11 12 13 651 464 808 506 427 194 708 554 303 297 457 [1;32m93600 0.056817392110832[0m
382 186 615 769 5 855 631 596 601 101 11 12 784 651 464 808 506 427 194 151 554 303 297 457 [1;32m96000 0.085201325528241[0m
382 186 615 769 182 855 631 596 601 101 11 12 784 651 464 808 506 427 194 151 554 303 297 457 [1;32m375600 0.097676255300458[0m
382 186 815 769 182 855 631 596 601 101 11 12 784 651 464 808 506 427 194 151 554 303 297 457 [1;32m402000 0.11146347492716[0m
382 186 815 246 182 855 631 596 601 101 11 12 784 651 464 808 506 427 194 151 554 303 297 457 [1;32m985200 0.17517397174554[0m
382 186 815 246 182 855 631 596 601 101 11 555 784 651 464 808 506 668 852 151 596 598 297 457 [1;32m1077600 0.1983390309991[0m
160 186 815 246 182 855 631 144 601 101 11 512 784 651 464 808 937 668 852 824 596 247 297 457 [1;32m1130400 0.19898214344968[0m
160 186 815 246 182 202 631 144 601 101 11 512 784 651 464 808 937 668 852 557 596 247 297 457 [1;32m1137600 0.19907658717347[0m
160 186 815 246 182 208 631 144 601 101 11 494 784 651 856 808 937 668 209 557 596 247 297 457 [1;32m1143600 0.20421839996382[0m
160 186 815 246 182 208 307 949 601 101 517 494 784 651 856 34 937 668 209 557 596 247 297 457 [1;32m1239600 0.20494588306709[0m
seed 17
160 186 815 246 182 208 307 949 601 101 517 494 784 651 856 34 937 668 209 557 596 247 297 457 
1000 999 
best 0.20494588306709
[0m
