1 2 3 4 5 6 7 8 9 10 11 12 13 14 15 16 17 18 19 20 21 22 23 24 [1;32m1200 0.05847353896661[0m
1 2 3 4 5 6 7 8 9 10 11 12 13 14 15 16 17 18 19 20 21 22 23 24 [1;32m2400 0.064933859208191[0m
1 2 3 4 5 6 7 8 9 10 11 12 13 14 15 16 17 18 19 20 21 22 23 24 [1;32m3600 0.085604284161143[0m
1 234 3 4 5 626 537 8 9 10 11 12 13 14 15 16 675 18 744 20 21 157 23 24 [1;32m12000 0.087110918563182[0m
1 234 3 4 5 626 537 8 614 111 11 733 13 14 41 16 675 463 744 20 21 157 23 24 [1;32m22800 0.14178627646814[0m
1 234 3 4 5 626 537 8 614 111 11 733 13 14 41 16 675 463 744 20 21 157 23 24 [1;32m24000 0.1626668301198[0m
1 234 3 4 5 626 537 8 614 111 977 733 965 14 41 56 675 463 744 20 21 157 23 24 [1;32m26400 0.19867773231852[0m
1 234 3 4 271 626 537 92 614 111 583 733 965 14 41 56 675 463 744 20 21 157 405 426 [1;32m38400 0.22374352190405[0m
1 234 3 4 271 626 537 92 614 111 583 733 965 14 41 56 675 463 744 20 21 157 405 426 [1;32m39600 0.23051832865708[0m
1 234 3 4 271 626 537 92 614 111 572 733 965 14 41 56 675 463 744 20 21 157 405 426 [1;32m44400 0.23089084691155[0m
1 234 3 4 271 626 537 667 614 551 572 733 965 14 41 56 675 463 744 20 21 157 405 426 [1;32m88800 0.24275874357767[0m
1 234 14 4 271 626 537 667 614 551 572 733 965 14 41 56 996 463 744 20 846 157 405 426 [1;32m96000 0.2500573112132[0m
1 234 14 4 271 626 537 667 614 551 572 733 965 14 41 56 996 463 744 20 846 157 405 426 [1;32m97200 0.29715846813611[0m
277 234 14 4 271 626 537 667 614 909 572 733 580 14 41 56 996 463 744 20 846 157 405 426 [1;32m102000 0.29878083287318[0m
277 234 14 4 271 626 537 667 614 909 572 733 580 14 41 56 996 463 744 20 846 157 405 426 [1;32m103200 0.32185450345924[0m
277 234 14 4 271 626 537 667 614 909 572 733 580 14 41 56 996 463 744 20 198 157 405 426 [1;32m115200 0.33153353692129[0m
277 234 14 4 271 626 537 667 808 909 572 733 580 14 41 56 996 463 744 20 198 157 405 426 [1;32m128400 0.33602697795637[0m
277 234 794 4 271 626 537 667 808 909 572 733 580 14 41 969 996 463 744 20 198 157 405 733 [1;32m220800 0.34101012766443[0m
277 335 218 4 271 626 537 52 808 909 572 733 580 14 41 969 996 463 744 20 186 157 405 733 [1;32m315600 0.3561387430775[0m
268 335 218 4 271 626 6 52 808 508 572 733 580 14 41 969 996 463 744 20 673 157 405 733 [1;32m408000 0.37287756332194[0m
268 335 218 4 419 720 6 52 808 938 572 733 580 14 41 969 996 463 555 20 550 157 405 733 [1;32m459600 0.44849586988845[0m
268 335 218 4 419 720 6 296 808 163 572 733 580 14 41 969 996 463 555 20 550 157 405 733 [1;32m480000 0.46071063126836[0m
268 335 218 4 419 720 6 296 808 163 572 733 580 14 41 969 996 463 555 20 550 157 405 733 [1;32m481200 0.47004103375919[0m
268 335 218 4 419 720 6 296 808 163 572 733 580 14 41 969 996 463 555 20 550 61 211 733 [1;32m531600 0.49103406689719[0m
577 335 35 4 419 720 6 547 808 163 572 703 580 14 41 969 996 463 555 20 999 61 211 733 [1;32m621600 0.49835181188518[0m
577 335 35 4 419 163 6 372 64 163 572 703 580 14 41 969 996 89 555 20 999 61 211 733 [1;32m1130400 0.50781621436575[0m
seed 19
577 335 35 4 419 163 6 372 64 163 572 703 580 14 41 969 996 89 555 20 999 61 211 733 
1000 999 
best 0.50781621436575
[0m
