1 2 3 4 5 6 7 8 9 881 366 12 13 14 15 52 17 18 19 20 784 22 23 24 [1;32m70800 0.02631239607994[0m
1 2 3 4 5 6 7 8 9 881 366 12 970 14 15 52 17 18 19 20 784 22 23 24 [1;32m76800 0.037103089625381[0m
838 2 3 103 5 6 7 8 9 987 366 12 970 14 15 52 17 18 19 20 784 22 23 24 [1;32m94800 0.049172370169204[0m
838 2 3 103 5 6 7 8 9 987 366 12 970 777 15 52 553 18 19 20 784 664 23 456 [1;32m130800 0.41045923191308[0m
838 2 3 103 5 6 7 8 9 987 366 12 970 777 15 52 553 18 19 20 784 664 23 456 [1;32m132000 0.42912020348409[0m
838 2 3 103 5 6 7 8 9 987 366 12 970 777 15 52 553 18 19 20 784 664 23 456 [1;32m133200 0.4652907169219[0m
838 2 3 518 448 6 7 8 671 987 366 12 970 777 15 52 553 18 19 20 784 664 23 456 [1;32m141600 0.61081027985464[0m
838 2 3 518 448 6 7 8 671 987 366 12 970 777 15 52 553 301 19 20 784 664 23 456 [1;32m147600 0.64582837213242[0m
838 178 3 518 448 6 7 551 552 639 366 12 970 807 15 52 553 301 19 20 784 664 23 456 [1;32m159600 0.6892115259243[0m
838 178 3 518 448 6 7 551 552 639 366 12 970 807 15 52 553 301 19 20 784 664 23 456 [1;32m160800 0.71125721073317[0m
838 178 3 518 448 6 7 551 552 639 366 12 970 807 15 52 553 301 19 20 784 664 23 456 [1;32m162000 0.85201605531389[0m
838 178 3 518 448 6 7 551 552 639 366 12 970 807 15 52 553 301 19 68 784 664 23 456 [1;32m164400 0.86230343320655[0m
838 178 3 518 448 6 7 551 552 387 366 12 970 807 15 52 553 301 19 68 784 664 23 456 [1;32m166800 0.8640356586231[0m
seed 6
838 178 3 518 448 6 7 551 552 387 366 12 970 807 15 52 553 301 19 68 784 664 23 456 
1000 999 
best 0.8640356586231
[0m
