1 2 3 4 5 6 7 8 9 10 11 12 13 14 15 16 17 18 19 20 21 22 23 24  [1;32 1200 0.13518027554649 [0 
1 2 3 4 5 6 7 8 9 10 11 12 13 14 15 16 17 18 19 20 21 22 23 24  [1;32 2400 0.17492416050363 [0 
1 2 3 4 5 6 7 8 9 10 11 12 13 14 15 16 17 18 19 20 21 22 23 24  [1;32 3600 0.19244934522339 [0 
1 2 3 4 5 6 7 8 9 10 11 12 13 14 15 16 17 18 19 20 21 22 23 24  [1;32 4800 0.23367278573479 [0 
1 642 3 4 5 6 7 8 9 436 11 12 13 14 348 16 17 28 19 20 21 22 23 24  [1;32 13200 0.24522490073113 [0 
1 642 3 4 5 6 7 8 9 594 11 12 13 14 348 16 960 28 978 20 21 22 678 24  [1;32 46800 0.30057008327379 [0 
1 642 3 4 5 6 7 8 9 594 11 12 13 14 348 378 960 28 978 20 21 22 678 24  [1;32 49200 0.30301823715642 [0 
1 642 3 4 5 6 7 8 9 594 11 12 13 14 348 378 960 28 978 20 21 22 678 24  [1;32 50400 0.3104430663309 [0 
1 642 3 4 5 6 7 652 9 594 431 272 13 14 348 378 960 28 978 20 21 22 180 24  [1;32 55200 0.33357270325799 [0 
1 642 3 4 5 6 7 652 9 594 431 272 13 14 348 378 960 28 978 20 21 22 180 24  [1;32 56400 0.33522135456087 [0 
1 642 593 4 5 6 7 652 9 594 431 272 13 254 348 378 960 28 978 20 21 22 180 24  [1;32 79200 0.37156630424029 [0 
1 642 593 4 5 6 7 652 9 594 431 272 13 254 348 378 960 28 978 20 21 22 180 511  [1;32 96000 0.37170538681194 [0 
549 642 593 4 5 6 343 737 9 594 431 272 13 254 348 378 200 28 978 20 21 22 180 511  [1;32 132000 0.42190960244637 [0 
549 642 593 4 5 6 343 737 9 594 431 272 13 254 348 378 200 28 978 20 624 329 180 511  [1;32 276000 0.46124884337221 [0 
549 642 783 4 5 6 343 780 9 594 431 272 80 254 348 378 200 28 978 530 624 329 180 179  [1;32 284400 0.50028630953357 [0 
549 642 783 4 5 6 343 780 925 594 431 272 80 254 348 378 200 28 978 530 624 329 180 179  [1;32 386400 0.50661679865478 [0 
549 642 783 4 5 6 343 780 925 594 431 272 80 153 348 684 200 28 978 532 624 329 180 179  [1;32 495600 0.52513319455336 [0 
549 642 783 742 5 6 343 780 925 594 431 272 80 153 348 684 200 94 978 532 945 329 180 179  [1;32 513600 0.5533369586987 [0 
549 126 783 742 5 6 343 780 925 594 431 272 80 153 348 684 200 94 978 532 945 329 180 179  [1;32 620400 0.61162322937659 [0 
348 126 783 647 5 6 343 780 925 594 431 272 80 153 348 684 200 94 978 532 945 329 180 179  [1;32 625200 0.611696932013 [0 
348 126 783 647 5 6 343 780 925 594 555 272 80 153 348 684 448 94 978 532 945 329 180 102  [1;32 628800 0.6265222146584 [0 
348 126 783 647 5 6 744 780 925 594 555 272 80 153 348 280 448 94 978 532 945 329 180 102  [1;32 636000 0.71899284738869 [0 
276 126 783 647 5 6 744 780 925 594 555 128 80 153 348 945 448 94 978 532 945 329 180 102  [1;32 646800 0.72386672186565 [0 
276 126 783 647 5 298 436 614 925 594 555 128 80 153 348 945 448 94 978 532 945 329 180 102  [1;32 694800 0.76006652113459 [0 
276 126 783 647 5 298 436 614 925 594 555 672 80 153 348 945 448 816 978 532 945 329 180 102  [1;32 721200 0.76049305407803 [0 
276 126 783 347 894 298 379 614 925 594 555 672 80 153 348 945 24 816 978 532 945 329 652 102  [1;32 871200 0.79645978656273 [0 
276 126 783 347 894 298 379 614 925 48 555 789 80 725 348 945 24 816 978 532 945 329 652 102  [1;32 891600 0.81732937726617 [0 
seed 88
276 126 783 347 894 298 379 614 925 48 555 789 80 725 348 945 24 816 978 532 945 329 652 102 
1000 999 
best 0.81732937726617
 [0 
