179 165 3 4 5 6 7 8 134 10 11 12 13 14 912 16 17 18 19 20 251 22 264 24  [1;32 49200 0.24919893239544 [0 
179 165 3 4 5 6 7 8 134 10 11 189 418 14 128 814 401 18 19 20 251 22 264 24  [1;32 61200 0.41657533485113 [0 
179 165 3 4 5 6 7 8 134 10 11 189 418 14 128 814 401 18 19 20 251 22 264 24  [1;32 62400 0.42862892628384 [0 
179 165 3 4 5 6 7 8 134 10 11 189 418 14 128 814 401 18 19 20 251 22 264 24  [1;32 63600 0.44731779437203 [0 
179 165 3 4 5 6 7 8 134 10 11 189 418 14 128 814 401 18 19 20 251 22 264 24  [1;32 64800 0.46454804814974 [0 
179 165 3 4 5 6 7 8 134 10 11 189 418 14 128 814 401 18 19 20 251 22 264 24  [1;32 66000 0.4652558336248 [0 
179 165 3 4 5 6 7 8 134 10 11 189 418 14 128 814 401 18 19 20 251 22 264 24  [1;32 67200 0.4777080554084 [0 
179 165 3 4 5 6 7 8 134 10 11 189 418 14 128 814 401 18 19 20 251 22 264 24  [1;32 68400 0.48239377524128 [0 
179 165 3 4 5 6 7 8 134 10 11 189 418 14 128 814 401 18 19 20 251 22 264 24  [1;32 69600 0.48493313864592 [0 
179 165 3 4 5 6 7 8 134 10 11 189 418 14 128 814 401 18 19 20 251 22 264 24  [1;32 70800 0.48575882311315 [0 
179 165 3 4 5 6 7 8 134 10 11 189 418 14 128 814 401 18 19 20 251 22 264 24  [1;32 72000 0.48838063769958 [0 
179 165 3 4 5 6 7 8 134 10 11 189 418 14 128 814 401 18 19 20 251 22 264 24  [1;32 73200 0.489784942504 [0 
179 165 3 943 589 892 354 8 134 10 11 189 702 14 128 814 401 18 19 20 251 22 264 24  [1;32 88800 0.69397299825146 [0 
179 165 792 943 589 892 354 8 134 10 11 189 702 14 128 814 401 18 19 20 251 22 264 24  [1;32 100800 0.76183295151002 [0 
179 165 792 943 589 892 354 8 134 10 11 189 702 14 128 814 401 18 19 20 251 22 264 24  [1;32 102000 0.86864142060121 [0 
179 165 792 943 589 892 354 8 134 10 11 189 702 14 128 814 401 18 19 20 251 22 264 24  [1;32 103200 0.88196424036602 [0 
179 165 792 943 589 892 354 8 134 10 11 189 702 14 128 814 401 18 19 20 251 22 264 24  [1;32 104400 0.88531633284781 [0 
179 165 792 492 589 892 354 8 871 10 11 189 702 14 128 814 401 18 19 20 251 22 572 24  [1;32 148800 0.89751169206995 [0 
179 165 792 492 589 892 354 8 871 449 11 189 317 14 128 814 401 18 19 580 251 22 572 24  [1;32 154800 0.90252589457703 [0 
179 165 792 492 589 892 838 8 871 449 11 189 317 14 128 814 401 18 19 580 251 140 572 24  [1;32 163200 0.90453829837693 [0 
179 165 792 492 589 892 552 8 871 449 91 189 317 14 348 814 401 18 19 580 251 140 572 24  [1;32 170400 0.90464665392746 [0 
179 165 792 492 589 892 552 8 871 449 91 189 317 14 348 814 401 18 56 580 251 140 572 24  [1;32 231600 0.90542452067131 [0 
179 165 792 492 589 892 552 8 871 449 91 925 317 14 613 919 401 18 56 580 251 140 572 24  [1;32 253200 0.90640801749043 [0 
179 165 792 492 589 892 552 8 22 449 91 925 317 14 613 919 401 745 56 580 251 956 572 24  [1;32 346800 0.90939596628186 [0 
seed 94
179 165 792 492 589 892 552 8 22 449 91 925 317 14 613 919 401 745 56 580 251 956 572 24 
1000 999 
best 0.90939596628186
 [0 
