1 2 3 4 5 6 7 8 9 10 11 12 13 14 15 16 17 18 19 20 21 22 23 24 [1;32m1200 0.21903866943179[0m
1 2 3 4 5 6 7 8 9 10 11 12 13 14 15 16 17 18 19 20 21 22 430 24 [1;32m150000 0.45384535769079[0m
1 2 3 4 5 6 7 8 9 10 11 12 13 14 588 16 17 18 19 20 21 22 11 24 [1;32m471600 0.76385926139007[0m
1 2 3 4 5 6 7 8 9 10 11 12 13 14 588 16 17 18 19 20 21 22 11 24 [1;32m472800 0.84839964121709[0m
1 2 3 4 5 6 7 8 9 10 11 12 13 14 588 16 17 18 340 20 21 22 11 24 [1;32m510000 0.84903249274348[0m
1 2 3 4 5 6 7 8 9 10 546 12 13 14 588 16 17 18 340 20 21 22 11 24 [1;32m512400 0.85062504585962[0m
5 2 3 4 651 6 486 8 460 10 546 12 13 14 588 16 17 267 340 20 21 360 11 24 [1;32m889200 0.85064446751596[0m
5 2 3 4 651 6 486 14 460 10 546 12 37 14 588 16 17 483 340 954 21 360 11 24 [1;32m1003200 0.85181213171651[0m
5 2 3 4 651 6 974 14 460 10 546 12 37 14 588 16 17 483 340 946 21 836 11 24 [1;32m1093200 0.87767092780889[0m
5 2 3 4 651 6 974 14 526 10 546 12 746 233 588 16 17 483 340 946 21 836 11 278 [1;32m1096800 0.88560940535891[0m
5 2 3 4 651 6 699 14 526 10 546 12 746 233 588 16 17 483 340 946 21 836 11 866 [1;32m1099200 0.88974784318116[0m
5 2 3 4 254 6 699 14 526 10 546 40 746 245 588 16 17 483 340 946 21 836 11 674 [1;32m1102800 0.89174787357061[0m
5 317 3 4 917 6 699 14 526 10 863 40 746 245 588 16 17 483 340 946 21 836 11 674 [1;32m1161600 0.89231873406619[0m
5 317 3 498 917 6 21 477 272 10 863 40 746 245 588 16 17 483 340 946 21 836 11 909 [1;32m1173600 0.89260125216783[0m
5 317 409 498 917 996 333 477 272 10 863 40 746 245 588 16 17 483 340 946 21 836 142 38 [1;32m1202400 0.89342016221468[0m
5 317 409 291 917 996 333 477 272 10 863 40 746 513 588 16 17 483 340 946 21 836 729 38 [1;32m1428000 0.89423045517218[0m
seed 78
5 317 409 291 917 996 333 477 272 10 863 40 746 513 588 16 17 483 340 946 21 836 729 38 
1000 999 
best 0.89423045517218
[0m
