1 2 3 4 5 6 7 8 9 10 11 12 13 14 15 16 17 18 19 20 21 22 23 24  [1;32 1200 0.0014683039473609 [0 
1 2 3 4 5 6 7 8 9 10 11 12 13 14 15 16 17 18 19 20 21 22 23 24  [1;32 2400 0.0015206795520614 [0 
1 2 30 4 5 6 7 8 80 359 11 12 13 14 15 16 17 18 19 20 21 22 23 24  [1;32 7200 0.0020212699463723 [0 
982 63 30 4 5 6 7 128 80 359 11 12 13 14 15 16 17 18 686 20 21 941 23 24  [1;32 14400 0.83243864696328 [0 
229 63 30 4 5 6 44 128 582 412 11 12 13 14 15 16 17 18 686 20 21 941 23 24  [1;32 31200 0.85004812398296 [0 
175 63 30 4 5 6 44 128 582 795 11 76 396 14 15 16 17 18 686 593 21 941 940 24  [1;32 33600 0.85250924743548 [0 
seed 40
175 63 30 4 5 6 44 128 582 795 11 76 396 14 15 16 17 18 686 593 21 941 940 24 
1000 999 
best 0.85250924743548
 [0 
