1 2 3 4 5 6 7 8 9 10 11 12 13 14 15 16 17 18 19 20 21 22 23 24 [1;32m1200 0.21947477013141[0m
1 2 3 4 5 6 7 8 9 10 11 12 238 553 15 16 153 736 19 20 21 800 884 24 [1;32m133200 0.68432712190831[0m
1 2 3 4 5 6 7 8 9 10 11 12 238 553 15 16 153 736 19 20 21 800 884 24 [1;32m134400 0.75924249740125[0m
1 2 3 4 5 6 7 8 9 10 11 12 238 553 15 16 153 736 19 20 21 800 884 24 [1;32m135600 0.77367650250068[0m
1 740 3 4 5 6 7 8 9 10 11 12 238 553 15 16 491 736 19 20 21 800 884 24 [1;32m139200 0.7743165666777[0m
1 740 3 4 5 6 7 8 9 10 11 12 238 553 15 16 491 736 19 316 21 800 884 24 [1;32m248400 0.78408567219449[0m
1 740 3 4 5 6 474 8 9 45 11 12 238 821 15 16 491 736 19 316 21 800 884 24 [1;32m282000 0.79074148400824[0m
seed 50
1 740 3 4 5 6 474 8 9 45 11 12 238 821 15 16 491 736 19 316 21 800 884 24 
1000 999 
best 0.79074148400824
[0m
