1 2 3 4 5 6 7 8 9 10 11 12 13 14 15 16 17 18 19 20 21 22 23 24  [1;32 1200 0.027472722962892 [0 
226 2 3 4 5 6 419 8 9 10 11 12 13 14 832 16 17 18 19 130 21 22 23 24  [1;32 36000 0.29224198814268 [0 
226 2 3 4 5 6 419 8 9 10 11 12 13 14 832 16 17 18 19 130 21 22 23 24  [1;32 37200 0.34167675713188 [0 
226 2 3 4 41 6 419 8 9 10 11 12 13 14 787 16 17 18 19 130 21 22 23 24  [1;32 40800 0.35531411875987 [0 
226 2 3 840 775 6 419 8 9 10 11 812 13 14 787 16 17 18 19 130 21 22 23 24  [1;32 45600 0.38197825777508 [0 
226 2 3 840 775 6 419 8 9 10 11 812 13 14 787 16 17 18 19 130 21 22 23 24  [1;32 46800 0.42096919425685 [0 
226 560 3 912 775 6 419 8 622 10 11 812 290 14 787 16 17 18 19 130 21 22 23 24  [1;32 55200 0.42181688903702 [0 
471 560 3 912 775 6 419 8 622 10 11 812 290 14 787 111 17 18 19 130 21 22 765 24  [1;32 61200 0.42224704834024 [0 
471 560 3 912 775 371 419 8 622 10 11 812 290 14 787 111 17 18 19 607 21 22 765 24  [1;32 73200 0.42250850874351 [0 
471 560 3 912 775 371 419 8 622 10 11 932 290 14 787 111 17 531 107 607 21 22 765 83  [1;32 75600 0.42404356490199 [0 
471 560 3 912 775 371 858 8 622 507 11 932 290 14 787 111 17 36 107 607 638 22 765 83  [1;32 81600 0.45188230869446 [0 
471 560 3 912 775 371 858 8 622 507 11 932 290 14 787 111 17 36 107 607 638 22 765 83  [1;32 82800 0.46085519903691 [0 
471 560 3 912 775 371 858 8 622 507 11 932 290 14 787 111 17 36 107 607 638 22 765 83  [1;32 84000 0.46121561143591 [0 
471 560 3 912 775 371 858 8 622 507 11 932 290 14 787 111 17 36 107 607 638 438 765 83  [1;32 86400 0.46189861346231 [0 
471 560 3 912 775 371 724 8 622 507 702 932 290 14 787 111 17 36 107 607 638 438 765 83  [1;32 196800 0.46325250070251 [0 
471 560 3 912 775 371 724 8 622 507 702 932 290 14 787 111 17 36 107 607 638 438 765 83  [1;32 198000 0.46940235990127 [0 
471 560 3 912 775 371 724 483 622 245 702 976 290 924 787 111 17 36 107 607 638 332 765 83  [1;32 200400 0.47637233656885 [0 
471 560 3 912 775 371 724 483 622 245 702 976 290 924 787 111 17 36 107 607 638 332 765 83  [1;32 201600 0.48579554019813 [0 
471 560 3 912 775 371 724 483 622 245 40 976 290 924 787 111 17 36 107 607 638 332 765 83  [1;32 204000 0.48942261962554 [0 
267 775 3 912 775 371 724 483 622 245 40 976 290 924 787 111 17 36 107 607 638 332 772 83  [1;32 207600 0.49197934099936 [0 
267 775 3 912 775 371 724 483 622 245 40 976 290 924 787 111 17 36 107 607 638 332 772 83  [1;32 208800 0.49240087744207 [0 
267 775 3 912 775 371 724 483 622 245 40 976 290 924 787 887 17 36 107 607 638 332 772 83  [1;32 213600 0.49456416063464 [0 
267 775 3 912 775 371 724 483 622 245 40 976 290 924 787 887 17 36 107 607 638 332 772 83  [1;32 214800 0.49539471854579 [0 
267 775 3 912 775 371 724 483 622 245 40 976 290 924 787 887 17 36 107 607 638 332 772 83  [1;32 216000 0.49542333802954 [0 
267 974 3 912 721 371 724 545 622 245 40 976 290 924 787 887 17 36 107 607 638 332 772 83  [1;32 416400 0.51757405523084 [0 
267 974 3 912 721 371 724 545 622 245 40 630 290 924 787 887 17 36 107 607 638 332 772 83  [1;32 547200 0.52832717171103 [0 
267 974 3 912 486 371 724 545 622 119 40 630 290 924 787 887 17 36 107 607 638 332 772 83  [1;32 1069200 0.57709755852336 [0 
267 974 3 912 486 371 724 545 622 119 40 630 290 924 787 887 17 36 107 607 638 332 772 83  [1;32 1070400 0.57798212394196 [0 
267 974 3 912 486 371 724 545 622 119 40 630 290 924 787 887 17 36 107 607 675 687 772 83  [1;32 1074000 0.57798432979475 [0 
seed 54
267 974 3 912 486 371 724 545 622 119 40 630 290 924 787 887 17 36 107 607 675 687 772 83 
1000 999 
best 0.57798432979475
 [0 
