1 2 3 4 5 6 7 8 9 10 11 12 13 14 15 16 17 18 19 20 21 22 23 24 [1;32m1200 0.0016510793677767[0m
1 870 3 4 5 6 7 8 9 10 251 12 13 14 15 16 17 18 19 20 21 22 719 24 [1;32m55200 0.037916101299196[0m
1 870 3 4 5 6 7 8 503 10 251 12 13 14 15 16 17 18 19 20 21 22 719 946 [1;32m79200 0.38286418299095[0m
378 870 360 4 47 6 7 8 503 10 251 92 13 14 15 16 976 18 19 20 21 22 719 946 [1;32m130800 0.44554390370237[0m
378 870 360 4 47 6 7 8 503 10 251 92 13 14 194 16 976 18 19 20 21 22 719 946 [1;32m200400 0.45016866983762[0m
378 870 360 212 47 6 7 8 503 10 251 92 13 14 194 16 976 61 19 20 21 22 719 946 [1;32m426000 0.45028750480076[0m
seed 55
378 870 360 212 47 6 7 8 503 10 251 92 13 14 194 16 976 61 19 20 21 22 719 946 
1000 999 
best 0.45028750480076
[0m
