1 2 3 4 5 6 7 8 9 10 11 12 13 14 15 16 17 18 19 20 21 22 23 24  [1;32 1200 0.092733001324379 [0 
1 2 3 4 5 6 7 8 9 10 11 12 13 14 15 16 17 18 19 20 21 22 23 24  [1;32 2400 0.094658533951755 [0 
1 2 3 4 5 683 7 8 249 10 445 129 13 14 15 16 17 887 19 440 21 22 23 24  [1;32 7200 0.13596805834872 [0 
1 2 3 4 5 683 7 8 249 10 445 129 13 14 15 16 17 887 19 440 21 22 23 24  [1;32 8400 0.14320906967046 [0 
1 2 3 4 5 395 7 961 249 10 451 129 13 14 15 16 17 887 19 440 21 22 23 24  [1;32 16800 0.24330284359692 [0 
130 856 3 246 5 395 379 961 249 10 451 129 13 14 15 16 17 887 608 440 21 711 23 24  [1;32 20400 0.2764156061682 [0 
130 856 3 246 5 395 379 961 249 10 451 129 13 14 15 16 17 887 608 440 21 711 23 24  [1;32 21600 0.30934968570995 [0 
130 856 3 246 5 395 379 961 249 10 451 129 13 314 15 16 708 887 877 440 21 711 23 24  [1;32 28800 0.3261213168206 [0 
130 856 3 246 5 395 379 961 249 10 451 129 13 314 15 16 708 887 877 440 21 711 23 24  [1;32 30000 0.34660218234842 [0 
130 856 3 246 625 395 379 961 249 10 451 129 13 314 15 16 708 887 877 440 21 711 23 229  [1;32 34800 0.40662016388196 [0 
130 856 3 246 625 395 507 961 249 10 451 129 13 314 15 16 708 887 877 594 21 711 23 229  [1;32 37200 0.41696722815565 [0 
126 353 3 246 625 395 507 961 249 10 451 129 15 314 15 16 708 887 877 701 21 711 23 229  [1;32 52800 0.43348057681399 [0 
126 353 3 246 625 395 507 961 249 10 451 129 320 314 15 16 708 887 453 830 21 958 23 229  [1;32 78000 0.44468097033619 [0 
126 353 3 246 625 395 507 961 300 10 451 129 320 314 15 392 708 818 453 830 21 958 23 296  [1;32 86400 0.45083663628597 [0 
37 353 994 246 625 395 507 961 300 10 956 129 320 314 15 392 708 818 453 24 21 958 23 296  [1;32 106800 0.46895312297985 [0 
37 353 994 246 625 395 507 978 300 10 956 129 483 314 15 392 708 818 453 24 21 958 23 296  [1;32 186000 0.4761359719695 [0 
37 353 994 246 625 395 507 978 300 10 956 129 483 314 15 392 708 818 453 24 21 958 23 296  [1;32 187200 0.4884792435841 [0 
37 353 994 246 625 395 507 978 300 10 956 917 483 314 15 392 708 818 453 24 147 958 575 646  [1;32 204000 0.49132538092196 [0 
37 353 994 324 625 395 507 978 459 10 956 917 483 314 15 392 708 818 453 24 147 958 575 646  [1;32 228000 0.5168758410954 [0 
37 353 994 324 625 395 507 978 459 10 956 917 483 314 15 392 708 818 453 24 147 958 575 646  [1;32 229200 0.5465999650023 [0 
37 353 994 324 625 395 507 978 459 10 956 917 483 314 15 392 708 818 453 24 147 958 575 646  [1;32 230400 0.54738904304904 [0 
37 353 994 324 625 395 507 978 459 899 956 917 483 314 15 392 933 818 453 24 949 958 575 646  [1;32 540000 0.56185107777614 [0 
622 353 994 324 625 395 507 978 459 239 559 917 932 314 15 392 259 818 453 24 949 958 575 646  [1;32 576000 0.57989561540706 [0 
622 353 994 324 625 395 110 978 652 239 559 917 932 314 15 392 259 908 453 24 949 199 811 646  [1;32 615600 0.58290372006191 [0 
331 353 994 324 625 395 826 978 652 239 559 917 932 314 15 392 259 908 453 207 441 199 811 646  [1;32 760800 0.58736054072049 [0 
331 353 994 324 625 395 826 978 652 239 559 730 932 314 15 392 259 908 453 207 441 199 811 646  [1;32 878400 0.5902503460964 [0 
331 353 994 324 625 395 569 978 652 239 559 730 932 314 15 146 585 908 453 207 5 199 811 646  [1;32 960000 0.59982476176659 [0 
seed 48
331 353 994 324 625 395 569 978 652 239 559 730 932 314 15 146 585 908 453 207 5 199 811 646 
1000 999 
best 0.59982476176659
 [0 
