1 2 3 4 5 6 7 8 9 10 11 12 13 14 15 16 17 18 19 20 21 22 23 24  [1;32 1200 0.047538436656214 [0 
1 2 3 4 660 6 7 8 736 10 11 12 356 14 15 16 434 18 19 780 21 22 632 24  [1;32 4800 0.16927529876129 [0 
1 2 3 4 660 6 7 8 736 10 11 12 356 14 15 16 434 18 19 780 21 22 632 24  [1;32 6000 0.27496549895339 [0 
1 2 3 4 660 6 7 8 736 10 11 12 356 14 15 16 434 18 19 780 21 22 632 24  [1;32 7200 0.28528432416303 [0 
1 2 3 4 660 983 7 146 736 911 11 12 356 14 15 65 434 18 19 236 21 22 632 24  [1;32 9600 0.42730984601613 [0 
1 614 3 4 660 983 7 146 736 911 11 12 690 14 15 65 434 18 19 236 21 22 632 24  [1;32 15600 0.49986067634162 [0 
1 614 3 4 660 983 7 146 736 911 11 12 690 730 15 65 434 18 19 236 21 22 632 24  [1;32 36000 0.51811818704014 [0 
1 614 3 4 660 983 7 146 736 911 11 12 690 730 15 65 434 229 19 236 21 22 632 24  [1;32 189600 0.57276430620626 [0 
1 614 3 4 660 983 7 146 736 911 11 12 690 730 857 65 434 229 19 236 21 22 632 24  [1;32 235200 0.58377753557081 [0 
1 614 3 4 660 983 649 146 736 911 11 12 690 315 521 65 434 229 19 236 375 22 632 24  [1;32 261600 0.70188897859336 [0 
seed 61
1 614 3 4 660 983 649 146 736 911 11 12 690 315 521 65 434 229 19 236 375 22 632 24 
1000 999 
best 0.70188897859336
 [0 
