1 2 3 4 5 6 7 8 9 10 11 12 13 761 15 16 17 18 19 20 21 22 23 24  [1;32 22800 0.0046051276021237 [0 
69 2 3 4 5 899 7 8 53 10 11 12 13 761 15 16 17 18 19 20 21 22 23 24  [1;32 84000 0.010405173134468 [0 
69 2 640 4 5 899 7 8 265 10 11 12 13 761 15 16 17 18 19 20 21 22 23 24  [1;32 124800 0.010470211263479 [0 
69 2 640 4 5 899 7 8 265 10 11 12 855 761 15 16 17 474 19 20 21 22 23 24  [1;32 193200 0.010551116000581 [0 
69 2 640 4 5 899 7 8 265 422 11 12 993 761 15 16 17 474 19 20 21 22 23 387  [1;32 204000 0.010673023522782 [0 
69 2 640 4 5 899 7 8 975 422 11 12 993 761 15 16 17 474 19 20 21 22 23 387  [1;32 332400 0.010678453549842 [0 
69 2 441 4 5 899 7 8 975 422 11 12 993 855 15 16 17 474 19 20 21 22 23 387  [1;32 640800 0.010695024702741 [0 
254 2 441 4 5 899 7 8 975 422 761 12 993 855 15 523 17 474 604 20 21 22 23 853  [1;32 864000 0.018472366866395 [0 
595 2 441 4 5 899 7 8 975 422 761 12 993 174 15 523 17 474 604 20 68 22 23 853  [1;32 1311600 0.055649586276679 [0 
595 2 441 4 5 899 7 8 975 422 761 12 993 322 15 523 516 474 604 20 68 22 23 853  [1;32 1344000 0.30601870514997 [0 
595 2 441 4 5 899 7 8 975 422 761 12 993 322 15 523 425 843 604 20 68 22 23 853  [1;32 1359600 0.30631042867599 [0 
595 955 441 4 5 899 718 8 85 422 761 12 993 322 15 523 425 843 604 20 68 22 23 562  [1;32 1398000 0.39469620021209 [0 
seed 18
595 955 441 4 5 899 718 8 85 422 761 12 993 322 15 523 425 843 604 20 68 22 23 562 
1000 999 
best 0.39469620021209
 [0 
