1 2 3 4 5 6 7 8 9 10 11 12 13 14 15 16 17 18 19 20 21 22 23 24 [1;32m1200 0.0016514578558935[0m
1 2 3 4 5 6 292 8 9 851 11 12 13 14 15 16 17 18 592 808 21 22 23 24 [1;32m4800 0.0074308655592898[0m
1 2 3 4 5 6 292 8 9 851 11 12 13 14 15 16 17 536 592 808 21 22 23 24 [1;32m7200 0.0099048171193467[0m
1 2 3 4 574 6 292 8 9 851 11 12 13 14 15 16 17 536 592 808 21 22 23 24 [1;32m16800 0.010653134017765[0m
1 2 3 4 574 6 292 8 9 851 11 12 13 14 15 16 17 536 592 808 21 22 23 24 [1;32m18000 0.010731086881596[0m
1 2 3 4 598 6 292 8 9 851 498 810 49 14 15 16 17 536 592 808 21 22 23 24 [1;32m20400 0.015690380629842[0m
1 2 3 4 598 6 292 8 9 851 498 810 49 14 15 16 17 536 592 808 21 22 23 24 [1;32m21600 0.016517289945091[0m
1 2 3 4 598 6 292 175 9 851 498 810 49 14 15 16 17 536 592 808 21 78 23 24 [1;32m132000 0.023117533870441[0m
1 2 3 4 598 6 292 175 9 851 498 810 49 14 15 16 17 536 592 808 21 78 23 24 [1;32m133200 0.029726093329379[0m
1 2 3 4 598 6 457 175 9 851 498 810 49 14 93 16 17 536 592 808 190 78 23 24 [1;32m136800 0.029728755347402[0m
406 980 3 555 598 6 457 175 9 851 498 810 49 14 91 16 17 536 592 163 190 78 23 24 [1;32m142800 0.032374873749595[0m
406 980 3 555 598 6 457 175 9 851 498 810 49 14 91 16 17 536 592 163 190 78 23 654 [1;32m158400 0.03593723310227[0m
406 980 3 225 598 6 730 175 9 265 498 810 49 14 584 16 17 536 592 617 190 78 23 654 [1;32m199200 0.04211282073807[0m
406 980 3 225 598 6 730 175 9 265 498 810 49 14 584 16 17 536 592 617 190 78 23 654 [1;32m200400 0.047551068703851[0m
406 980 3 225 598 6 730 175 9 265 498 810 49 14 584 16 17 536 592 617 190 78 23 654 [1;32m201600 0.048548557096717[0m
406 980 3 225 598 538 730 175 9 265 498 810 49 14 584 16 17 839 592 617 190 78 23 654 [1;32m204000 0.062743093485135[0m
406 753 3 225 598 538 730 175 9 265 498 810 49 14 584 16 17 839 592 617 190 78 23 892 [1;32m208800 0.066066935209608[0m
406 753 3 225 598 538 730 175 247 265 498 810 901 14 584 16 17 839 592 617 190 78 23 892 [1;32m213600 0.068460643511312[0m
406 753 887 225 598 538 730 175 247 265 498 810 901 14 584 16 17 839 592 617 190 78 23 892 [1;32m230400 0.070182486627183[0m
406 753 887 225 598 538 730 175 247 265 498 810 901 14 584 16 17 839 592 617 190 78 23 892 [1;32m231600 0.075961598607594[0m
406 753 887 225 28 538 730 175 247 265 498 810 901 14 584 607 17 839 592 617 190 78 311 214 [1;32m252000 0.077613241627183[0m
406 753 887 225 28 538 730 175 247 265 498 810 901 14 584 607 17 839 592 617 190 78 311 214 [1;32m253200 0.077613680100588[0m
406 753 887 225 28 538 730 175 247 265 345 810 901 14 584 607 17 839 592 617 190 78 311 214 [1;32m262800 0.080092703180229[0m
406 753 887 225 28 538 730 175 945 265 345 810 901 14 584 322 729 839 592 617 190 347 311 214 [1;32m296400 0.093303790587221[0m
406 753 887 225 28 538 730 175 945 265 345 810 901 14 584 86 729 839 592 878 190 347 311 214 [1;32m474000 0.098251481773804[0m
406 753 887 225 839 357 730 175 945 265 345 64 901 14 584 86 729 839 592 878 190 347 119 214 [1;32m483600 0.10981210311949[0m
406 753 887 225 789 357 730 175 945 265 345 64 901 570 584 86 729 839 592 878 643 347 119 214 [1;32m494400 0.12469426729787[0m
406 753 887 225 789 357 730 175 945 265 345 64 901 570 584 86 729 839 466 878 643 347 119 214 [1;32m504000 0.12549643830238[0m
406 753 887 225 789 357 730 175 945 265 345 64 901 570 584 86 729 839 466 878 643 347 119 214 [1;32m505200 0.126341453948[0m
406 753 887 225 789 357 730 175 945 265 345 64 901 570 584 86 729 839 466 878 643 347 119 214 [1;32m506400 0.13127585754052[0m
406 753 911 225 899 357 730 175 945 265 345 64 901 570 584 86 729 839 466 878 643 347 119 214 [1;32m516000 0.13376575031208[0m
406 753 911 225 899 357 730 175 945 265 345 64 901 570 584 86 729 839 466 236 643 347 119 214 [1;32m520800 0.13937355859282[0m
406 753 911 225 899 836 730 175 945 265 345 64 901 570 584 86 729 839 466 236 643 347 855 214 [1;32m531600 0.14531171552042[0m
406 164 911 225 899 836 730 175 710 265 345 64 901 570 584 411 729 839 466 236 643 638 855 214 [1;32m534000 0.14780320429455[0m
406 164 911 225 899 836 730 175 825 265 345 64 901 570 584 411 729 839 978 236 643 638 855 214 [1;32m544800 0.14911388801482[0m
406 164 911 225 899 836 730 175 825 265 345 64 901 570 918 411 729 839 32 236 643 638 894 214 [1;32m556800 0.15191238716232[0m
406 164 911 225 899 836 730 175 825 265 345 64 901 570 918 411 729 839 32 236 643 638 894 214 [1;32m558000 0.16017270160268[0m
406 164 911 225 899 836 730 175 825 265 345 64 901 570 918 797 729 839 32 236 643 638 894 214 [1;32m687600 0.16101621214239[0m
328 164 911 225 899 836 730 175 825 265 345 64 901 570 918 797 472 839 32 236 643 638 894 214 [1;32m758400 0.16183543919759[0m
328 164 911 225 899 836 730 175 825 265 33 64 901 570 918 242 472 839 32 236 643 638 894 214 [1;32m993600 0.27468106131317[0m
328 164 911 225 899 653 730 175 871 265 33 64 901 570 106 242 472 839 32 236 643 638 474 214 [1;32m1015200 0.29145965242385[0m
328 164 911 225 899 653 730 175 871 265 33 64 901 570 106 242 472 839 32 236 643 638 474 214 [1;32m1016400 0.29310325379063[0m
328 164 911 225 765 653 730 175 871 265 33 64 901 570 106 242 472 839 32 995 643 638 304 214 [1;32m1048800 0.29749179206957[0m
328 164 911 225 765 653 730 175 107 265 33 654 901 570 106 242 472 839 32 995 643 638 304 658 [1;32m1123200 0.32777564271867[0m
328 164 911 746 765 653 730 175 107 265 33 654 167 570 106 242 472 839 32 995 643 638 304 934 [1;32m1332000 0.33686027851406[0m
328 164 911 368 765 653 730 175 107 265 33 654 167 570 106 776 472 839 32 453 643 638 304 934 [1;32m1339200 0.37318599300526[0m
seed 57
328 164 911 368 765 653 730 175 107 265 33 654 167 570 106 776 472 839 32 453 643 638 304 934 
1000 999 
best 0.37318599300526
[0m
