1 2 3 4 581 6 7 8 432 10 11 200 376 14 15 16 17 18 19 20 21 22 23 741 [1;32m33600 0.0080638812771976[0m
1 2 3 4 706 6 7 8 432 10 11 200 376 14 15 16 17 18 19 20 21 22 23 741 [1;32m116400 0.39932529453511[0m
1 2 3 4 706 6 7 8 432 10 11 200 376 14 15 16 17 18 19 20 21 22 23 741 [1;32m117600 0.43256928758494[0m
1 2 3 4 706 6 7 8 432 10 11 200 376 14 15 16 17 18 19 20 21 22 23 741 [1;32m118800 0.45884953474397[0m
1 2 3 4 706 6 7 8 432 10 11 200 376 14 15 16 17 18 19 20 21 22 23 741 [1;32m120000 0.46140983408517[0m
1 2 3 4 706 6 7 8 432 10 11 200 376 14 15 16 17 18 19 20 21 22 23 741 [1;32m121200 0.48025955985234[0m
1 2 3 4 706 6 7 8 432 10 11 200 376 14 15 16 17 18 19 20 21 22 23 741 [1;32m122400 0.48606337429087[0m
1 2 3 4 706 6 7 312 432 10 11 200 376 14 15 16 17 18 19 20 21 22 23 741 [1;32m124800 0.48636578667266[0m
1 2 3 4 706 6 7 312 432 10 11 200 376 14 15 16 17 18 19 20 21 22 23 741 [1;32m126000 0.49000637269312[0m
1 863 3 4 706 6 7 312 432 10 393 200 376 14 15 16 17 18 19 20 21 22 61 493 [1;32m132000 0.49372577831108[0m
1 863 3 4 706 6 7 312 432 10 393 200 376 14 15 16 17 18 19 20 21 22 61 493 [1;32m133200 0.49541030427957[0m
1 863 3 4 706 6 7 312 432 10 393 200 376 14 886 16 17 18 19 20 21 22 61 493 [1;32m157200 0.49542242930928[0m
1 914 3 628 706 6 7 312 432 10 393 200 376 14 886 16 17 18 19 20 21 391 61 493 [1;32m206400 0.49542866934537[0m
261 914 3 628 706 6 7 312 432 10 175 200 376 14 886 19 17 208 19 621 21 391 61 493 [1;32m208800 0.49543515642031[0m
261 914 3 628 706 6 7 797 432 10 343 200 376 14 159 19 17 208 19 621 21 391 61 493 [1;32m522000 0.49543618846797[0m
261 914 3 628 706 6 7 797 652 10 343 200 376 14 159 19 17 591 19 621 21 391 61 493 [1;32m717600 0.49543949170863[0m
261 914 185 628 706 109 7 797 652 10 380 200 376 723 452 19 902 591 19 621 21 391 61 493 [1;32m1400400 0.49544411324745[0m
seed 36
261 914 185 628 706 109 7 797 652 10 380 200 376 723 452 19 902 591 19 621 21 391 61 493 
1000 999 
best 0.49544411324745
[0m
