1 2 3 4 5 6 7 8 9 10 11 12 13 14 15 16 17 18 19 20 21 22 23 24  [1;32 1200 0.52751218819917 [0 
1 2 3 4 5 6 7 8 9 10 11 885 672 14 15 16 17 18 19 20 21 22 916 24  [1;32 706800 0.6207304111558 [0 
1 2 3 4 5 6 7 8 9 10 11 885 672 14 15 16 17 18 19 20 21 22 916 24  [1;32 708000 0.63944648912418 [0 
1 2 3 4 5 6 7 8 9 10 11 885 672 14 15 16 17 18 19 20 21 22 916 24  [1;32 709200 0.64618759817709 [0 
1 2 844 4 5 6 7 8 9 236 11 589 21 14 15 16 17 18 19 20 21 22 916 24  [1;32 714000 0.79739466742416 [0 
1 2 844 4 519 274 7 8 9 236 11 589 21 480 15 16 17 18 19 20 21 22 916 24  [1;32 716400 0.82805484340996 [0 
1 2 844 4 519 274 7 8 9 236 11 589 21 480 300 16 17 18 19 20 21 22 916 24  [1;32 772800 0.82985882404489 [0 
1 2 844 4 519 274 7 8 9 236 11 589 21 480 300 16 17 18 19 101 407 29 916 24  [1;32 841200 0.83670565476461 [0 
949 2 844 4 519 274 7 8 942 236 520 745 21 480 300 605 470 18 19 101 407 29 916 24  [1;32 843600 0.86582600523394 [0 
949 2 844 4 519 274 7 8 942 236 520 745 21 480 300 605 470 18 19 101 407 29 916 291  [1;32 846000 0.86837371544417 [0 
949 2 844 4 373 274 7 8 942 236 520 745 21 480 300 605 470 18 19 101 541 29 916 291  [1;32 876000 0.87384942444023 [0 
949 2 844 909 373 274 7 8 942 236 520 745 21 480 300 605 470 18 19 101 541 29 916 291  [1;32 900000 0.87452665389761 [0 
949 2 844 930 373 274 7 8 942 236 520 745 780 480 300 605 470 18 19 101 541 29 916 291  [1;32 1012800 0.87502146233896 [0 
949 2 844 930 373 274 7 8 942 236 520 745 780 480 300 938 470 955 19 101 541 29 916 291  [1;32 1034400 0.87847295367075 [0 
949 2 844 930 373 274 7 8 942 236 520 745 909 480 300 938 470 955 19 101 541 29 916 291  [1;32 1040400 0.89036053607725 [0 
949 2 844 930 28 383 7 8 616 236 520 745 909 480 300 938 470 955 379 101 541 29 916 291  [1;32 1118400 0.89245357266607 [0 
949 2 844 930 28 383 7 8 616 236 520 745 387 480 300 938 470 217 451 101 541 29 916 291  [1;32 1238400 0.89276883356877 [0 
949 2 844 930 881 383 639 8 616 236 131 745 387 480 300 938 829 564 451 101 541 29 916 291  [1;32 1298400 0.89353702059862 [0 
949 2 844 930 881 383 474 8 616 236 131 745 387 480 429 938 829 564 451 101 541 29 916 115  [1;32 1400400 0.8956907562156 [0 
seed 45
949 2 844 930 881 383 474 8 616 236 131 745 387 480 429 938 829 564 451 101 541 29 916 115 
1000 999 
best 0.8956907562156
 [0 
