1 2 3 4 5 6 7 8 9 10 11 12 13 14 15 16 17 18 19 20 21 22 23 24 [1;32m1200 0.24687378550323[0m
1 2 3 4 5 6 7 8 9 10 11 12 13 14 15 16 17 18 19 20 21 22 23 24 [1;32m2400 0.24770042280889[0m
1 2 3 4 5 6 7 8 9 10 11 12 13 14 15 16 17 18 19 20 21 22 23 24 [1;32m3600 0.24771164987621[0m
1 2 3 4 5 6 7 8 9 10 11 442 13 14 15 16 17 18 19 20 21 22 23 24 [1;32m7200 0.28981718911058[0m
1 2 3 4 5 6 7 8 9 10 11 442 13 14 15 16 17 18 19 20 21 22 23 24 [1;32m8400 0.2914573497825[0m
1 2 3 4 5 6 7 8 9 10 11 442 13 14 15 16 17 18 19 20 21 22 23 24 [1;32m9600 0.29228904615934[0m
1 2 3 4 5 6 7 8 9 10 11 173 787 14 15 16 17 18 382 377 21 22 23 59 [1;32m12000 0.29309910370789[0m
1 2 3 4 5 6 7 8 9 10 11 173 787 14 15 16 17 18 382 377 21 22 207 59 [1;32m18000 0.39598984797825[0m
1 2 3 4 5 6 7 8 9 10 11 173 787 14 15 16 17 18 382 377 21 22 207 59 [1;32m19200 0.40776677289384[0m
1 2 3 4 5 6 7 8 9 379 11 173 787 14 15 16 17 18 382 377 21 22 207 792 [1;32m21600 0.40879629146004[0m
1 2 3 616 5 6 7 8 1 379 11 985 787 14 15 16 17 18 896 377 21 22 963 792 [1;32m27600 0.41139354931051[0m
1 2 3 616 5 6 7 8 1 379 11 985 787 14 587 16 17 18 896 377 21 22 963 792 [1;32m42000 0.41971212224871[0m
1 2 3 616 5 6 7 8 1 379 846 985 787 14 587 16 17 18 896 377 21 22 963 792 [1;32m60000 0.58042011023655[0m
1 2 3 616 5 6 7 8 1 379 846 985 787 14 587 16 17 18 896 377 21 22 963 792 [1;32m61200 0.58375195029191[0m
1 2 3 616 5 6 7 8 1 379 846 985 391 14 587 16 17 18 896 377 21 22 963 792 [1;32m70800 0.60122193805627[0m
1 2 3 616 5 6 7 8 1 379 846 985 391 14 587 16 17 18 896 377 21 22 963 792 [1;32m72000 0.6364659360981[0m
1 2 3 616 5 6 7 8 1 379 846 985 391 14 587 16 17 18 896 377 21 22 963 792 [1;32m73200 0.75980971341124[0m
1 2 3 616 5 6 7 8 1 379 856 985 391 14 587 16 17 18 896 377 21 22 963 971 [1;32m88800 0.79620681786022[0m
1 2 3 616 5 6 7 8 1 204 856 985 391 14 587 980 17 18 896 377 21 22 963 571 [1;32m292800 0.7963341102272[0m
631 2 3 616 5 6 7 8 1 778 856 985 929 14 587 947 17 18 896 573 21 22 963 571 [1;32m450000 0.82922362944898[0m
631 2 3 616 5 6 660 8 1 778 856 985 929 14 587 947 17 18 896 573 21 22 963 571 [1;32m464400 0.82976346047355[0m
751 2 3 616 5 46 660 8 1 368 856 985 929 14 66 947 17 18 631 573 21 22 963 571 [1;32m595200 0.8377061154417[0m
751 2 3 616 5 46 660 8 1 368 856 985 929 897 66 947 17 18 631 573 21 22 963 571 [1;32m606000 0.84070905877282[0m
751 2 3 616 5 294 660 8 989 368 856 985 929 897 66 947 17 18 631 798 21 22 963 571 [1;32m615600 0.84116029227451[0m
751 2 3 616 5 341 660 100 989 368 856 985 929 877 66 947 17 610 631 798 21 22 963 571 [1;32m769200 0.84133921474984[0m
751 2 3 616 5 341 660 100 989 368 856 985 929 877 66 947 17 610 631 798 364 22 963 571 [1;32m926400 0.84252596697418[0m
751 572 3 616 5 341 660 100 989 368 856 985 929 877 66 947 17 610 631 267 364 22 963 571 [1;32m1117200 0.84410111647512[0m
seed 98
751 572 3 616 5 341 660 100 989 368 856 985 929 877 66 947 17 610 631 267 364 22 963 571 
1000 999 
best 0.84410111647512
[0m
