1 2 3 4 5 6 7 8 9 10 11 12 13 14 15 16 17 18 19 20 21 22 23 24  [1;32 1200 0.2198587069921 [0 
551 2 3 4 5 55 825 8 9 10 11 12 13 14 414 16 17 18 19 20 21 22 23 24  [1;32 981600 0.54336145251179 [0 
551 2 3 4 5 55 825 8 9 10 11 12 13 14 414 16 990 18 19 20 21 878 23 24  [1;32 985200 0.58842373133687 [0 
551 2 591 4 5 55 825 8 9 10 11 12 13 14 414 16 990 898 19 376 21 878 545 950  [1;32 987600 0.59877646523559 [0 
551 2 591 4 5 897 825 8 9 10 11 12 436 14 414 16 990 898 19 376 21 878 545 950  [1;32 1004400 0.63438995674737 [0 
551 2 591 4 5 897 825 8 143 10 11 465 336 14 414 16 990 898 19 975 21 878 545 950  [1;32 1006800 0.69324804740724 [0 
551 2 807 4 5 897 825 22 143 10 11 465 336 14 414 337 990 898 263 975 326 878 545 950  [1;32 1021200 0.74447634906344 [0 
551 922 807 4 754 897 825 22 143 10 11 465 336 14 414 337 990 898 263 493 317 878 184 950  [1;32 1082400 0.81369333758739 [0 
551 922 807 4 754 897 825 22 143 10 11 465 336 14 414 364 990 898 263 493 692 878 184 950  [1;32 1092000 0.8507075318491 [0 
551 922 807 4 754 897 825 22 143 10 11 465 200 14 414 364 990 898 263 493 692 878 184 950  [1;32 1108800 0.8633989951619 [0 
299 916 807 4 754 897 825 22 143 10 11 465 200 14 414 364 990 977 263 561 692 878 184 127  [1;32 1129200 0.8646892330233 [0 
seed 95
299 916 807 4 754 897 825 22 143 10 11 465 200 14 414 364 990 977 263 561 692 878 184 127 
1000 999 
best 0.8646892330233
 [0 
