1 2 3 4 5 6 7 8 9 10 11 12 13 14 15 16 17 18 19 20 21 22 23 24  [1;32 1200 0.20399532400896 [0 
1 2 3 4 5 6 7 8 9 10 11 12 13 314 15 16 708 18 877 20 21 22 23 24  [1;32 21600 0.38420560542867 [0 
1 2 927 941 5 6 7 342 9 10 11 12 13 314 15 16 708 377 877 559 21 22 23 478  [1;32 102000 0.41949310100927 [0 
1 2 927 941 5 652 7 342 9 10 11 12 13 314 15 16 224 377 877 559 21 22 23 478  [1;32 177600 0.42046467099862 [0 
12 2 927 941 5 983 7 248 9 10 11 12 13 314 27 16 224 377 877 559 21 914 23 478  [1;32 206400 0.43503391666438 [0 
12 2 927 941 5 983 7 248 9 10 11 12 13 314 581 16 224 377 877 559 21 914 23 478  [1;32 217200 0.45067960592697 [0 
12 2 213 941 5 983 994 298 9 10 11 12 13 314 581 16 709 163 817 559 21 914 23 478  [1;32 304800 0.53806964386502 [0 
12 2 213 941 5 983 994 298 9 10 11 12 13 314 581 16 709 163 817 559 21 914 23 478  [1;32 306000 0.76173838108934 [0 
12 2 213 941 5 983 994 298 9 10 11 12 13 314 581 16 709 163 817 559 21 914 23 478  [1;32 307200 0.78924739366681 [0 
12 2 213 941 5 983 994 298 9 10 11 12 13 314 581 16 709 163 817 559 21 914 23 478  [1;32 308400 0.79542618353244 [0 
12 2 213 941 5 983 994 298 471 10 11 12 13 314 581 16 709 163 817 559 21 914 23 478  [1;32 310800 0.80158882597362 [0 
12 2 213 941 5 983 994 298 471 10 11 12 13 314 581 16 709 163 817 559 21 914 23 478  [1;32 312000 0.83100204026546 [0 
12 2 213 941 5 793 994 298 471 10 11 12 13 314 581 16 709 163 817 559 511 308 23 478  [1;32 332400 0.83115662550084 [0 
12 2 213 941 5 793 994 298 79 994 11 12 13 314 581 16 709 163 817 559 511 308 23 478  [1;32 358800 0.84768752767599 [0 
12 2 213 941 5 793 994 298 79 994 11 12 937 158 581 16 709 163 817 838 511 274 645 478  [1;32 388800 0.88019564631662 [0 
seed 48
12 2 213 941 5 793 994 298 79 994 11 12 937 158 581 16 709 163 817 838 511 274 645 478 
1000 999 
best 0.88019564631662
 [0 
