1 2 3 4 5 6 7 8 9 10 11 12 13 14 15 16 17 18 19 20 21 22 23 24  [1;32 1200 0.21424912249488 [0 
1 2 946 4 5 998 7 8 796 10 11 12 13 14 913 16 17 18 19 20 21 22 23 24  [1;32 7200 0.86119146563694 [0 
1 2 946 4 5 998 7 8 796 10 11 12 13 14 913 16 17 18 492 20 21 22 23 24  [1;32 20400 0.86277498989596 [0 
1 2 946 4 5 998 7 383 796 10 11 12 13 14 913 16 17 18 492 20 21 22 268 24  [1;32 22800 0.88634601897605 [0 
1 2 946 4 5 998 7 329 528 10 11 12 882 14 913 453 17 18 34 20 21 22 292 24  [1;32 25200 0.89193396884915 [0 
1 2 946 4 5 388 7 329 528 10 11 12 882 240 923 453 17 18 34 20 21 22 292 24  [1;32 86400 0.89193459887835 [0 
1 749 946 689 5 388 7 329 528 10 11 12 882 240 923 453 17 18 34 20 21 22 292 24  [1;32 132000 0.89230008923574 [0 
1 749 946 689 5 388 7 329 528 10 788 12 882 240 923 453 17 18 34 20 21 22 292 24  [1;32 211200 0.89381411739091 [0 
1 749 946 689 492 388 7 390 528 10 598 12 882 240 923 573 17 18 34 20 21 22 554 24  [1;32 592800 0.89477159794199 [0 
seed 69
1 749 946 689 492 388 7 390 528 10 598 12 882 240 923 573 17 18 34 20 21 22 554 24 
1000 999 
best 0.89477159794199
 [0 
