1 2 177 4 87 6 7 8 148 10 11 12 13 14 15 16 793 18 19 20 21 22 23 24  [1;32 482400 0.21511044088246 [0 
1 2 177 4 87 6 7 8 148 10 11 12 13 14 15 16 793 18 19 20 21 22 23 24  [1;32 483600 0.26863403607053 [0 
1 2 177 4 87 6 7 8 148 10 11 12 13 14 15 16 793 18 19 20 21 22 23 24  [1;32 484800 0.28812439022765 [0 
1 2 177 4 87 6 7 8 148 10 11 12 13 14 15 16 793 18 978 20 21 22 23 24  [1;32 488400 0.34378018663401 [0 
395 164 177 4 87 6 7 8 148 201 11 12 13 950 561 16 912 18 978 20 21 22 23 24  [1;32 574800 0.52564148237067 [0 
395 164 177 4 87 6 7 8 148 201 11 12 13 950 561 16 380 18 978 20 21 22 23 24  [1;32 586800 0.5298915590214 [0 
395 164 177 4 87 6 7 8 148 201 11 12 13 950 561 16 380 18 978 20 21 22 23 24  [1;32 588000 0.58259655429505 [0 
395 164 177 4 87 162 7 154 148 201 11 12 13 950 561 16 380 18 978 20 21 22 23 24  [1;32 597600 0.64969502016405 [0 
395 164 187 4 87 162 7 514 148 201 342 12 13 950 561 16 380 18 978 20 21 22 23 24  [1;32 602400 0.68829883731177 [0 
757 164 187 948 87 162 7 514 148 201 583 12 13 950 113 16 380 18 978 20 21 22 23 24  [1;32 607200 0.70614464319913 [0 
757 164 187 948 87 162 7 720 148 941 583 12 13 950 113 16 380 18 978 20 21 22 246 599  [1;32 687600 0.74426896799334 [0 
297 332 187 948 87 162 7 720 148 941 583 12 13 950 113 16 380 18 978 20 21 22 442 599  [1;32 1188000 0.77095675312697 [0 
seed 75
297 332 187 948 87 162 7 720 148 941 583 12 13 950 113 16 380 18 978 20 21 22 442 599 
1000 999 
best 0.77095675312697
 [0 
