1 2 3 4 657 6 7 8 9 10 117 12 13 14 272 16 17 18 851 20 21 22 23 199 [1;32m74400 0.0031782756366459[0m
1 2 297 4 657 6 7 930 9 10 117 12 997 14 272 16 17 18 595 20 21 22 23 199 [1;32m97200 0.0033052159434832[0m
45 2 297 4 686 6 7 930 9 381 117 654 407 14 272 16 17 430 595 20 21 22 23 199 [1;32m106800 0.0099533551239367[0m
45 657 297 4 686 6 7 930 9 381 949 654 407 14 272 16 17 430 198 20 21 22 23 828 [1;32m1068000 0.011537334878126[0m
45 657 297 4 329 6 7 930 9 381 949 396 407 14 272 16 17 430 198 20 21 22 23 828 [1;32m1138800 0.011701582782605[0m
seed 67
45 657 297 4 329 6 7 930 9 381 949 396 407 14 272 16 17 430 198 20 21 22 23 828 
1000 999 
best 0.011701582782605
[0m
