1 2 3 4 5 6 7 8 9 10 11 12 13 14 15 16 17 18 19 20 21 22 23 24  [1;32 1200 0.00082539931038637 [0 
1 2 48 4 65 6 7 8 9 10 11 12 13 14 656 16 17 18 19 20 21 22 763 24  [1;32 118800 0.23566079381405 [0 
925 2 48 999 65 6 7 8 9 425 11 12 13 14 947 16 39 18 19 20 21 22 763 24  [1;32 208800 0.23609848788793 [0 
925 2 48 999 65 584 7 8 9 425 11 12 13 14 947 16 39 18 19 20 771 22 193 24  [1;32 572400 0.3565251962211 [0 
480 2 48 999 65 584 7 8 667 425 11 140 13 14 731 16 39 18 19 20 771 457 193 24  [1;32 630000 0.41365981804816 [0 
645 2 48 999 65 584 671 8 667 425 11 140 13 14 914 16 39 18 19 20 771 457 699 24  [1;32 634800 0.60074336999733 [0 
645 2 48 999 65 584 671 8 667 425 11 140 13 14 914 16 39 18 19 20 771 457 699 24  [1;32 636000 0.70725813453803 [0 
645 2 48 999 65 584 671 8 667 425 11 140 13 14 914 16 39 18 19 20 771 457 699 24  [1;32 637200 0.81111115462719 [0 
645 2 48 999 65 584 671 8 667 425 11 680 13 14 914 16 201 18 19 20 771 457 699 937  [1;32 656400 0.82890168832973 [0 
552 2 48 999 65 584 671 8 667 425 11 680 13 14 914 16 201 18 895 20 771 457 699 937  [1;32 663600 0.8293278039931 [0 
552 2 48 999 118 562 671 8 667 425 11 680 13 14 914 76 201 18 895 247 771 457 699 937  [1;32 730800 0.8480208259977 [0 
552 2 48 999 118 562 671 8 667 425 11 680 491 14 914 808 201 18 895 247 771 457 699 937  [1;32 1105200 0.85595473978187 [0 
552 816 48 693 118 562 671 8 794 425 213 680 491 14 914 808 201 18 895 272 771 457 699 937  [1;32 1237200 0.85807153501252 [0 
seed 49
552 816 48 693 118 562 671 8 794 425 213 680 491 14 914 808 201 18 895 272 771 457 699 937 
1000 999 
best 0.85807153501252
 [0 
