1 2 3 4 5 6 7 8 9 10 11 12 13 14 15 16 17 18 19 20 21 22 23 24  [1;32 1200 0.007829032825681 [0 
1 2 3 4 5 6 931 715 209 10 11 490 13 14 15 581 17 18 19 20 21 22 23 483  [1;32 20400 0.057774813780722 [0 
1 2 3 4 5 6 931 715 209 10 11 490 13 14 15 581 17 18 19 20 21 22 23 483  [1;32 21600 0.066849973145389 [0 
1 2 3 4 5 6 931 715 209 10 11 490 13 14 15 581 17 18 19 20 21 22 23 483  [1;32 22800 0.10277408540659 [0 
1 2 3 4 5 958 931 715 209 10 595 490 13 546 15 581 934 18 19 20 21 22 166 483  [1;32 28800 0.22135902623166 [0 
1 2 3 4 5 958 931 180 209 10 595 490 13 546 15 157 208 310 19 20 21 22 166 670  [1;32 31200 0.36427454434858 [0 
1 2 3 4 5 958 931 180 209 10 595 490 13 546 15 157 208 310 19 20 21 22 166 670  [1;32 32400 0.36696054822968 [0 
1 2 3 4 5 958 931 318 209 10 595 490 13 546 15 157 377 310 19 20 21 22 166 670  [1;32 34800 0.36833261622824 [0 
1 2 3 4 5 958 931 318 209 10 595 490 13 546 15 773 377 310 210 226 21 22 166 670  [1;32 37200 0.36850494116505 [0 
1 2 3 4 5 958 931 318 209 10 595 490 13 546 15 773 377 310 210 226 21 22 166 670  [1;32 38400 0.36967140735278 [0 
1 541 429 4 5 958 931 413 209 10 164 490 13 546 15 773 377 310 119 226 21 22 166 670  [1;32 67200 0.37344921320901 [0 
1 541 429 4 5 958 931 413 209 10 164 490 13 546 15 773 377 310 119 226 21 22 166 670  [1;32 68400 0.37416862134475 [0 
1 541 429 4 5 958 931 413 209 10 164 490 13 546 15 773 377 310 119 226 21 22 166 670  [1;32 69600 0.3742237028595 [0 
887 541 429 4 5 958 931 413 209 10 164 490 13 546 15 773 377 310 119 226 325 22 166 670  [1;32 75600 0.37438962044467 [0 
887 541 429 4 5 958 931 413 209 10 164 490 13 546 15 906 377 310 119 226 554 22 166 670  [1;32 88800 0.37635922071943 [0 
887 541 429 4 5 297 97 413 209 10 164 186 13 546 299 906 377 310 119 226 554 22 166 672  [1;32 91200 0.41200373704002 [0 
887 541 457 4 5 297 97 413 209 422 25 186 13 546 602 906 377 310 119 226 554 22 166 672  [1;32 138000 0.4599741539668 [0 
887 541 457 4 5 297 97 413 209 422 25 186 13 546 602 906 377 310 119 226 554 22 166 672  [1;32 139200 0.48486400265369 [0 
887 541 457 4 5 297 97 413 209 422 25 186 13 546 602 906 377 310 119 226 554 22 166 672  [1;32 140400 0.4892500581591 [0 
887 541 457 213 5 297 97 413 756 422 25 186 13 546 602 906 377 310 119 226 554 22 231 672  [1;32 142800 0.49041620786299 [0 
887 541 457 213 5 297 97 413 481 422 25 574 13 829 602 906 377 310 119 226 554 22 231 672  [1;32 146400 0.49305481428738 [0 
887 541 457 213 5 297 97 413 481 422 25 574 13 829 602 906 377 310 119 226 554 22 231 672  [1;32 147600 0.49521609020287 [0 
537 541 457 213 5 297 97 413 481 422 25 574 13 306 602 906 453 310 119 226 554 22 976 672  [1;32 150000 0.49622630970423 [0 
537 541 457 213 5 297 97 413 481 422 25 574 13 306 602 906 453 310 119 226 554 22 233 672  [1;32 152400 0.49705702442024 [0 
274 541 457 213 966 297 97 413 481 85 25 574 13 306 602 906 669 310 119 226 554 671 233 672  [1;32 156000 0.5967442783207 [0 
274 541 457 213 966 297 97 413 481 85 25 574 13 306 602 906 669 310 119 226 554 671 233 672  [1;32 157200 0.59926666711656 [0 
274 541 457 213 966 297 97 413 481 85 25 574 13 306 602 906 669 310 119 226 554 671 233 672  [1;32 158400 0.60223698470539 [0 
274 541 457 213 966 297 97 413 481 85 25 574 847 306 602 906 669 310 119 226 554 671 233 672  [1;32 160800 0.60382446840028 [0 
274 541 457 213 966 297 495 413 481 85 25 823 224 821 602 906 669 310 13 226 554 671 233 672  [1;32 163200 0.61830962679027 [0 
274 541 457 213 966 297 495 413 481 85 25 823 224 821 602 906 669 310 13 226 554 671 233 672  [1;32 164400 0.63598989198393 [0 
274 541 457 213 966 297 495 413 481 85 25 823 224 821 602 906 669 310 13 226 554 671 233 672  [1;32 165600 0.64804974834477 [0 
274 541 457 213 966 297 495 413 481 85 25 823 224 821 602 906 669 310 13 226 554 671 233 672  [1;32 166800 0.64888143901501 [0 
274 541 457 213 966 297 495 413 481 85 25 823 224 821 602 906 669 310 13 226 554 671 233 672  [1;32 168000 0.65487870619841 [0 
274 541 457 213 966 297 495 413 481 85 25 823 224 563 602 906 669 310 13 226 554 671 233 672  [1;32 170400 0.65668540111507 [0 
274 541 457 213 582 297 495 413 481 85 25 823 224 563 602 906 669 310 13 226 554 671 72 672  [1;32 199200 0.65684547919259 [0 
274 541 457 213 582 297 495 413 481 85 25 823 224 563 602 906 669 310 13 226 554 671 72 672  [1;32 200400 0.66887969890257 [0 
274 541 457 213 582 297 495 413 481 85 25 823 224 563 602 906 669 310 13 226 554 671 72 672  [1;32 201600 0.67363508408097 [0 
274 541 457 213 582 297 495 413 481 85 25 823 224 563 602 906 33 310 13 226 554 671 72 672  [1;32 378000 0.67374901088804 [0 
274 541 457 213 321 297 495 413 481 85 25 823 224 999 559 906 33 310 13 226 554 671 561 672  [1;32 928800 0.75751225326792 [0 
274 541 457 213 321 297 495 413 481 85 25 823 224 999 559 906 33 310 13 226 554 671 561 672  [1;32 930000 0.85685871343311 [0 
274 594 457 213 321 297 495 413 481 85 25 157 224 594 559 906 33 310 13 226 554 671 561 672  [1;32 967200 0.86144769968434 [0 
274 594 457 550 321 297 495 413 481 85 25 157 224 270 497 769 911 310 13 226 554 671 561 672  [1;32 998400 0.87354480964285 [0 
274 594 457 550 321 297 495 413 586 85 25 157 224 384 497 769 911 310 13 226 554 671 561 672  [1;32 1033200 0.87437806600483 [0 
seed 8
274 594 457 550 321 297 495 413 586 85 25 157 224 384 497 769 911 310 13 226 554 671 561 672 
1000 999 
best 0.87437806600483
 [0 
