1 2 3 4 5 6 7 8 9 10 11 12 13 14 15 16 17 18 19 20 21 22 23 24  [1;32 1200 0.0016510793677767 [0 
1 2 3 4 5 6 7 8 440 10 11 12 13 14 761 16 17 478 19 20 21 22 23 24  [1;32 7200 0.0031844431532005 [0 
1 2 3 4 900 6 473 8 599 10 11 12 398 14 761 16 257 478 168 20 21 22 23 24  [1;32 49200 0.0090255122336404 [0 
1 401 3 4 900 6 473 224 599 10 11 12 340 14 761 16 257 478 168 20 21 22 546 24  [1;32 57600 0.033977421234017 [0 
1 401 3 494 900 6 448 224 599 10 11 12 308 14 761 16 885 478 168 20 21 22 546 183  [1;32 472800 0.1807797544815 [0 
1 401 3 494 900 6 448 224 599 10 11 12 308 14 761 16 885 478 168 20 21 22 546 177  [1;32 648000 0.23404037173956 [0 
1 401 3 494 900 6 448 224 599 10 11 457 308 14 761 16 885 478 168 20 21 315 546 177  [1;32 916800 0.73764854880594 [0 
1 401 3 494 900 6 448 224 599 10 11 457 308 14 761 16 885 478 168 20 21 315 546 177  [1;32 918000 0.79811254595719 [0 
1 401 3 494 900 6 448 224 599 10 11 457 308 14 761 16 885 478 168 20 21 315 546 177  [1;32 919200 0.79964386595851 [0 
1 401 3 494 900 6 448 224 284 10 11 457 308 14 761 16 885 478 92 20 21 315 546 177  [1;32 933600 0.80469969359908 [0 
1 401 3 675 900 6 448 224 269 10 11 457 308 14 761 16 885 478 92 20 21 284 546 177  [1;32 946800 0.82206586861379 [0 
1 401 3 675 752 6 448 224 269 10 11 457 308 14 761 16 885 478 92 20 21 284 546 177  [1;32 1158000 0.84285562968779 [0 
seed 58
1 401 3 675 752 6 448 224 269 10 11 457 308 14 761 16 885 478 92 20 21 284 546 177 
1000 999 
best 0.84285562968779
 [0 
