1 2 3 4 5 6 7 8 9 10 11 12 13 14 15 16 17 18 19 20 21 22 23 24 [1;32m1200 0.0049557141968373[0m
1 2 3 4 5 6 7 8 9 10 11 956 806 14 591 16 17 18 19 20 21 22 23 24 [1;32m4800 0.25073064567964[0m
1 1000 3 4 5 6 7 8 9 10 11 956 806 14 591 16 17 18 19 20 21 22 23 24 [1;32m22800 0.35964694470186[0m
1 1000 3 4 5 6 7 871 9 10 11 956 806 14 514 16 507 18 19 20 21 22 23 24 [1;32m106800 0.50186577707923[0m
1 1000 3 4 5 6 7 871 223 10 11 956 806 14 514 16 507 18 19 20 21 22 23 24 [1;32m188400 0.60640318746653[0m
1 1000 3 4 5 6 7 871 223 10 11 956 806 14 514 16 507 18 19 20 21 22 23 24 [1;32m189600 0.61120836890029[0m
1 302 3 4 5 6 7 871 223 10 11 956 806 14 514 16 507 18 19 20 21 22 23 24 [1;32m204000 0.69877382187505[0m
1 302 3 4 5 6 7 871 223 10 11 956 806 14 514 16 507 18 19 20 21 22 23 24 [1;32m205200 0.76776323132069[0m
1 302 911 4 752 6 7 809 887 10 11 977 806 14 514 16 507 18 19 20 21 22 23 254 [1;32m223200 0.85445858307139[0m
1 302 374 4 752 6 31 809 887 10 11 977 806 14 514 147 507 18 19 20 21 22 75 254 [1;32m226800 0.86850367618737[0m
1 302 374 4 752 6 31 809 887 10 11 977 806 14 514 507 507 18 19 20 21 22 75 254 [1;32m289200 0.89102073394587[0m
1 302 236 4 337 458 31 426 613 10 11 977 806 14 514 507 507 18 19 20 872 22 75 254 [1;32m300000 0.90410809203186[0m
1 302 236 4 691 458 31 426 613 708 11 977 806 587 514 507 507 18 19 20 872 22 749 254 [1;32m1255200 0.9081116865109[0m
seed 34
1 302 236 4 691 458 31 426 613 708 11 977 806 587 514 507 507 18 19 20 872 22 749 254 
1000 999 
best 0.9081116865109
[0m
