1 2 864 4 5 6 7 8 9 10 11 12 13 14 15 16 17 18 19 20 415 315 23 24 [1;32m334800 0.0029529888182[0m
1 2 864 4 5 6 118 8 9 10 11 12 13 14 819 16 17 18 19 20 927 315 23 24 [1;32m358800 0.79673600502969[0m
1 2 864 4 5 6 118 8 9 10 11 12 13 14 819 16 17 18 19 20 927 315 23 24 [1;32m360000 0.80267316772483[0m
1 2 864 4 5 6 118 8 9 10 11 12 13 14 819 16 17 18 19 20 927 315 23 24 [1;32m361200 0.85710176951969[0m
1 2 864 4 5 6 118 8 9 10 11 12 13 14 37 16 17 18 19 20 927 315 23 24 [1;32m364800 0.85817796922341[0m
1 715 864 4 5 428 597 8 9 10 11 12 13 14 37 16 17 18 59 20 927 315 552 24 [1;32m372000 0.85911233955079[0m
1 715 864 4 5 428 929 8 879 617 11 12 13 14 340 52 17 18 59 20 927 315 552 24 [1;32m385200 0.86074685473848[0m
1 715 864 4 5 428 929 8 879 617 11 12 13 14 340 52 17 18 59 20 927 315 552 282 [1;32m392400 0.86127346727698[0m
1 835 864 4 5 428 461 8 879 617 11 12 13 14 340 716 17 570 59 20 927 315 552 282 [1;32m757200 0.86691002429974[0m
seed 59
1 835 864 4 5 428 461 8 879 617 11 12 13 14 340 716 17 570 59 20 927 315 552 282 
1000 999 
best 0.86691002429974
[0m
