1 2 3 4 5 6 7 8 9 10 11 12 13 14 15 16 17 18 19 20 21 22 23 24  [1;32 1200 0.21947487055668 [0 
1 2 3 4 5 6 7 8 9 10 446 12 13 441 15 16 17 18 19 20 21 22 23 24  [1;32 64800 0.33517949161737 [0 
1 2 3 4 5 6 7 8 9 10 446 12 13 441 15 16 17 18 19 20 21 22 23 24  [1;32 66000 0.55536294669238 [0 
334 2 3 749 755 6 7 8 9 10 446 12 13 441 15 16 17 18 19 20 21 22 138 24  [1;32 231600 0.67781023774845 [0 
334 2 3 749 755 6 7 8 9 891 446 12 13 441 15 16 17 18 262 20 525 22 138 24  [1;32 234000 0.67789803134205 [0 
334 2 3 749 755 6 7 279 351 891 446 12 13 441 545 16 108 18 262 20 525 22 138 177  [1;32 237600 0.72042668986657 [0 
334 2 3 749 755 6 7 876 351 760 152 12 13 441 545 16 108 18 262 20 525 22 138 177  [1;32 241200 0.73572927528616 [0 
180 87 3 749 755 367 446 876 597 760 152 12 13 441 545 16 108 18 262 20 525 22 138 177  [1;32 265200 0.81627267986168 [0 
180 87 3 749 755 367 446 876 597 760 152 12 13 441 545 16 108 18 262 20 525 22 138 177  [1;32 266400 0.90143419953021 [0 
180 87 3 749 755 367 446 876 597 760 152 818 13 441 545 16 108 18 262 20 525 22 138 177  [1;32 274800 0.90144267578051 [0 
180 87 3 749 755 367 446 407 597 760 152 818 13 441 545 16 108 18 262 20 525 22 138 268  [1;32 606000 0.90355112306092 [0 
180 87 3 749 755 367 446 337 597 760 152 818 13 441 545 16 108 18 262 20 525 22 138 268  [1;32 610800 0.90401929484665 [0 
seed 93
180 87 3 749 755 367 446 337 597 760 152 818 13 441 545 16 108 18 262 20 525 22 138 268 
1000 999 
best 0.90401929484665
 [0 
