1 2 3 4 5 6 7 8 9 10 11 12 13 14 15 16 17 18 19 20 21 22 23 24 [1;32m1200 0.10064217540822[0m
1 2 3 4 5 6 7 8 9 10 11 12 13 14 15 16 17 18 19 20 21 22 23 24 [1;32m2400 0.11218006664604[0m
1 2 3 4 5 6 7 8 9 10 11 12 13 14 15 16 17 18 19 20 21 22 23 24 [1;32m3600 0.1161799050465[0m
1 2 3 4 5 6 7 8 9 10 11 12 13 14 15 16 17 18 19 20 21 22 23 24 [1;32m4800 0.12154684127266[0m
1 2 3 4 5 6 7 8 9 10 11 12 13 14 15 16 17 18 19 20 21 31 23 24 [1;32m37200 0.12654690385185[0m
1 2 3 4 161 6 7 8 24 10 11 12 13 767 15 16 17 18 19 756 21 31 23 24 [1;32m48000 0.12759177095525[0m
1 2 3 4 161 6 7 8 24 10 11 12 13 767 15 16 17 18 19 756 21 31 23 24 [1;32m49200 0.14614463351289[0m
1 2 140 4 161 6 7 8 24 343 11 12 13 767 15 16 17 18 19 756 21 31 977 24 [1;32m60000 0.17008723012126[0m
1 2 140 4 161 6 7 8 24 343 11 12 368 767 15 16 17 18 650 957 21 31 977 24 [1;32m152400 0.17268812551235[0m
1 2 140 4 161 6 7 8 900 212 197 12 368 767 15 16 17 643 283 165 21 31 977 24 [1;32m168000 0.20221287270202[0m
1 2 140 4 161 6 7 553 900 212 197 12 368 268 671 16 610 61 283 165 21 31 977 315 [1;32m390000 0.28568800164454[0m
1 2 140 4 161 6 7 553 900 212 197 12 368 268 671 16 610 334 283 673 885 31 977 315 [1;32m412800 0.28611792678685[0m
1 2 140 4 161 6 7 553 900 212 197 12 368 268 671 16 610 334 283 673 885 31 977 315 [1;32m414000 0.43012626297622[0m
1 2 140 4 161 6 7 553 900 212 197 12 368 268 671 16 610 334 283 673 885 31 977 315 [1;32m415200 0.50015982566672[0m
453 2 140 4 889 6 732 553 900 212 197 12 345 268 671 16 561 746 283 673 885 31 977 315 [1;32m639600 0.50943598632843[0m
453 2 696 4 889 6 732 553 900 212 197 12 345 268 671 16 561 746 283 673 885 31 977 315 [1;32m782400 0.52029535490389[0m
419 2 696 684 889 6 732 553 900 212 197 12 345 268 671 382 561 746 283 673 885 31 977 315 [1;32m927600 0.53110641240237[0m
419 615 428 684 889 6 732 553 900 212 197 12 345 268 671 382 561 746 283 673 885 31 977 315 [1;32m969600 0.54816471114795[0m
419 76 428 684 889 6 732 553 900 212 191 12 345 268 671 382 561 746 283 673 885 31 339 331 [1;32m981600 0.56492703005322[0m
419 76 428 684 889 6 732 553 231 212 191 12 345 268 671 382 561 746 283 673 885 31 339 331 [1;32m1093200 0.5859183235227[0m
419 76 428 684 889 6 732 8 231 212 191 12 345 268 643 382 54 746 283 673 885 31 339 331 [1;32m1113600 0.59610713314492[0m
seed 41
419 76 428 684 889 6 732 8 231 212 191 12 345 268 643 382 54 746 283 673 885 31 339 331 
1000 999 
best 0.59610713314492
[0m
