1 2 3 4 5 6 7 8 9 10 11 12 13 14 15 16 17 18 19 20 21 22 23 24 [1;32m1200 0.18245859618814[0m
1 2 3 4 5 6 7 8 9 10 11 12 13 14 15 16 17 18 19 20 21 22 23 24 [1;32m2400 0.19982364199094[0m
1 2 200 4 5 868 7 8 9 10 11 12 13 14 15 16 17 18 19 20 21 22 289 24 [1;32m14400 0.26090178351006[0m
1 2 298 4 238 868 7 8 9 290 11 12 13 128 15 16 17 18 19 20 21 22 115 24 [1;32m22800 0.28479277493682[0m
1 364 298 4 238 868 7 8 9 290 826 12 13 128 15 745 17 18 19 20 435 22 705 24 [1;32m26400 0.29557861186577[0m
738 364 298 4 424 868 7 8 9 290 826 12 13 274 15 453 638 18 19 20 435 22 113 24 [1;32m32400 0.34002421508657[0m
738 364 298 4 424 868 7 8 9 290 826 12 13 274 15 164 638 18 101 20 435 22 113 24 [1;32m34800 0.34181428012588[0m
738 364 298 4 424 868 7 8 9 290 826 12 13 274 15 164 638 18 101 20 435 22 113 24 [1;32m36000 0.34842787348339[0m
738 364 298 4 424 868 7 8 9 290 826 849 554 274 15 164 638 18 101 20 435 22 113 24 [1;32m38400 0.46349615765324[0m
738 364 298 4 424 868 7 8 9 290 826 849 554 274 735 164 638 18 101 20 435 22 113 24 [1;32m73200 0.46683042314174[0m
738 364 298 4 424 868 622 8 297 290 826 849 107 274 365 164 638 857 101 20 435 22 113 24 [1;32m172800 0.47999503107632[0m
738 364 298 4 424 868 622 8 297 290 826 849 107 274 365 164 638 857 101 20 435 22 113 24 [1;32m174000 0.4813587691061[0m
738 364 298 689 424 868 622 257 297 290 826 849 107 274 746 164 638 857 101 20 435 22 113 24 [1;32m259200 0.48200425895432[0m
738 364 298 689 424 868 622 257 297 290 826 849 107 288 746 458 638 857 101 20 435 22 113 111 [1;32m294000 0.48224723271658[0m
738 241 298 970 424 868 622 257 297 290 826 849 107 288 746 458 638 857 101 20 435 22 113 838 [1;32m304800 0.5044706154091[0m
738 241 298 970 424 868 622 257 297 290 826 849 107 288 746 458 638 857 101 20 435 22 113 838 [1;32m306000 0.52016339283322[0m
965 241 298 970 424 868 622 257 719 290 826 849 107 707 746 458 638 857 101 20 435 22 113 838 [1;32m312000 0.52757199633926[0m
965 241 298 970 424 868 622 257 719 290 826 849 107 707 746 458 638 306 101 20 435 22 113 56 [1;32m328800 0.57671561726047[0m
965 241 298 970 424 868 622 257 719 544 826 849 107 707 746 458 638 306 101 20 435 963 113 56 [1;32m439200 0.58206249811805[0m
965 241 298 970 424 868 622 165 719 544 684 849 107 707 746 458 638 306 101 20 435 963 113 56 [1;32m735600 0.59980120465237[0m
965 241 298 970 424 868 622 165 719 544 684 849 107 707 746 458 638 306 101 20 419 963 113 56 [1;32m1045200 0.62338653255026[0m
965 355 298 454 424 868 622 165 719 544 684 849 107 707 699 458 638 306 101 20 404 963 113 56 [1;32m1056000 0.72202428842689[0m
965 355 192 454 424 868 622 165 719 544 684 42 107 707 699 458 729 306 101 20 404 963 113 56 [1;32m1059600 0.72332834137345[0m
965 355 192 454 424 868 622 165 719 544 684 42 107 707 699 458 729 323 101 20 404 963 113 56 [1;32m1399200 0.74688019817633[0m
seed 34
965 355 192 454 424 868 622 165 719 544 684 42 107 707 699 458 729 323 101 20 404 963 113 56 
1000 999 
best 0.74688019817633
[0m
