1 2 3 4 5 6 7 8 9 10 11 12 13 14 15 16 17 18 19 20 21 22 23 24  [1;32 1200 0.24343345236011 [0 
1 2 3 4 5 6 7 8 9 10 11 12 13 14 15 16 17 18 19 20 21 22 23 24  [1;32 2400 0.2760519748071 [0 
1 329 999 4 511 6 7 237 9 10 11 12 13 14 15 16 17 18 19 592 21 22 23 24  [1;32 4800 0.31924941258769 [0 
1 329 999 4 511 6 7 237 9 10 11 12 13 14 15 16 17 18 19 592 21 22 23 24  [1;32 6000 0.39138699817958 [0 
1 329 999 4 511 890 7 237 9 10 11 12 13 14 15 16 17 651 19 592 21 22 23 24  [1;32 9600 0.39302906159575 [0 
1 329 999 4 511 890 7 237 9 505 623 12 703 14 15 16 17 651 19 592 484 22 23 24  [1;32 14400 0.41204041406325 [0 
1 329 999 4 511 890 7 237 9 505 623 12 703 14 15 16 17 651 19 592 484 22 23 24  [1;32 15600 0.46093122080572 [0 
1 329 999 4 511 890 7 237 857 505 623 12 703 14 15 16 17 651 19 592 484 22 23 24  [1;32 97200 0.46898224467789 [0 
1 329 999 4 511 890 7 237 857 505 623 12 703 14 15 16 17 651 19 592 484 22 23 24  [1;32 98400 0.49212318060018 [0 
1 329 999 4 511 617 7 929 685 505 623 12 703 14 15 16 17 651 19 592 484 22 23 24  [1;32 102000 0.49475695852307 [0 
1 329 999 4 511 617 7 929 685 505 623 12 703 14 15 16 17 651 19 592 484 22 23 24  [1;32 103200 0.5044953574919 [0 
1 329 999 4 511 617 7 929 685 505 623 12 703 14 15 16 17 651 19 592 484 22 23 24  [1;32 104400 0.51767950167141 [0 
1 329 999 4 511 617 7 929 685 505 623 12 703 14 15 16 596 651 19 592 484 232 23 24  [1;32 117600 0.51819711103999 [0 
1 863 999 4 511 617 7 929 685 505 393 12 703 14 15 16 596 651 19 592 484 232 61 493  [1;32 136800 0.51898412401659 [0 
1 23 999 4 511 617 271 929 685 505 671 12 703 788 15 16 556 651 19 592 484 232 61 493  [1;32 153600 0.52252104904647 [0 
1 23 999 4 511 617 271 929 685 505 671 12 703 788 15 16 556 651 19 592 484 232 61 493  [1;32 154800 0.52986582825797 [0 
1 23 999 4 511 617 271 929 685 505 671 12 703 788 15 16 556 651 19 592 484 232 61 493  [1;32 156000 0.547244960601 [0 
1 23 999 4 511 617 271 929 685 893 955 12 675 788 15 16 556 997 19 592 484 232 61 493  [1;32 256800 0.55476768962446 [0 
1 23 865 4 511 617 271 929 685 893 955 12 675 788 15 16 556 997 19 592 484 232 61 493  [1;32 309600 0.57960091562414 [0 
509 23 865 4 511 617 271 929 685 893 955 582 675 135 15 16 556 997 551 591 484 232 61 493  [1;32 856800 0.5807664074132 [0 
509 23 865 4 511 617 271 929 292 37 955 582 675 135 15 16 260 997 551 591 484 232 61 493  [1;32 955200 0.58208011998679 [0 
509 968 865 4 511 617 998 929 911 37 955 347 675 135 15 16 260 997 551 591 484 232 61 627  [1;32 975600 0.5988758962963 [0 
509 968 865 4 511 617 998 929 911 37 955 347 675 135 158 16 260 997 551 54 484 232 61 627  [1;32 1106400 0.60388890180646 [0 
seed 36
509 968 865 4 511 617 998 929 911 37 955 347 675 135 158 16 260 997 551 54 484 232 61 627 
1000 999 
best 0.60388890180646
 [0 
