1 2 3 4 5 6 7 8 9 10 11 12 13 14 15 16 17 18 19 20 21 22 23 24 [1;32m1200 0.00082539931038637[0m
1 2 3 4 5 6 7 8 9 10 11 12 13 14 223 181 17 18 19 20 21 22 23 24 [1;32m49200 0.37834698236279[0m
1 2 3 4 5 6 7 8 9 10 11 12 13 14 223 181 17 771 19 285 21 334 23 24 [1;32m126000 0.44707047302989[0m
1 2 3 4 5 6 7 8 9 133 11 12 13 14 223 181 17 177 19 285 21 334 23 677 [1;32m465600 0.44777667529236[0m
1 2 3 800 5 6 7 8 9 133 11 12 13 14 223 181 17 177 19 482 21 334 23 677 [1;32m1040400 0.44806929281925[0m
1 2 3 800 106 55 7 8 9 541 191 12 13 14 223 181 17 177 347 482 21 334 23 677 [1;32m1077600 0.45299067007056[0m
1 2 3 800 106 55 7 8 9 541 191 655 87 14 223 181 17 177 347 482 21 334 23 677 [1;32m1250400 0.48978033055293[0m
seed 3
1 2 3 800 106 55 7 8 9 541 191 655 87 14 223 181 17 177 347 482 21 334 23 677 
1000 999 
best 0.48978033055293
[0m
