1 2 3 4 5 6 7 8 9 10 11 12 13 14 15 16 17 18 19 20 21 22 23 24 [1;32m1200 0.087596626663547[0m
1 2 3 4 5 6 7 8 9 10 11 12 13 14 15 16 17 18 19 20 21 22 23 24 [1;32m2400 0.1738173880714[0m
1 2 3 4 5 6 7 8 9 10 11 452 13 14 15 16 17 18 19 20 21 22 23 24 [1;32m4800 0.20455863702837[0m
941 2 3 4 5 6 7 8 336 577 11 452 13 14 15 895 17 18 19 90 21 22 23 24 [1;32m7200 0.23164921602967[0m
941 2 3 4 5 6 7 8 336 577 11 452 455 461 15 895 17 18 19 90 102 22 23 24 [1;32m52800 0.23227089269034[0m
941 2 3 4 5 6 7 8 336 577 11 452 455 461 15 895 17 18 19 848 102 22 23 24 [1;32m60000 0.24730414304353[0m
941 2 3 251 5 6 416 8 336 577 11 452 455 461 15 895 17 18 19 58 102 22 23 24 [1;32m80400 0.25380331830655[0m
941 167 3 251 5 6 416 8 336 577 11 452 455 461 15 964 17 18 19 181 102 22 23 24 [1;32m86400 0.2688952231364[0m
302 167 491 251 56 6 416 8 336 577 927 452 455 461 15 964 17 18 19 882 102 22 23 24 [1;32m247200 0.2693859298591[0m
302 167 491 251 56 6 416 8 79 54 927 452 455 461 15 964 17 18 19 882 102 987 23 24 [1;32m266400 0.27167147496933[0m
302 167 491 251 56 6 416 8 79 54 927 452 455 461 15 964 17 18 19 882 102 924 23 918 [1;32m312000 0.27282432547392[0m
302 695 491 251 56 6 416 8 79 54 927 452 455 461 194 692 17 18 19 882 102 924 23 918 [1;32m322800 0.28625309748523[0m
302 695 491 251 56 6 416 8 79 54 927 452 866 461 90 692 17 18 19 882 102 924 23 297 [1;32m435600 0.28714117929998[0m
715 695 491 251 56 6 416 8 79 54 927 452 866 461 90 628 61 18 19 882 102 924 2 52 [1;32m480000 0.29695645981653[0m
715 695 491 1000 56 291 416 8 79 54 261 452 866 461 90 628 61 18 19 530 474 924 2 52 [1;32m482400 0.35894151352213[0m
715 695 491 1000 56 291 416 8 79 54 261 452 866 461 90 628 61 18 19 530 474 924 2 52 [1;32m483600 0.4430806919192[0m
715 695 491 1000 56 291 416 8 79 54 261 452 866 461 90 628 61 18 19 530 474 924 2 52 [1;32m484800 0.4756460468798[0m
715 695 491 1000 56 291 416 66 79 54 261 452 866 461 90 628 61 18 591 530 474 924 2 52 [1;32m542400 0.51771892549154[0m
715 695 491 1000 56 291 416 66 79 54 261 452 866 461 90 628 61 18 591 530 474 924 2 52 [1;32m543600 0.52167665416089[0m
715 695 491 1000 56 291 416 66 79 54 261 452 866 461 90 628 61 18 591 530 474 924 2 52 [1;32m544800 0.5251141844633[0m
715 695 491 1000 56 291 416 66 79 54 261 452 866 461 90 628 61 326 591 530 474 924 2 52 [1;32m782400 0.53335791592822[0m
715 695 491 1000 56 291 416 66 79 54 261 452 866 461 90 628 61 326 591 530 474 924 2 52 [1;32m783600 0.54495633426391[0m
seed 77
715 695 491 1000 56 291 416 66 79 54 261 452 866 461 90 628 61 326 591 530 474 924 2 52 
1000 999 
best 0.54495633426391
[0m
