1 2 3 4 5 6 7 8 9 10 11 12 13 14 15 16 17 18 19 20 21 22 23 24  [1;32 1200 0.24712704194185 [0 
1 2 3 4 5 6 7 8 9 10 11 12 13 14 15 16 17 18 19 20 21 22 23 24  [1;32 2400 0.25367131621363 [0 
377 2 3 4 40 6 7 8 9 10 11 12 13 14 15 16 17 18 19 20 21 525 23 24  [1;32 7200 0.25602493904624 [0 
377 2 3 4 40 6 7 8 9 10 11 12 13 14 15 16 17 18 19 20 21 525 23 24  [1;32 8400 0.25924460533854 [0 
91 2 3 4 193 6 7 8 9 10 11 12 13 14 15 490 918 18 19 20 21 525 23 587  [1;32 15600 0.27686567290836 [0 
91 2 3 4 193 6 245 8 9 10 878 201 13 430 15 490 918 18 19 20 453 525 23 587  [1;32 19200 0.31459890586047 [0 
91 2 3 4 193 6 245 8 9 10 878 201 13 430 15 490 918 18 19 20 453 525 23 587  [1;32 20400 0.32108473577717 [0 
91 2 3 4 193 6 245 540 9 394 868 201 121 630 61 490 918 18 19 20 453 525 23 587  [1;32 36000 0.34473382888776 [0 
91 2 3 4 193 6 245 540 9 394 868 201 121 630 61 490 788 18 19 20 453 525 23 587  [1;32 78000 0.3888360844139 [0 
91 2 3 4 193 982 245 540 9 394 868 201 121 630 61 85 788 18 19 20 453 525 23 587  [1;32 85200 0.40208087798416 [0 
91 2 3 4 193 982 245 540 9 394 868 201 121 630 61 85 788 18 19 20 453 525 23 587  [1;32 86400 0.44668715624236 [0 
91 2 808 4 193 982 245 801 9 394 868 201 121 630 61 365 788 18 19 20 453 236 23 949  [1;32 559200 0.45307025326063 [0 
91 2 808 4 193 982 245 801 9 558 868 201 121 789 61 365 788 18 19 20 41 236 23 949  [1;32 884400 0.47936315791034 [0 
91 2 808 216 193 982 245 801 9 558 868 201 121 621 61 365 788 18 19 20 41 236 111 949  [1;32 903600 0.49274248069773 [0 
91 2 808 216 193 982 245 265 9 558 868 201 226 34 61 365 788 445 19 20 209 236 111 949  [1;32 1156800 0.49778121705772 [0 
91 2 808 485 193 982 245 356 9 347 868 201 226 34 61 348 788 445 19 20 209 899 111 949  [1;32 1185600 0.53562366374919 [0 
seed 13
91 2 808 485 193 982 245 356 9 347 868 201 226 34 61 348 788 445 19 20 209 899 111 949 
1000 999 
best 0.53562366374919
 [0 
