1 2 3 4 5 6 7 8 9 10 11 12 13 14 15 16 17 18 19 20 21 22 23 24 [1;32m1200 0.2198587069921[0m
1 2 3 4 5 6 528 8 9 10 11 12 13 14 15 16 17 18 19 20 21 22 23 24 [1;32m610800 0.55592521043519[0m
1 2 3 4 5 6 528 8 365 10 11 12 13 14 52 16 17 330 19 20 21 22 23 24 [1;32m616800 0.56565338552647[0m
1 2 3 4 5 6 528 8 365 608 11 12 13 350 52 16 17 330 19 20 21 203 23 24 [1;32m622800 0.59399782845054[0m
1 2 3 4 5 6 528 8 365 201 11 12 13 350 52 16 17 330 846 20 21 203 23 24 [1;32m643200 0.60055044392051[0m
1 2 3 4 309 6 528 8 365 201 11 12 13 350 815 16 17 330 846 20 21 203 23 24 [1;32m658800 0.62047491292676[0m
307 2 107 4 309 6 528 8 365 201 11 12 13 350 815 16 17 330 846 20 21 203 23 24 [1;32m661200 0.63556877637473[0m
307 2 107 4 840 6 528 8 365 201 11 12 13 350 45 16 602 330 846 20 21 203 23 24 [1;32m672000 0.63730406929309[0m
seed 91
307 2 107 4 840 6 528 8 365 201 11 12 13 350 45 16 602 330 846 20 21 203 23 24 
1000 999 
best 0.63730406929309
[0m
