1 2 3 4 5 6 7 8 9 10 714 12 828 14 834 16 17 330 19 20 21 22 23 24  [1;32 126000 0.06523066350131 [0 
1 2 3 4 5 6 7 8 9 10 714 12 828 14 834 16 17 330 19 20 21 22 23 24  [1;32 127200 0.066052301190724 [0 
1 2 3 4 5 6 7 8 434 10 714 12 828 14 834 16 17 330 19 20 21 22 23 24  [1;32 129600 0.066062741425124 [0 
1 2 3 4 5 6 7 8 434 10 714 906 828 14 834 16 17 330 19 20 21 910 23 999  [1;32 136800 0.085883367665457 [0 
1 2 3 4 5 6 7 8 434 10 714 906 828 14 834 16 17 330 19 20 21 910 23 999  [1;32 138000 0.086691214621082 [0 
1 2 3 4 149 6 7 8 434 10 714 906 828 14 834 16 17 330 420 20 21 910 23 999  [1;32 142800 0.087526442930252 [0 
1 2 3 4 149 6 7 8 434 10 714 906 719 14 834 478 211 330 420 20 21 263 23 262  [1;32 148800 0.09658285702828 [0 
1 2 3 4 149 6 7 8 434 10 714 906 719 14 834 478 211 330 420 20 21 263 23 262  [1;32 150000 0.099088032069749 [0 
782 673 3 109 149 6 7 8 434 10 714 906 719 14 834 478 211 330 420 20 21 263 23 262  [1;32 160800 0.10650884755201 [0 
782 673 3 109 955 6 7 8 148 10 714 906 982 14 518 478 211 330 420 222 21 263 23 262  [1;32 165600 0.20063999736587 [0 
782 673 3 109 955 6 7 8 148 10 714 906 982 14 518 478 211 330 420 222 21 263 23 262  [1;32 166800 0.21301814673191 [0 
782 673 3 109 955 6 7 8 148 10 714 906 982 14 518 45 211 330 420 222 21 263 23 262  [1;32 169200 0.21301864071454 [0 
782 673 3 109 955 6 7 62 148 10 714 906 982 144 518 45 211 330 420 222 21 263 23 262  [1;32 200400 0.32170183928725 [0 
782 673 3 109 955 6 7 62 148 10 714 906 982 144 518 45 211 330 420 222 21 263 23 262  [1;32 201600 0.33078301400994 [0 
782 673 3 109 955 6 7 62 148 678 714 906 982 144 518 259 211 330 420 222 21 263 23 262  [1;32 225600 0.35089909692211 [0 
782 673 3 109 955 6 7 62 148 678 714 906 982 144 518 259 211 330 420 222 21 263 23 262  [1;32 226800 0.35420622654972 [0 
782 673 3 109 955 6 7 62 148 678 714 906 982 144 518 259 211 330 420 222 21 263 23 262  [1;32 228000 0.35422259438948 [0 
782 673 503 109 955 6 654 62 148 678 714 906 982 144 518 259 626 330 43 222 21 263 23 262  [1;32 237600 0.54890713828108 [0 
782 673 503 109 755 6 654 62 148 678 714 906 982 144 518 348 288 330 43 222 21 263 23 262  [1;32 282000 0.65526328295203 [0 
782 673 503 109 755 6 654 62 161 678 714 906 982 144 518 348 288 330 43 222 21 263 23 262  [1;32 410400 0.67850802471045 [0 
782 673 503 969 755 6 654 62 161 678 714 906 982 144 950 348 288 330 43 222 21 263 23 262  [1;32 458400 0.69101084275309 [0 
782 673 570 969 755 949 654 62 161 678 714 906 982 144 950 348 288 330 43 222 21 263 23 262  [1;32 500400 0.77847104760017 [0 
782 673 570 969 755 949 654 62 161 678 714 906 982 144 950 931 288 330 147 222 21 263 23 251  [1;32 912000 0.8099313899213 [0 
782 673 570 969 755 949 654 62 161 678 714 906 982 144 950 931 288 330 147 222 21 263 23 251  [1;32 913200 0.86339830148179 [0 
782 673 570 969 755 949 654 62 161 678 714 906 982 144 950 931 288 330 147 222 21 263 23 251  [1;32 914400 0.86578615773511 [0 
782 673 570 969 755 949 654 62 161 678 714 906 285 144 950 931 288 330 147 222 21 263 23 251  [1;32 1128000 0.8694094103787 [0 
seed 17
782 673 570 969 755 949 654 62 161 678 714 906 285 144 950 931 288 330 147 222 21 263 23 251 
1000 999 
best 0.8694094103787
 [0 
