1 2 3 4 5 6 7 8 9 10 11 12 13 14 15 16 17 18 19 20 21 22 23 24 [1;32m1200 0.0070881157411485[0m
1 2 3 4 5 6 7 8 9 10 11 12 13 14 15 310 17 18 19 20 21 22 172 647 [1;32m3600 0.082786335699781[0m
1 455 3 4 87 681 7 8 9 10 11 899 13 14 15 310 17 18 19 20 21 22 172 996 [1;32m7200 0.098259058149547[0m
1 455 3 4 87 681 7 8 9 10 11 965 13 14 15 310 17 18 19 20 21 22 172 996 [1;32m13200 0.11725403750378[0m
1 455 3 4 87 681 7 8 9 651 11 965 13 14 15 310 17 18 19 20 21 22 172 996 [1;32m19200 0.12164929781943[0m
1 455 3 4 87 681 7 8 9 651 129 965 13 14 15 310 17 18 19 20 21 22 172 996 [1;32m128400 0.13313938348076[0m
1 455 3 4 87 681 7 8 9 651 129 965 13 14 15 310 17 18 19 20 21 22 172 996 [1;32m129600 0.13811349484604[0m
1 455 3 4 87 681 7 8 9 651 129 965 13 14 15 310 17 18 19 20 21 22 172 996 [1;32m130800 0.14365106778361[0m
310 455 3 4 87 681 7 8 9 651 129 965 13 14 15 310 926 18 19 20 21 22 172 996 [1;32m169200 0.14736378074238[0m
310 455 3 4 87 681 7 8 9 651 129 965 13 14 15 310 926 18 19 20 21 22 172 996 [1;32m170400 0.17835510894786[0m
284 455 3 4 87 681 7 8 9 651 129 965 356 14 15 310 926 18 19 20 21 201 172 996 [1;32m295200 0.18659406266592[0m
284 41 3 4 87 681 7 8 9 651 196 965 356 14 15 310 926 18 19 20 21 201 172 732 [1;32m559200 0.19275847989923[0m
seed 46
284 41 3 4 87 681 7 8 9 651 196 965 356 14 15 310 926 18 19 20 21 201 172 732 
1000 999 
best 0.19275847989923
[0m
