1 2 3 4 5 6 7 8 9 10 11 12 13 14 15 16 17 18 19 20 21 22 23 24 [1;32m1200 0.0049535621158942[0m
1 2 3 4 5 6 7 8 9 10 11 12 13 14 15 16 17 434 19 41 583 22 23 24 [1;32m13200 0.0066075986797318[0m
1 79 3 4 5 208 7 8 9 10 11 12 13 14 122 16 17 434 19 41 583 22 23 24 [1;32m69600 0.0074377788368914[0m
1 79 3 4 5 208 7 456 9 10 11 12 13 14 122 663 17 434 19 41 583 497 23 399 [1;32m72000 0.0082556340814077[0m
1 79 3 4 5 208 7 456 9 10 11 12 109 14 122 663 894 434 19 41 578 497 23 399 [1;32m74400 0.0090833281705486[0m
1 79 3 734 5 208 7 456 9 10 554 12 109 14 515 663 894 434 836 41 578 497 23 399 [1;32m76800 0.01073054026029[0m
1 79 3 734 629 208 7 456 9 10 554 499 109 14 515 663 894 434 836 41 691 497 23 41 [1;32m114000 0.012385619771933[0m
1 79 3 734 629 208 7 456 9 728 554 499 109 14 515 663 894 434 836 41 691 912 23 41 [1;32m132000 0.035505174105179[0m
1 79 3 976 629 208 7 478 9 728 371 499 109 14 515 663 894 434 836 149 691 313 23 304 [1;32m229200 0.04261530754797[0m
374 136 3 976 629 208 7 478 9 728 343 447 109 14 515 663 894 434 836 149 691 313 23 304 [1;32m232800 0.052130755403504[0m
374 136 3 976 629 208 7 478 9 728 863 447 109 14 515 426 894 434 836 149 691 313 23 304 [1;32m238800 0.053541958788373[0m
374 136 3 976 629 208 7 478 400 728 863 447 109 440 515 426 894 434 836 930 691 301 23 304 [1;32m246000 0.071408674765717[0m
374 551 3 976 629 208 578 478 400 728 863 447 109 440 515 426 894 95 836 930 691 301 23 304 [1;32m253200 0.078772928750122[0m
374 92 3 976 288 306 578 478 400 728 863 447 109 440 515 426 894 95 836 930 691 301 23 304 [1;32m266400 0.086697223089536[0m
374 92 3 976 288 306 578 478 400 728 863 447 109 440 515 426 894 95 836 930 691 301 23 304 [1;32m267600 0.1048644870039[0m
374 92 3 976 288 306 578 478 400 728 863 447 109 440 515 426 916 95 836 930 691 301 604 304 [1;32m454800 0.11365475322671[0m
374 92 3 976 288 306 578 478 400 728 133 447 109 440 515 426 916 95 836 874 404 702 604 304 [1;32m466800 0.11456923959838[0m
366 92 3 976 386 731 542 478 400 728 133 447 109 440 515 426 916 95 967 874 405 702 604 304 [1;32m471600 0.1816218122068[0m
366 349 3 976 386 731 542 478 400 728 133 447 499 113 515 437 916 95 209 874 405 702 604 304 [1;32m490800 0.18517766376175[0m
366 349 3 976 386 731 542 214 400 728 133 447 499 113 515 860 916 95 209 874 410 702 604 304 [1;32m500400 0.19350543735625[0m
366 349 3 976 386 731 542 214 400 728 133 447 499 113 515 860 206 95 647 672 410 702 604 304 [1;32m572400 0.20210797605796[0m
366 349 3 976 386 731 542 214 400 728 133 447 499 113 515 860 206 95 647 672 410 702 604 304 [1;32m573600 0.22341204808281[0m
366 349 3 976 386 731 542 214 400 728 133 447 499 113 515 860 206 95 647 672 410 702 604 304 [1;32m574800 0.24424953553294[0m
366 349 3 128 386 731 542 214 400 728 133 509 499 113 515 860 206 562 312 672 410 706 604 304 [1;32m661200 0.26859127325607[0m
366 349 869 128 386 731 542 214 400 728 133 509 121 113 515 860 206 562 312 672 176 706 604 304 [1;32m918000 0.27037849836608[0m
366 349 869 128 386 731 542 214 400 728 133 509 121 113 515 860 206 562 312 672 176 706 604 304 [1;32m919200 0.27574774139832[0m
205 349 869 128 386 731 542 949 400 728 133 509 121 113 515 785 530 769 312 672 176 706 604 304 [1;32m961200 0.28385270396618[0m
205 349 966 128 386 731 542 949 400 728 133 509 121 113 515 848 530 769 312 672 176 706 604 304 [1;32m1096800 0.28974267749873[0m
205 625 966 144 386 731 542 949 400 728 133 509 121 113 515 848 530 518 312 672 176 706 604 304 [1;32m1429200 0.41198027638659[0m
seed 39
205 625 966 144 386 731 542 949 400 728 133 509 121 113 515 848 530 518 312 672 176 706 604 304 
1000 999 
best 0.41198027638659
[0m
