1 2 3 4 5 6 7 8 9 10 11 12 13 14 15 16 17 18 19 20 21 22 23 24  [1;32 1200 0.11394436092705 [0 
1 2 3 4 5 6 73 8 380 868 11 12 13 441 15 16 17 553 807 20 21 22 23 24  [1;32 49200 0.55388470975728 [0 
1 2 3 4 5 6 73 8 380 868 11 12 13 441 15 16 17 553 807 20 21 22 23 24  [1;32 50400 0.84475021908213 [0 
1 2 3 4 5 6 73 8 380 868 11 12 13 441 15 16 17 553 807 20 21 22 23 24  [1;32 51600 0.8592261619068 [0 
1 2 3 64 5 6 73 8 380 868 11 12 13 441 15 16 17 553 807 20 21 22 23 24  [1;32 236400 0.87394524763056 [0 
1 2 3 409 5 575 73 8 770 868 11 12 279 441 15 16 17 553 933 20 21 22 23 24  [1;32 738000 0.910514343281 [0 
seed 20
1 2 3 409 5 575 73 8 770 868 11 12 279 441 15 16 17 553 933 20 21 22 23 24 
1000 999 
best 0.910514343281
 [0 
