1 2 3 4 5 6 7 8 9 10 11 12 13 14 15 16 17 18 19 20 21 22 23 24 [1;32m1200 0.0016513669994935[0m
1 2 3 4 496 6 7 8 9 10 1 12 13 14 15 16 17 529 779 20 21 22 23 60 [1;32m10800 0.087097068991013[0m
1 2 3 4 496 6 7 8 690 10 201 12 13 14 15 16 813 529 779 20 21 496 23 60 [1;32m159600 0.81513906033125[0m
1 2 3 4 496 6 7 8 690 10 201 12 13 14 15 16 813 529 779 20 21 496 23 60 [1;32m160800 0.88069567610759[0m
1 2 3 4 496 6 7 8 690 10 329 12 590 311 15 16 813 529 779 20 21 496 23 60 [1;32m163200 0.88293651064039[0m
1 2 3 4 496 6 7 285 690 10 329 12 590 311 15 16 813 529 779 20 21 496 23 60 [1;32m1125600 0.88345651735167[0m
1 2 3 4 496 6 7 285 690 263 329 520 590 311 15 16 376 996 586 809 21 496 23 60 [1;32m1424400 0.88506520461388[0m
seed 14
1 2 3 4 496 6 7 285 690 263 329 520 590 311 15 16 376 996 586 809 21 496 23 60 
1000 999 
best 0.88506520461388
[0m
