1 2 3 4 5 6 7 8 9 10 11 12 13 14 15 16 17 18 19 20 21 22 23 24 [1;32m1200 0.14786971725418[0m
1 2 3 4 5 6 7 8 224 10 11 12 13 14 705 16 17 18 19 20 21 22 23 24 [1;32m9600 0.14893558603674[0m
1 776 3 33 264 6 7 8 224 10 11 12 13 14 705 16 17 18 19 20 21 965 101 24 [1;32m15600 0.16436558175576[0m
1 776 3 33 264 6 7 8 224 10 11 12 13 14 705 16 17 18 19 20 21 965 101 24 [1;32m16800 0.20574739020142[0m
1 776 3 33 264 6 7 8 224 10 11 12 13 14 705 16 17 18 19 20 21 965 101 24 [1;32m18000 0.21956484019939[0m
1 776 3 33 648 6 304 8 224 10 645 152 13 14 705 16 17 18 19 20 126 965 101 24 [1;32m26400 0.24699917025243[0m
1 776 3 33 648 6 304 8 958 10 645 152 13 14 705 16 891 18 44 30 126 755 101 24 [1;32m46800 0.24985320158339[0m
1 776 3 33 648 6 304 911 988 10 645 152 13 14 705 566 521 18 44 30 126 755 101 928 [1;32m57600 0.26286569659824[0m
1 776 3 33 648 6 304 911 988 10 941 152 13 14 300 566 500 487 44 709 126 755 101 928 [1;32m60000 0.30672179664862[0m
6 776 3 33 648 6 304 911 988 10 941 152 13 14 710 566 500 487 44 709 126 755 101 928 [1;32m62400 0.3210806025956[0m
228 776 3 33 648 6 304 911 988 10 941 152 13 14 926 566 500 487 168 709 126 755 101 928 [1;32m84000 0.50454855822938[0m
228 776 3 33 648 6 304 911 988 10 941 152 13 14 926 566 500 487 168 709 126 755 101 928 [1;32m85200 0.51417145877495[0m
228 776 3 33 648 6 304 911 988 10 941 152 13 14 926 566 500 487 168 709 126 755 101 928 [1;32m86400 0.54527430861054[0m
228 776 3 33 648 6 165 911 988 10 941 152 13 14 926 566 500 487 168 709 126 755 101 928 [1;32m139200 0.57152130311445[0m
228 776 3 33 648 971 165 911 988 146 228 972 13 14 926 566 500 819 168 709 126 755 977 928 [1;32m142800 0.61015221745367[0m
845 776 3 33 648 971 165 911 988 146 288 972 13 14 926 566 500 819 168 709 126 755 977 928 [1;32m254400 0.61097949513618[0m
845 776 3 33 648 971 165 911 988 146 288 972 13 14 926 186 500 819 168 709 126 755 977 928 [1;32m542400 0.64368951706448[0m
seed 55
845 776 3 33 648 971 165 911 988 146 288 972 13 14 926 186 500 819 168 709 126 755 977 928 
1000 999 
best 0.64368951706448
[0m
