1 2 3 4 5 6 7 8 9 10 11 12 13 14 15 16 17 18 19 20 21 22 23 24 [1;32m1200 0.44299443068766[0m
1 2 3 4 5 6 7 8 9 10 11 12 13 14 52 16 17 18 19 20 21 22 23 24 [1;32m58800 0.48058054915793[0m
1 2 3 4 5 6 7 8 9 126 11 12 13 14 52 16 196 791 19 20 21 221 23 246 [1;32m228000 0.50931738868243[0m
1 2 3 4 5 6 7 8 9 126 538 12 13 14 52 16 196 791 19 396 21 221 23 246 [1;32m265200 0.52555359319251[0m
1 478 3 4 5 6 7 8 439 126 538 107 13 14 52 16 196 791 19 396 21 221 23 246 [1;32m312000 0.62572821462042[0m
1 478 3 4 5 6 7 8 439 126 538 282 13 14 52 16 196 228 454 396 21 221 302 936 [1;32m499200 0.66061076669734[0m
1 478 3 4 5 6 7 8 439 126 538 282 13 14 52 16 196 228 454 396 21 221 302 936 [1;32m500400 0.67133959314302[0m
1 478 3 4 5 6 7 8 439 126 538 282 13 14 52 16 196 228 454 396 21 221 204 936 [1;32m578400 0.71086802472105[0m
seed 30
1 478 3 4 5 6 7 8 439 126 538 282 13 14 52 16 196 228 454 396 21 221 204 936 
1000 999 
best 0.71086802472105
[0m
