1 2 3 4 5 6 7 8 9 10 11 12 13 14 15 16 17 18 19 20 21 22 23 24 [1;32m1200 0.021884756964217[0m
1 2 3 4 5 6 7 8 9 10 639 12 13 14 895 16 17 11 19 20 21 22 23 24 [1;32m4800 0.0219783280308[0m
921 2 109 582 5 6 7 8 9 10 639 12 13 14 895 16 17 11 133 20 21 22 23 24 [1;32m8400 0.052871918148521[0m
921 2 109 582 5 6 7 8 9 10 639 12 13 14 895 16 17 11 133 20 21 22 23 24 [1;32m9600 0.059318270086118[0m
921 2 109 582 5 6 7 8 9 10 639 12 13 14 895 16 17 11 133 20 21 22 23 24 [1;32m10800 0.064784538989808[0m
921 2 109 582 5 6 7 8 9 10 639 12 13 14 895 16 17 11 133 20 21 22 23 24 [1;32m12000 0.094678040897219[0m
921 2 109 582 5 6 7 8 9 10 639 12 535 14 895 16 17 11 133 20 21 22 23 24 [1;32m32400 0.096949281789616[0m
921 2 109 582 5 6 7 8 9 10 639 12 535 801 895 16 17 11 133 20 21 22 23 24 [1;32m37200 0.10073126138044[0m
921 2 109 526 5 6 7 8 9 10 639 12 535 801 895 16 17 813 133 20 21 22 23 24 [1;32m45600 0.11996079349368[0m
921 2 109 526 5 6 7 8 9 10 281 372 535 801 895 191 17 813 133 20 21 22 23 24 [1;32m61200 0.12549842175575[0m
921 2 109 526 5 6 7 8 9 10 281 372 535 801 895 191 17 73 226 20 21 22 23 803 [1;32m106800 0.14366540556803[0m
921 2 109 526 5 6 7 8 9 10 281 372 535 801 989 191 17 73 226 20 21 22 23 803 [1;32m112800 0.15377260346798[0m
921 2 109 526 5 6 607 8 9 116 281 852 535 801 989 191 17 73 226 20 528 22 23 803 [1;32m158400 0.3618506507912[0m
921 2 109 526 5 6 607 8 9 116 281 852 535 801 989 191 17 73 226 20 528 22 23 803 [1;32m159600 0.45370234067729[0m
921 2 109 526 5 6 607 8 9 116 281 852 535 801 989 191 17 73 226 20 528 22 23 803 [1;32m160800 0.51284453274759[0m
921 2 109 526 5 6 607 849 9 447 281 852 535 801 530 191 17 73 226 20 528 22 23 168 [1;32m165600 0.52886306038563[0m
66 91 109 526 5 6 607 849 9 447 281 852 535 801 530 191 202 73 226 368 528 22 23 168 [1;32m187200 0.75165857457531[0m
66 91 109 526 472 6 607 849 9 902 281 852 535 801 530 191 202 73 226 368 528 978 23 168 [1;32m270000 0.84955298953392[0m
seed 44
66 91 109 526 472 6 607 849 9 902 281 852 535 801 530 191 202 73 226 368 528 978 23 168 
1000 999 
best 0.84955298953392
[0m
