1 2 3 4 5 6 7 8 9 10 11 12 13 14 15 16 17 18 19 20 21 22 23 24  [1;32 1200 0.081782622699417 [0 
1 2 3 4 5 6 7 8 9 10 11 12 13 14 15 16 17 18 19 20 21 22 23 24  [1;32 2400 0.099780589780467 [0 
190 2 3 4 5 6 7 8 9 10 11 12 679 932 15 16 17 18 19 20 21 22 23 24  [1;32 4800 0.1197225195961 [0 
190 2 3 4 5 6 7 8 9 10 11 12 679 932 15 16 17 18 19 20 21 22 23 24  [1;32 6000 0.14036850519355 [0 
190 2 3 4 5 6 7 8 9 10 11 12 679 932 15 16 17 18 19 20 21 22 23 24  [1;32 7200 0.14284096020029 [0 
190 2 463 4 5 6 7 8 9 10 11 12 679 932 15 16 17 30 379 255 21 22 23 24  [1;32 15600 0.16265851284028 [0 
190 2 463 4 5 66 554 8 9 804 11 12 679 620 15 16 17 30 379 255 827 22 23 24  [1;32 20400 0.16944983609831 [0 
190 2 491 4 5 66 715 8 110 804 677 12 679 620 15 16 201 30 379 255 827 22 23 24  [1;32 25200 0.18443036637388 [0 
190 2 229 4 5 66 715 8 302 804 211 12 679 620 15 16 201 30 379 255 827 22 316 24  [1;32 33600 0.23946546099231 [0 
190 2 592 4 5 66 715 489 302 804 788 12 679 620 758 16 201 30 379 716 827 22 316 24  [1;32 46800 0.26339954734683 [0 
190 667 592 4 5 66 715 489 302 268 788 12 679 620 758 16 201 30 379 716 827 22 316 24  [1;32 110400 0.27081450138675 [0 
190 667 592 4 5 66 715 489 302 268 788 12 679 620 758 16 201 30 379 716 827 22 316 24  [1;32 111600 0.27166257742434 [0 
190 667 494 394 5 66 715 489 302 268 788 323 679 620 758 16 201 30 379 16 827 880 316 24  [1;32 114000 0.27578298984106 [0 
190 667 494 394 5 66 152 489 115 268 788 323 679 620 758 16 201 30 379 16 827 880 316 851  [1;32 232800 0.2833041406437 [0 
190 667 494 394 5 66 152 489 115 268 788 323 679 620 758 16 201 30 379 16 827 880 316 851  [1;32 234000 0.3161579509982 [0 
190 667 494 394 5 66 152 489 115 268 788 323 679 620 758 16 201 89 379 16 827 880 316 896  [1;32 248400 0.31788779377975 [0 
190 667 494 394 670 66 152 489 115 268 788 323 679 620 758 16 201 253 379 16 827 880 316 896  [1;32 289200 0.32531799774725 [0 
190 667 369 394 670 66 152 489 115 268 788 323 679 620 758 16 201 253 379 16 827 880 316 896  [1;32 451200 0.33455923275776 [0 
190 667 369 394 670 66 152 489 115 268 788 323 679 620 758 16 201 253 379 16 827 880 316 896  [1;32 452400 0.33493715648667 [0 
190 260 369 394 670 66 152 489 115 268 788 323 679 620 758 16 201 253 379 16 827 880 316 896  [1;32 456000 0.35523365693474 [0 
190 260 369 394 670 66 152 489 168 268 788 323 679 620 758 16 201 253 379 16 827 880 316 896  [1;32 513600 0.36412396583767 [0 
190 260 369 39 670 66 152 489 168 268 788 323 679 346 758 364 201 253 379 642 827 880 316 896  [1;32 664800 0.36908180211851 [0 
190 260 369 782 670 66 152 489 437 268 788 323 679 346 758 284 201 253 379 642 827 880 316 896  [1;32 814800 0.38890829916577 [0 
190 260 369 782 670 66 152 489 437 268 788 282 679 346 758 284 201 253 379 642 827 880 316 896  [1;32 962400 0.40208439040854 [0 
190 260 369 782 670 66 152 489 437 268 788 282 679 346 758 284 201 253 379 642 827 880 316 896  [1;32 963600 0.40786054599737 [0 
190 260 369 782 670 66 152 489 437 268 702 282 679 346 758 284 201 253 379 642 827 880 316 896  [1;32 974400 0.41865734827397 [0 
190 260 369 782 670 66 152 489 437 268 702 282 679 863 758 284 201 253 379 642 827 880 316 404  [1;32 1304400 0.42174697592498 [0 
seed 82
190 260 369 782 670 66 152 489 437 268 702 282 679 863 758 284 201 253 379 642 827 880 316 404 
1000 999 
best 0.42174697592498
 [0 
