1 2 3 4 5 6 7 631 9 10 11 12 13 471 15 16 17 18 472 20 21 22 23 607 [1;32m6000 0.38553119441826[0m
1 2 3 4 5 6 7 631 9 10 11 12 289 590 166 16 17 18 472 20 21 22 23 789 [1;32m621600 0.64815319291602[0m
1 2 3 4 5 6 7 631 9 10 11 12 289 590 166 16 17 18 472 20 21 22 23 789 [1;32m622800 0.87000801595232[0m
1 2 3 4 5 6 7 631 9 10 11 12 289 590 166 16 17 18 472 20 21 22 23 789 [1;32m624000 0.87060842540355[0m
1 2 3 4 5 6 370 648 9 10 11 12 289 590 403 16 17 18 472 20 21 22 23 789 [1;32m658800 0.88216256106387[0m
1 2 3 4 5 6 370 2 9 10 11 12 289 590 403 16 17 18 472 239 21 22 547 789 [1;32m679200 0.89517215989118[0m
1 2 29 4 5 6 370 2 9 10 11 370 289 256 403 16 17 18 472 239 21 22 547 789 [1;32m730800 0.90024736158707[0m
1 2 29 4 5 6 370 573 9 331 11 270 289 256 403 629 17 18 472 239 21 22 547 789 [1;32m774000 0.90778411158328[0m
1 2 29 301 825 6 370 573 9 331 11 270 289 256 403 629 17 422 472 239 21 22 547 789 [1;32m1092000 0.90785750966871[0m
seed 17
1 2 29 301 825 6 370 573 9 331 11 270 289 256 403 629 17 422 472 239 21 22 547 789 
1000 999 
best 0.90785750966871
[0m
