1 2 3 4 5 6 7 8 9 10 11 12 13 14 15 16 17 18 19 20 21 22 23 24  [1;32 1200 0.21139651690386 [0 
1 2 3 356 5 6 7 8 886 10 11 898 13 14 15 16 17 18 19 20 21 22 23 24  [1;32 378000 0.36014341906716 [0 
1 722 3 356 5 6 7 8 886 10 597 898 13 14 15 16 17 18 19 20 21 22 23 24  [1;32 410400 0.43160901736026 [0 
217 722 671 356 5 6 7 8 886 10 597 434 13 14 15 16 17 18 19 20 941 22 897 24  [1;32 648000 0.82352031714351 [0 
217 722 671 356 5 6 7 8 886 10 597 434 13 786 15 16 17 18 19 20 941 22 897 24  [1;32 652800 0.84124808753132 [0 
313 722 671 356 5 6 7 234 62 10 597 434 13 786 15 16 17 18 19 20 941 22 897 647  [1;32 655200 0.86315774260887 [0 
313 722 671 356 5 6 7 234 62 10 597 434 13 786 15 16 17 18 19 524 941 22 897 647  [1;32 705600 0.86502105259855 [0 
313 722 671 356 5 6 7 234 62 10 597 70 13 786 15 16 17 18 19 524 941 22 897 647  [1;32 949200 0.86731657385956 [0 
seed 62
313 722 671 356 5 6 7 234 62 10 597 70 13 786 15 16 17 18 19 524 941 22 897 647 
1000 999 
best 0.86731657385956
 [0 
