1 2 3 4 5 6 7 8 680 10 11 398 13 14 15 576 17 18 19 20 436 22 23 24  [1;32 70800 0.29219588887382 [0 
1 555 857 814 5 6 7 8 680 10 11 870 13 14 997 576 17 18 19 20 436 285 23 24  [1;32 79200 0.44486418893931 [0 
1 555 857 52 5 799 7 8 680 10 11 870 13 14 997 576 17 18 19 20 436 285 23 24  [1;32 188400 0.44510124660029 [0 
1 555 519 52 5 799 7 945 680 10 37 870 438 14 997 576 17 18 19 20 436 285 23 189  [1;32 243600 0.44720273991585 [0 
1 555 519 52 5 799 7 945 680 10 214 870 438 14 997 576 17 18 19 20 436 57 23 902  [1;32 273600 0.87477365720084 [0 
1 555 519 52 5 799 7 945 680 10 214 870 438 14 997 576 17 18 19 20 436 57 23 902  [1;32 274800 0.88107862276944 [0 
1 621 519 52 5 799 7 945 680 10 214 870 438 14 997 576 17 18 19 20 436 57 23 902  [1;32 279600 0.88188407979622 [0 
1 621 519 52 5 799 7 945 680 10 214 870 438 530 997 28 17 18 19 20 389 57 23 902  [1;32 356400 0.88233433286999 [0 
1 977 519 998 5 799 7 945 680 10 214 870 541 530 997 28 17 18 19 95 389 57 23 902  [1;32 496800 0.88488140009308 [0 
seed 67
1 977 519 998 5 799 7 945 680 10 214 870 541 530 997 28 17 18 19 95 389 57 23 902 
1000 999 
best 0.88488140009308
 [0 
