1 2 3 4 5 6 7 8 680 10 11 398 13 14 15 576 17 18 19 20 436 22 23 24 [1;32m70800 0.22699213719281[0m
1 2 3 4 5 6 715 8 680 787 11 398 13 14 15 733 17 18 19 20 436 7 897 24 [1;32m74400 0.39561808797453[0m
1 2 3 4 5 6 715 8 680 787 11 594 13 14 15 733 17 712 127 20 436 7 516 24 [1;32m82800 0.44313266373961[0m
1 2 3 4 5 6 715 8 680 787 11 594 13 14 15 733 17 712 127 20 436 7 516 523 [1;32m141600 0.44366919909037[0m
1 544 3 642 5 6 715 8 680 171 214 594 13 14 15 733 17 712 127 20 436 7 516 523 [1;32m188400 0.44487994256701[0m
1 544 519 642 5 6 715 945 680 171 37 594 438 14 15 733 17 712 127 20 436 7 516 189 [1;32m246000 0.44533417251402[0m
1 544 519 642 5 6 715 945 680 171 37 594 438 14 205 733 17 712 127 20 467 7 516 82 [1;32m322800 0.44539674581556[0m
1 544 519 642 865 6 715 945 680 171 37 594 234 14 205 733 498 712 127 20 467 7 516 82 [1;32m441600 0.44550560179163[0m
1 544 493 642 865 6 715 945 680 171 37 594 234 14 205 733 498 897 127 20 467 7 516 82 [1;32m672000 0.44739929661863[0m
seed 67
1 544 493 642 865 6 715 945 680 171 37 594 234 14 205 733 498 897 127 20 467 7 516 82 
1000 999 
best 0.44739929661863
[0m
