1 2 3 4 5 6 7 8 9 10 11 12 13 14 15 16 17 18 19 20 21 22 23 24  [1;32 1200 0.087596626663547 [0 
1 2 3 4 5 6 7 8 9 10 11 12 13 14 15 16 17 18 19 20 21 22 23 24  [1;32 2400 0.1738173880714 [0 
1 2 3 4 5 6 7 8 9 10 11 452 13 14 15 16 17 18 19 20 21 22 23 24  [1;32 4800 0.20455863702837 [0 
941 2 3 4 5 6 7 8 336 577 11 452 13 14 15 895 17 18 19 90 21 22 23 24  [1;32 7200 0.23164921602967 [0 
941 2 3 4 5 6 7 8 336 577 11 452 455 461 15 895 17 18 19 90 102 22 23 24  [1;32 52800 0.23227089269034 [0 
941 2 3 4 5 6 7 8 336 577 11 452 455 461 15 895 17 18 19 848 102 22 23 24  [1;32 60000 0.24730414304353 [0 
941 2 3 251 5 6 416 8 336 577 11 452 455 461 15 895 17 18 19 58 102 22 23 24  [1;32 80400 0.25380331830655 [0 
941 167 3 251 5 6 416 8 336 577 11 452 455 461 15 964 17 18 19 181 102 22 23 24  [1;32 86400 0.2688952231364 [0 
302 167 491 251 56 6 416 8 336 577 927 452 455 461 15 964 17 18 19 882 102 22 23 24  [1;32 247200 0.2693859298591 [0 
302 167 491 251 56 6 416 8 79 54 927 452 455 461 15 964 17 18 19 882 102 987 23 24  [1;32 266400 0.27167147496933 [0 
302 167 491 251 56 6 416 8 79 54 927 452 455 461 15 964 17 18 19 882 102 924 23 918  [1;32 312000 0.27282432547392 [0 
302 695 491 251 56 6 416 8 79 54 927 452 455 461 194 692 17 18 19 882 102 924 23 918  [1;32 322800 0.28625309748523 [0 
302 695 491 251 56 6 416 8 79 54 927 452 866 461 90 692 17 18 19 882 102 924 23 297  [1;32 435600 0.28714117929998 [0 
715 695 491 251 56 6 416 8 79 54 927 452 866 461 90 628 61 18 19 882 102 924 2 52  [1;32 480000 0.29695645981653 [0 
715 695 491 1000 56 291 416 8 79 54 261 452 866 461 90 628 61 18 19 530 474 924 2 52  [1;32 482400 0.35894151352213 [0 
715 695 491 1000 56 291 416 8 79 54 261 452 866 461 90 628 61 18 19 530 474 924 2 52  [1;32 483600 0.4430806919192 [0 
715 695 491 1000 56 291 416 8 79 54 261 452 866 461 90 628 61 18 19 530 474 924 2 52  [1;32 484800 0.4756460468798 [0 
715 695 491 1000 56 291 416 66 79 54 261 452 866 461 90 628 61 18 591 530 474 924 2 52  [1;32 542400 0.51771892549154 [0 
715 695 491 1000 56 291 416 66 79 54 261 452 866 461 90 628 61 18 591 530 474 924 2 52  [1;32 543600 0.52167665416089 [0 
715 695 491 1000 56 291 416 66 79 54 261 452 866 461 90 628 61 18 591 530 474 924 2 52  [1;32 544800 0.5251141844633 [0 
715 695 491 1000 56 291 416 66 79 54 261 452 866 461 90 628 61 326 591 530 474 924 2 52  [1;32 782400 0.53335791592822 [0 
715 695 491 1000 56 291 416 66 79 54 261 452 866 461 90 628 61 326 591 530 474 924 2 52  [1;32 783600 0.54495633426391 [0 
seed 77
715 695 491 1000 56 291 416 66 79 54 261 452 866 461 90 628 61 326 591 530 474 924 2 52 
1000 999 
best 0.54495633426391
 [0 
