1 2 3 4 5 6 7 8 9 10 11 12 13 14 15 16 17 18 19 20 21 22 23 24 [1;32m1200 0.0090821766826768[0m
1 2 3 4 5 6 7 8 9 438 11 12 13 14 15 880 17 18 19 20 214 339 23 24 [1;32m33600 0.59576874547267[0m
1 2 3 4 5 6 7 8 9 438 11 12 13 14 15 880 17 18 19 20 214 339 23 24 [1;32m34800 0.6630264476214[0m
1 2 3 206 5 243 7 8 9 438 11 12 13 6 15 880 17 18 19 954 38 339 23 24 [1;32m39600 0.72598536581097[0m
1 2 3 206 5 243 7 8 9 438 11 12 13 6 15 880 17 18 19 954 38 339 23 24 [1;32m40800 0.85558457174863[0m
1 2 3 206 5 243 7 8 9 438 11 12 13 6 15 880 17 18 19 954 38 339 23 24 [1;32m42000 0.89581268018351[0m
398 2 3 206 5 243 7 8 9 438 11 12 13 6 15 880 17 18 19 954 38 339 23 24 [1;32m549600 0.89782132403911[0m
398 2 3 206 7 243 471 8 9 438 11 12 13 6 15 880 17 18 19 954 38 339 23 24 [1;32m690000 0.90114809344645[0m
398 2 3 206 790 243 419 177 9 438 11 402 13 6 15 880 17 18 19 954 38 113 23 216 [1;32m699600 0.90685933243268[0m
seed 38
398 2 3 206 790 243 419 177 9 438 11 402 13 6 15 880 17 18 19 954 38 113 23 216 
1000 999 
best 0.90685933243268
[0m
