1 2 3 4 5 6 7 8 9 10 11 12 13 14 15 16 17 18 19 20 21 22 23 24  [1;32 1200 0.046593839048808 [0 
1 2 3 4 5 6 7 8 9 10 11 12 13 14 15 16 17 18 19 20 21 22 23 24  [1;32 2400 0.072142114300633 [0 
1 2 3 4 5 6 7 8 9 10 11 12 13 14 15 16 17 18 19 20 21 22 23 24  [1;32 3600 0.088143859667333 [0 
1 2 3 4 5 6 7 8 9 10 11 12 13 14 15 16 17 18 19 20 21 22 23 24  [1;32 4800 0.090001982610109 [0 
1 2 3 4 5 6 7 8 9 10 11 12 13 14 15 16 17 18 19 20 820 22 23 24  [1;32 14400 0.14548491894468 [0 
1 2 3 4 5 6 7 8 9 10 11 12 13 14 15 16 17 18 19 20 820 22 23 24  [1;32 15600 0.16881768213078 [0 
1 518 542 71 5 6 7 8 9 10 11 220 13 14 15 317 17 18 19 20 820 22 23 24  [1;32 45600 0.18277591030761 [0 
1 518 542 71 5 6 7 8 9 209 11 74 13 14 15 317 553 18 439 87 820 22 23 602  [1;32 51600 0.24451493523507 [0 
1 518 542 71 5 6 7 8 9 209 11 74 13 14 15 317 553 18 439 87 820 22 23 602  [1;32 52800 0.28567962070913 [0 
1 518 542 274 5 6 7 8 9 209 11 366 13 14 15 317 553 18 439 145 820 22 6 602  [1;32 63600 0.31705315307585 [0 
1 518 542 274 5 17 7 8 9 602 11 366 13 14 15 120 192 18 439 145 820 22 6 602  [1;32 126000 0.35175048057106 [0 
1 615 542 274 5 17 7 8 9 602 676 366 13 14 15 120 713 18 439 145 820 22 720 602  [1;32 219600 0.35338856987414 [0 
1 615 542 274 5 17 7 8 9 602 676 366 13 14 15 120 713 18 439 145 820 22 720 602  [1;32 220800 0.37568972220632 [0 
1 615 392 274 5 17 7 8 9 602 676 185 139 14 15 120 390 18 439 145 820 22 720 602  [1;32 230400 0.38225730702454 [0 
1 615 392 274 5 17 7 8 9 602 676 185 139 14 15 120 390 18 439 145 820 22 720 602  [1;32 231600 0.38803108693896 [0 
1 615 392 274 5 17 270 8 9 602 676 185 139 14 15 892 390 18 273 145 820 22 720 602  [1;32 235200 0.3979625057304 [0 
1 615 392 274 5 17 270 8 9 916 676 185 139 14 15 892 390 18 273 320 626 22 907 602  [1;32 253200 0.40098450261277 [0 
1 615 392 936 5 17 270 8 9 145 676 185 139 14 15 892 390 18 273 588 626 22 907 602  [1;32 268800 0.45408507986198 [0 
1 615 392 936 793 17 27 8 9 145 676 185 139 14 15 892 390 18 273 588 626 285 907 602  [1;32 351600 0.45869178720304 [0 
1 615 392 936 906 17 27 8 431 145 676 185 139 14 15 892 390 18 273 588 626 285 953 602  [1;32 418800 0.46394652722928 [0 
1 615 392 726 906 17 27 8 431 145 492 185 139 14 15 892 390 18 273 588 626 285 953 602  [1;32 423600 0.49013429454823 [0 
1 615 392 726 906 17 27 8 431 396 492 185 139 14 15 777 390 18 273 705 626 285 953 602  [1;32 440400 0.51344369387551 [0 
1 615 392 726 287 17 27 8 431 196 492 185 139 14 15 777 390 78 273 705 626 921 718 602  [1;32 444000 0.51721181800209 [0 
1 615 392 726 287 17 27 8 431 196 492 185 139 14 15 777 390 830 273 705 626 921 718 602  [1;32 500400 0.55038660594186 [0 
1 615 269 726 287 17 27 8 431 196 492 185 139 14 316 777 390 830 273 705 729 115 718 602  [1;32 511200 0.56826586139497 [0 
1 615 269 726 972 17 27 8 431 876 492 185 139 14 316 777 390 830 258 705 729 307 718 602  [1;32 913200 0.56844962460969 [0 
1 615 269 726 972 17 27 582 431 876 492 185 139 120 316 777 390 830 258 8 729 307 718 602  [1;32 1136400 0.57494187445468 [0 
1 615 269 726 972 17 27 582 431 876 492 185 139 120 316 777 390 830 258 274 729 307 718 602  [1;32 1162800 0.58801284867987 [0 
1 615 269 726 972 17 27 582 431 876 492 185 139 120 316 777 390 830 258 274 729 307 718 602  [1;32 1164000 0.59408210800627 [0 
1 615 269 726 972 17 27 582 431 876 492 185 139 120 316 777 390 677 258 274 729 307 718 602  [1;32 1182000 0.61630765479189 [0 
309 615 269 726 972 17 27 27 559 876 492 185 139 120 316 777 390 677 708 274 967 307 718 602  [1;32 1227600 0.61761747458171 [0 
309 615 610 726 972 17 27 27 559 876 492 185 139 120 316 4 390 677 432 274 967 266 718 602  [1;32 1239600 0.61944484115609 [0 
309 615 610 726 972 17 27 27 559 876 492 185 139 120 316 4 390 677 432 274 967 266 718 602  [1;32 1240800 0.62160826692256 [0 
309 615 610 726 5 17 27 27 700 876 492 185 139 120 316 4 390 677 432 274 169 946 718 602  [1;32 1320000 0.63194512568985 [0 
seed 42
309 615 610 726 5 17 27 27 700 876 492 185 139 120 316 4 390 677 432 274 169 946 718 602 
1000 999 
best 0.63194512568985
 [0 
