1 2 3 4 5 6 7 8 9 10 11 12 13 14 15 16 17 18 19 20 21 22 23 24 [1;32m1200 0.21945566479963[0m
1 2 3 566 5 6 405 8 9 10 11 12 13 14 15 16 17 18 19 20 21 22 23 24 [1;32m169200 0.48107075048176[0m
1 2 3 566 5 6 405 8 9 10 11 12 13 14 15 16 598 18 19 20 21 22 23 24 [1;32m186000 0.48141550697079[0m
1 2 112 566 852 6 405 8 9 399 11 12 13 14 15 16 598 18 19 20 21 22 23 24 [1;32m320400 0.49919310052875[0m
1 654 112 566 852 6 405 8 984 831 11 12 13 14 15 959 598 18 19 20 21 22 557 24 [1;32m704400 0.49930695534627[0m
1 654 112 566 852 6 405 8 984 241 11 12 13 14 15 959 598 18 19 20 21 22 557 24 [1;32m709200 0.50438020328778[0m
1 751 112 566 852 6 405 883 984 241 11 12 13 14 15 959 598 18 192 20 21 22 557 24 [1;32m807600 0.5591956842004[0m
1 751 112 566 852 6 405 883 984 241 11 12 13 142 853 959 598 67 192 20 747 22 163 24 [1;32m811200 0.6081239254436[0m
1 751 225 566 852 280 405 970 984 241 11 346 13 142 177 959 598 67 192 462 747 22 163 24 [1;32m813600 0.61809158323854[0m
1 751 225 37 852 280 405 970 714 241 11 346 13 142 177 959 598 67 192 462 747 22 163 17 [1;32m816000 0.63584634974166[0m
358 620 225 37 852 280 405 970 714 241 11 346 547 142 177 959 598 67 192 462 747 737 163 936 [1;32m820800 0.84705163648508[0m
seed 14
358 620 225 37 852 280 405 970 714 241 11 346 547 142 177 959 598 67 192 462 747 737 163 936 
1000 999 
best 0.84705163648508
[0m
