1 2 3 4 5 6 7 8 9 10 11 12 13 14 15 16 17 18 19 20 21 22 23 24 [1;32m1200 0.00082511167866957[0m
1 2 3 827 404 6 240 8 9 936 229 545 13 14 15 16 17 18 19 20 21 22 23 24 [1;32m279600 0.018120758204132[0m
1 2 78 818 404 6 240 8 9 936 46 545 13 14 15 16 17 18 19 20 21 22 23 24 [1;32m382800 0.027355066484264[0m
1 2 78 818 48 6 143 8 9 936 727 545 13 14 15 16 17 18 19 20 21 870 23 656 [1;32m385200 0.029047330179948[0m
1 2 78 813 48 6 143 8 9 936 727 545 13 14 15 852 17 18 721 20 21 870 585 656 [1;32m396000 0.034311969011011[0m
436 465 78 813 48 6 143 8 9 856 727 545 13 14 15 852 17 18 721 20 21 870 585 656 [1;32m535200 0.034879907493658[0m
126 465 78 813 48 86 574 8 9 856 727 545 13 14 15 852 406 18 721 20 21 684 585 656 [1;32m578400 0.035648168403058[0m
126 465 78 813 48 86 574 8 9 856 727 533 13 14 15 852 214 18 721 20 21 301 585 656 [1;32m734400 0.035732905882892[0m
126 465 78 139 48 86 574 8 784 856 727 533 839 14 15 852 860 18 721 20 21 301 585 668 [1;32m782400 0.0359642854762[0m
824 465 78 590 48 86 574 8 393 856 727 533 839 410 15 852 860 18 721 20 427 301 585 668 [1;32m937200 0.037124286815919[0m
824 465 78 590 48 86 574 8 393 856 727 533 839 410 15 852 860 18 721 20 427 356 585 668 [1;32m949200 0.040989875553497[0m
824 465 78 590 48 86 574 8 393 856 727 533 895 560 15 852 860 18 721 20 427 356 585 78 [1;32m1132800 0.050699813031332[0m
824 269 78 590 48 86 574 8 393 856 727 533 895 730 15 903 860 856 721 20 427 939 585 78 [1;32m1174800 0.056484587003421[0m
824 269 78 590 48 86 574 8 393 856 727 533 895 730 15 903 860 856 721 20 427 939 585 78 [1;32m1176000 0.057045300240766[0m
824 269 78 590 48 86 574 8 393 856 727 533 895 730 15 903 860 856 244 20 427 939 585 78 [1;32m1197600 0.057790785269503[0m
824 269 78 590 48 86 574 8 393 856 727 533 895 730 15 903 860 856 244 20 427 939 585 78 [1;32m1198800 0.0586577706487[0m
824 269 78 590 48 682 574 8 393 856 727 533 895 730 15 903 860 856 244 20 427 939 585 78 [1;32m1201200 0.059211190993398[0m
824 269 78 590 48 682 574 8 393 856 727 533 895 965 15 903 860 856 244 20 427 939 585 78 [1;32m1228800 0.05930721143801[0m
seed 12
824 269 78 590 48 682 574 8 393 856 727 533 895 965 15 903 860 856 244 20 427 939 585 78 
1000 999 
best 0.05930721143801
[0m
