1 2 3 4 5 6 7 8 9 10 11 12 13 14 15 16 17 18 19 20 21 22 23 24  [1;32 1200 0.082991610466143 [0 
1 2 3 4 5 6 7 8 131 10 11 12 13 14 813 16 17 18 800 559 126 22 23 24  [1;32 14400 0.11147134498433 [0 
1 2 3 4 5 6 7 8 131 10 11 12 13 14 813 16 17 18 800 559 126 22 23 24  [1;32 15600 0.13176790369348 [0 
1 2 3 4 5 6 7 8 131 10 11 12 13 14 813 16 17 18 800 559 126 22 23 24  [1;32 16800 0.29271811652317 [0 
1 2 5 143 5 6 7 816 131 10 11 12 13 14 813 16 17 18 800 559 550 22 23 24  [1;32 180000 0.30574656432851 [0 
1 2 275 143 5 6 7 200 131 10 11 12 13 14 813 16 17 18 800 559 491 22 23 24  [1;32 566400 0.30883621987938 [0 
1 2 275 122 5 6 7 200 131 10 349 12 13 14 813 16 17 18 97 526 491 22 23 24  [1;32 837600 0.31632695277946 [0 
seed 9
1 2 275 122 5 6 7 200 131 10 349 12 13 14 813 16 17 18 97 526 491 22 23 24 
1000 999 
best 0.31632695277946
 [0 
