1 2 3 4 5 6 7 8 9 10 11 12 13 14 15 16 17 18 19 20 21 22 23 24 [1;32m1200 0.06566996784281[0m
1 510 3 4 399 276 7 8 9 10 262 12 13 14 15 16 17 18 19 20 21 22 23 24 [1;32m9600 0.077901467932544[0m
1 510 3 4 399 276 7 8 9 10 262 12 13 14 254 16 17 18 19 20 21 22 23 24 [1;32m15600 0.41349952607093[0m
1 510 3 36 399 781 7 8 9 10 262 12 13 14 254 363 647 18 303 20 21 22 680 24 [1;32m20400 0.45120749450904[0m
1 510 999 164 399 781 7 8 9 153 262 12 195 14 254 363 647 18 291 20 21 22 680 24 [1;32m27600 0.45146865268357[0m
1 510 444 164 220 781 7 8 9 153 262 12 195 14 254 363 647 18 291 20 21 22 680 24 [1;32m54000 0.66038065610624[0m
661 510 444 962 220 781 7 8 9 900 262 12 195 14 254 363 647 18 291 400 21 473 680 24 [1;32m73200 0.69533429345818[0m
661 510 444 962 220 781 7 8 9 900 262 12 195 14 254 363 647 18 291 400 21 473 680 24 [1;32m74400 0.72870785323419[0m
661 778 733 83 220 781 7 8 9 957 262 12 195 14 523 363 647 18 589 400 21 473 680 24 [1;32m93600 0.85892762210328[0m
661 778 733 83 220 781 7 8 9 957 262 12 195 14 523 363 647 689 589 400 21 473 680 24 [1;32m194400 0.87483737973617[0m
661 778 733 83 220 781 7 8 9 957 262 12 195 14 523 363 647 689 922 400 21 473 680 24 [1;32m285600 0.88905766373914[0m
661 778 733 83 220 781 7 8 9 957 262 12 195 14 523 430 670 689 922 400 21 473 654 423 [1;32m466800 0.90337299143138[0m
seed 4
661 778 733 83 220 781 7 8 9 957 262 12 195 14 523 430 670 689 922 400 21 473 654 423 
1000 999 
best 0.90337299143138
[0m
