1 2 3 4 5 6 7 8 9 10 11 12 13 14 15 16 17 18 19 20 21 22 23 24  [1;32 1200 0.099153986851663 [0 
1 2 3 4 5 6 519 8 9 10 11 12 13 991 15 16 17 18 19 20 21 22 23 24  [1;32 14400 0.10460759768783 [0 
1 2 3 4 515 6 519 8 9 10 483 12 13 991 895 16 17 18 14 20 21 22 368 24  [1;32 25200 0.11225938750359 [0 
1 2 3 250 515 6 519 8 9 10 483 12 13 991 895 16 17 18 14 20 21 22 368 24  [1;32 30000 0.11641100877621 [0 
1 2 3 250 515 6 519 8 9 10 483 12 13 991 895 16 17 18 14 20 21 22 368 24  [1;32 31200 0.12880178749322 [0 
1 2 3 638 583 6 519 8 706 10 483 12 13 991 764 16 17 18 14 20 21 22 368 24  [1;32 38400 0.13981065557858 [0 
1 2 3 638 583 6 519 8 706 10 483 12 13 991 764 16 17 18 14 20 21 22 368 24  [1;32 39600 0.14944990470262 [0 
1 2 3 300 583 6 519 8 706 10 483 12 13 770 764 16 400 18 14 20 21 22 569 24  [1;32 44400 0.15745423148924 [0 
1 2 3 300 355 6 519 8 706 10 483 12 13 770 764 16 400 18 14 20 21 22 569 24  [1;32 72000 0.18563803370237 [0 
1 2 3 300 355 6 519 8 706 10 483 12 13 770 764 16 400 18 14 20 21 22 569 24  [1;32 73200 0.20228232462301 [0 
1 2 3 300 355 6 519 8 706 10 483 12 13 770 764 16 400 18 14 20 21 22 569 24  [1;32 74400 0.20911409653917 [0 
1 2 3 300 355 6 519 8 706 10 483 12 13 770 764 16 400 18 14 20 21 22 569 24  [1;32 75600 0.21217992631018 [0 
1 2 3 523 355 6 519 8 706 10 483 12 13 770 764 16 400 18 14 20 21 22 569 24  [1;32 99600 0.21549080636842 [0 
1 2 512 523 355 181 519 8 706 299 483 12 13 770 764 16 400 18 14 20 21 22 33 24  [1;32 115200 0.2196392048433 [0 
1 2 512 523 355 181 519 8 706 299 483 12 13 770 764 16 400 18 14 20 21 22 33 24  [1;32 116400 0.23450164961024 [0 
1 2 512 523 355 181 519 8 706 299 483 12 13 770 764 16 400 18 14 20 21 22 871 24  [1;32 157200 0.24027666084508 [0 
1 2 639 523 355 181 853 8 706 299 483 12 13 715 764 16 400 18 14 20 21 22 871 24  [1;32 200400 0.24934405948887 [0 
1 2 639 523 355 181 853 8 706 299 483 553 825 715 764 16 400 950 14 20 460 22 871 24  [1;32 219600 0.26094994472959 [0 
1 2 639 523 355 181 853 8 706 299 483 553 825 715 764 16 400 950 14 20 460 22 871 24  [1;32 220800 0.28439171327071 [0 
1 2 639 523 758 181 853 8 556 299 483 553 825 715 764 16 349 950 14 20 256 22 871 24  [1;32 242400 0.28739276535034 [0 
1 2 639 523 758 181 853 8 556 299 483 553 825 715 764 16 349 950 14 20 256 22 871 24  [1;32 243600 0.305488803292 [0 
1 2 639 523 758 181 853 8 556 299 483 553 825 715 764 16 349 950 14 20 256 22 871 24  [1;32 244800 0.33604303439712 [0 
155 2 639 523 758 181 853 8 556 299 483 553 495 715 764 16 349 950 14 20 256 22 500 24  [1;32 252000 0.35340144757861 [0 
155 2 639 523 758 181 853 8 556 299 483 553 495 715 764 16 349 305 14 20 331 22 500 24  [1;32 255600 0.36741337401408 [0 
799 2 639 523 758 181 853 185 556 299 483 553 112 715 764 16 460 711 845 20 331 22 500 24  [1;32 382800 0.41540166917699 [0 
799 2 639 647 758 181 853 185 556 299 483 553 112 715 764 16 460 711 845 20 331 22 500 24  [1;32 388800 0.41547702826396 [0 
799 2 639 647 758 43 350 185 486 299 483 553 112 715 764 16 460 711 990 20 279 486 500 24  [1;32 398400 0.43785382926331 [0 
799 2 639 647 758 43 350 185 486 299 483 553 112 715 764 16 460 711 990 20 279 352 500 24  [1;32 402000 0.47734116885149 [0 
799 2 639 285 758 43 350 185 486 299 483 553 112 715 764 16 460 711 990 20 279 352 109 24  [1;32 414000 0.50952070417846 [0 
799 2 639 285 758 43 350 831 486 299 483 553 112 715 764 16 460 711 888 20 279 352 769 24  [1;32 504000 0.52127935474603 [0 
799 2 639 285 758 43 350 831 770 299 483 553 112 715 764 16 460 711 888 20 279 352 769 24  [1;32 685200 0.52284001384091 [0 
799 2 639 971 758 43 350 831 770 299 483 553 112 715 764 16 460 711 888 20 279 352 769 24  [1;32 984000 0.52597981164565 [0 
799 2 639 971 758 43 350 831 770 299 483 553 112 715 764 16 460 711 357 20 279 352 769 205  [1;32 1086000 0.52616606685539 [0 
seed 79
799 2 639 971 758 43 350 831 770 299 483 553 112 715 764 16 460 711 357 20 279 352 769 205 
1000 999 
best 0.52616606685539
 [0 
