1 2 3 4 5 6 7 8 9 10 11 12 13 14 15 16 17 18 19 20 21 22 23 24 [1;32m1200 0.00082651195983282[0m
1 2 3 4 851 6 949 8 9 289 11 12 887 14 15 16 17 18 19 20 21 22 23 24 [1;32m16800 0.047597690669078[0m
1 2 3 4 851 6 949 8 9 289 11 12 887 14 15 16 17 18 19 20 21 22 23 24 [1;32m18000 0.056775832860101[0m
1 2 3 4 851 6 949 8 9 289 11 12 887 14 15 16 17 18 19 20 21 22 23 24 [1;32m19200 0.081600100604891[0m
1 2 3 4 851 6 949 8 9 289 11 12 887 14 15 16 17 18 19 20 21 22 23 24 [1;32m20400 0.085380903295881[0m
1 2 937 4 851 6 949 8 842 289 11 12 887 14 15 16 704 18 19 20 21 22 808 24 [1;32m33600 0.1085414786317[0m
162 2 937 4 851 912 949 8 842 289 11 12 887 14 15 16 704 365 19 362 21 22 808 24 [1;32m37200 0.14779710798924[0m
162 2 937 4 851 912 949 8 842 289 11 12 887 14 15 16 704 365 19 362 21 22 808 24 [1;32m38400 0.16431585497907[0m
162 2 937 4 851 912 949 8 842 289 11 12 887 14 15 16 704 365 19 362 21 22 808 24 [1;32m39600 0.1651423059475[0m
162 2 937 535 851 912 949 8 842 289 11 12 887 14 15 16 704 866 19 362 21 22 808 24 [1;32m42000 0.17586235559506[0m
162 220 871 535 851 912 949 966 842 289 11 12 470 14 15 16 704 866 19 362 21 22 808 688 [1;32m44400 0.19403267980233[0m
162 220 871 535 851 912 949 966 842 289 11 12 470 14 15 16 704 866 19 362 21 22 808 688 [1;32m45600 0.20723281375845[0m
162 220 871 535 851 912 949 966 842 289 11 12 470 14 15 16 704 866 19 362 21 22 808 688 [1;32m46800 0.2155020975542[0m
162 220 871 535 851 912 284 966 842 289 11 12 470 14 15 16 704 866 19 362 21 44 808 239 [1;32m97200 0.29106844349499[0m
162 220 871 535 851 912 284 966 842 289 11 12 470 14 15 16 704 117 135 362 21 44 808 239 [1;32m163200 0.35834507858078[0m
162 220 871 535 851 912 284 966 842 289 11 12 470 14 15 16 704 117 135 362 21 44 808 239 [1;32m164400 0.36001671480182[0m
162 220 871 535 851 912 284 966 842 289 11 496 470 14 15 16 704 117 135 362 871 44 808 239 [1;32m246000 0.37567024754007[0m
162 220 871 535 851 912 284 966 842 289 11 496 470 14 15 16 704 117 135 362 871 44 808 239 [1;32m247200 0.38887636397313[0m
162 657 871 535 851 912 284 966 842 289 11 496 40 14 15 16 704 117 135 362 871 44 808 239 [1;32m260400 0.44749392854029[0m
162 657 871 535 851 912 284 966 842 289 11 496 40 14 15 16 704 117 135 362 871 44 808 239 [1;32m261600 0.45081527689784[0m
162 657 787 535 851 912 284 371 842 289 11 496 40 14 15 16 704 246 135 362 871 320 808 239 [1;32m288000 0.49291666958722[0m
162 657 787 535 851 912 284 371 842 289 11 496 40 14 15 16 704 246 135 362 871 320 808 239 [1;32m289200 0.49536736755358[0m
162 657 787 535 851 912 284 371 842 289 11 496 40 14 15 16 704 246 135 362 871 320 808 239 [1;32m290400 0.49539811109969[0m
162 657 787 535 851 912 284 371 842 289 11 496 40 14 15 16 704 246 135 362 871 320 808 239 [1;32m291600 0.4954107282864[0m
162 657 787 335 851 781 957 484 842 289 11 496 40 14 15 16 704 246 135 362 871 320 808 239 [1;32m727200 0.49541531137383[0m
seed 90
162 657 787 335 851 781 957 484 842 289 11 496 40 14 15 16 704 246 135 362 871 320 808 239 
1000 999 
best 0.49541531137383
[0m
