1 2 3 4 5 6 7 8 9 881 366 12 13 14 15 52 17 18 19 20 784 22 23 24  [1;32 70800 0.02631239607994 [0 
1 2 3 4 5 6 7 8 9 881 366 12 970 14 15 52 17 18 19 20 784 22 23 24  [1;32 76800 0.037103089625381 [0 
838 2 3 103 5 6 7 8 9 987 366 12 970 14 15 52 17 18 19 20 784 22 23 24  [1;32 94800 0.049172370169204 [0 
838 2 3 103 5 6 7 8 9 987 366 12 970 777 15 52 553 18 19 20 784 664 23 456  [1;32 130800 0.41045923191308 [0 
838 2 3 103 5 6 7 8 9 987 366 12 970 777 15 52 553 18 19 20 784 664 23 456  [1;32 132000 0.42912020348409 [0 
838 2 3 103 5 6 7 8 9 987 366 12 970 777 15 52 553 18 19 20 784 664 23 456  [1;32 133200 0.4652907169219 [0 
838 2 3 518 448 6 7 8 671 987 366 12 970 777 15 52 553 18 19 20 784 664 23 456  [1;32 141600 0.61081027985464 [0 
838 2 3 518 448 6 7 8 671 987 366 12 970 777 15 52 553 301 19 20 784 664 23 456  [1;32 147600 0.64582837213242 [0 
838 178 3 518 448 6 7 551 552 639 366 12 970 807 15 52 553 301 19 20 784 664 23 456  [1;32 159600 0.6892115259243 [0 
838 178 3 518 448 6 7 551 552 639 366 12 970 807 15 52 553 301 19 20 784 664 23 456  [1;32 160800 0.71125721073317 [0 
838 178 3 518 448 6 7 551 552 639 366 12 970 807 15 52 553 301 19 20 784 664 23 456  [1;32 162000 0.85201605531389 [0 
838 178 3 518 448 6 7 551 552 639 366 12 970 807 15 52 553 301 19 68 784 664 23 456  [1;32 164400 0.86230343320655 [0 
838 178 3 518 448 6 7 551 552 387 366 12 970 807 15 52 553 301 19 68 784 664 23 456  [1;32 166800 0.8640356586231 [0 
seed 6
838 178 3 518 448 6 7 551 552 387 366 12 970 807 15 52 553 301 19 68 784 664 23 456 
1000 999 
best 0.8640356586231
 [0 
