1 2 3 4 5 6 7 8 9 10 11 12 13 14 15 16 17 18 19 20 21 22 23 24 [1;32m1200 0.21945118529693[0m
1 276 3 625 5 710 7 8 9 10 644 12 754 14 15 16 547 18 19 20 21 22 23 24 [1;32m3600 0.38967654031911[0m
1 276 3 625 5 710 7 8 9 10 644 12 754 14 15 16 547 18 19 20 21 22 23 24 [1;32m4800 0.42295368960141[0m
1 276 811 625 236 710 7 8 9 10 103 12 754 498 15 16 547 18 19 20 21 22 23 24 [1;32m10800 0.4230474954547[0m
1 276 811 717 236 710 7 8 9 10 103 12 754 498 15 16 123 18 741 20 21 457 23 24 [1;32m27600 0.42323159460832[0m
1 276 811 717 236 710 7 540 9 394 868 12 121 630 61 16 123 18 741 20 21 457 23 24 [1;32m33600 0.64124780354819[0m
1 276 811 717 236 710 7 540 9 394 868 12 121 630 137 16 123 198 741 20 21 457 23 24 [1;32m46800 0.7047470014342[0m
1 276 811 717 236 710 7 540 9 394 868 12 121 630 137 16 480 198 746 20 21 457 23 24 [1;32m81600 0.81996760811896[0m
1 108 811 717 236 710 7 540 9 394 868 12 121 394 137 16 480 962 746 20 21 457 23 24 [1;32m147600 0.82740553743453[0m
1 108 811 717 236 710 7 540 9 394 868 12 121 394 137 16 480 962 746 20 21 457 23 24 [1;32m148800 0.86775604167261[0m
1 108 811 717 236 710 7 540 9 394 868 12 121 688 137 16 480 962 746 20 21 457 23 24 [1;32m1432800 0.87622174378012[0m
seed 13
1 108 811 717 236 710 7 540 9 394 868 12 121 688 137 16 480 962 746 20 21 457 23 24 
1000 999 
best 0.87622174378012
[0m
