1 2 3 4 5 6 7 8 9 10 11 12 13 14 15 16 17 18 19 20 21 22 23 24  [1;32 1200 0.02258975721385 [0 
1 2 3 4 5 6 7 8 9 10 11 12 13 14 15 16 17 18 19 868 21 22 23 24  [1;32 159600 0.091775840009088 [0 
1 2 3 4 5 6 7 8 9 10 11 12 13 14 15 16 17 18 19 868 21 22 23 24  [1;32 160800 0.23729277599598 [0 
1 2 3 4 940 19 7 8 9 10 11 12 13 14 15 16 17 18 19 868 118 22 494 24  [1;32 349200 0.60757060772494 [0 
1 2 3 4 940 19 7 611 9 628 11 12 484 14 15 333 17 18 19 925 118 22 494 24  [1;32 391200 0.72126547185606 [0 
1 2 3 4 940 19 7 611 9 628 11 12 484 14 15 333 17 18 19 925 215 22 494 24  [1;32 393600 0.84574085768633 [0 
1 2 3 4 940 825 7 611 9 628 11 12 484 14 15 333 17 18 19 925 215 22 494 24  [1;32 592800 0.8505826697619 [0 
78 2 759 4 940 825 7 611 9 628 11 12 484 998 15 80 873 18 19 875 215 22 494 24  [1;32 972000 0.8713960990268 [0 
78 287 759 4 940 999 7 611 9 628 11 12 143 835 151 80 873 18 19 875 215 22 494 24  [1;32 1216800 0.87337877295498 [0 
78 287 759 4 940 999 7 611 9 628 11 12 143 118 151 287 609 18 19 232 215 859 494 24  [1;32 1231200 0.88381161200426 [0 
78 287 759 249 940 999 745 611 9 628 11 274 143 118 151 287 928 18 839 232 215 859 494 24  [1;32 1408800 0.88619306385504 [0 
seed 93
78 287 759 249 940 999 745 611 9 628 11 274 143 118 151 287 928 18 839 232 215 859 494 24 
1000 999 
best 0.88619306385504
 [0 
