1 2 3 4 5 6 7 8 9 10 11 12 13 14 15 16 17 18 19 20 21 22 23 24  [1;32 1200 0.18180554567451 [0 
1 2 3 4 5 6 7 8 9 10 11 12 13 14 15 16 17 18 19 20 21 22 23 24  [1;32 2400 0.18741486252124 [0 
421 405 3 4 455 810 7 8 9 10 11 12 492 14 15 16 17 18 19 20 411 22 23 24  [1;32 13200 0.34817462176873 [0 
421 405 3 4 847 810 7 8 9 10 11 12 364 14 15 16 17 18 19 20 411 22 23 24  [1;32 49200 0.39800379334948 [0 
632 405 511 4 847 810 7 8 267 10 686 12 364 14 15 16 183 18 19 20 411 22 736 24  [1;32 433200 0.43594336095365 [0 
632 405 511 4 847 810 7 8 267 10 686 12 364 14 15 16 183 18 52 20 411 22 736 24  [1;32 436800 0.44171464732221 [0 
632 405 69 819 847 810 7 8 267 10 686 12 55 14 546 16 183 18 52 20 411 22 323 24  [1;32 451200 0.45411155311777 [0 
632 405 69 819 847 810 7 8 267 916 686 12 55 14 546 16 968 18 52 20 411 22 323 24  [1;32 458400 0.46239701949432 [0 
356 405 69 521 847 810 7 8 750 916 686 12 55 14 546 16 968 18 52 20 411 22 323 24  [1;32 476400 0.50368528877843 [0 
356 586 89 521 408 810 7 8 750 143 686 12 55 14 546 16 968 18 52 20 608 22 323 24  [1;32 478800 0.509151264793 [0 
356 586 89 521 733 810 7 650 750 143 686 987 55 14 546 16 829 18 52 20 608 22 356 24  [1;32 535200 0.51834241700805 [0 
356 586 89 521 733 810 7 650 750 143 686 987 55 14 546 16 829 18 52 20 608 22 356 24  [1;32 536400 0.53006342673655 [0 
356 586 89 156 616 810 7 650 750 143 686 987 345 14 2 16 829 18 52 360 608 22 356 24  [1;32 710400 0.55502840581024 [0 
356 126 89 156 616 810 7 650 750 342 686 987 345 14 2 16 829 18 52 360 608 22 356 24  [1;32 735600 0.56744366697585 [0 
356 126 306 156 616 810 7 650 403 342 686 987 345 14 2 16 829 18 52 842 608 22 356 295  [1;32 774000 0.57009917465068 [0 
356 126 306 156 616 257 419 727 403 342 686 987 345 14 2 16 829 481 817 842 608 22 356 295  [1;32 777600 0.57270310777552 [0 
356 126 306 156 616 793 419 727 999 342 686 987 345 14 2 758 829 389 817 347 536 22 356 295  [1;32 795600 0.60135260930204 [0 
356 126 306 156 616 793 419 727 999 342 686 987 345 14 2 758 829 389 817 347 56 22 356 295  [1;32 817200 0.61667175356215 [0 
356 126 306 156 616 793 419 727 999 573 686 987 345 14 2 758 829 389 817 347 56 22 356 295  [1;32 904800 0.62287928771604 [0 
356 126 306 156 616 726 419 727 999 573 686 987 345 14 2 758 829 389 817 825 56 22 356 295  [1;32 948000 0.62578755954406 [0 
446 126 306 156 616 726 419 641 999 573 686 987 345 14 2 758 829 389 817 825 56 22 356 295  [1;32 960000 0.63470139601122 [0 
seed 45
446 126 306 156 616 726 419 641 999 573 686 987 345 14 2 758 829 389 817 825 56 22 356 295 
1000 999 
best 0.63470139601122
 [0 
