1 2 3 4 5 6 7 8 9 10 11 12 13 14 15 16 17 18 19 20 21 22 23 24  [1;32 1200 0.021884756964217 [0 
1 2 3 4 5 6 7 8 9 10 639 12 13 14 895 16 17 11 19 20 21 22 23 24  [1;32 4800 0.0219783280308 [0 
921 2 109 582 5 6 7 8 9 10 639 12 13 14 895 16 17 11 133 20 21 22 23 24  [1;32 8400 0.052871918148521 [0 
921 2 109 582 5 6 7 8 9 10 639 12 13 14 895 16 17 11 133 20 21 22 23 24  [1;32 9600 0.059318270086118 [0 
921 2 109 582 5 6 7 8 9 10 639 12 13 14 895 16 17 11 133 20 21 22 23 24  [1;32 10800 0.064784538989808 [0 
921 2 109 582 5 6 7 8 9 10 639 12 13 14 895 16 17 11 133 20 21 22 23 24  [1;32 12000 0.094678040897219 [0 
921 2 109 582 5 6 7 8 9 10 639 12 535 14 895 16 17 11 133 20 21 22 23 24  [1;32 32400 0.096949281789616 [0 
921 2 109 582 5 6 7 8 9 10 639 12 535 801 895 16 17 11 133 20 21 22 23 24  [1;32 37200 0.10073126138044 [0 
921 2 109 526 5 6 7 8 9 10 639 12 535 801 895 16 17 813 133 20 21 22 23 24  [1;32 45600 0.11996079349368 [0 
921 2 109 526 5 6 7 8 9 10 281 372 535 801 895 191 17 813 133 20 21 22 23 24  [1;32 61200 0.12549842175575 [0 
921 2 109 526 5 6 7 8 9 10 281 372 535 801 895 191 17 73 226 20 21 22 23 803  [1;32 106800 0.14366540556803 [0 
921 2 109 526 5 6 7 8 9 10 281 372 535 801 989 191 17 73 226 20 21 22 23 803  [1;32 112800 0.15377260346798 [0 
921 2 109 526 5 6 607 8 9 116 281 852 535 801 989 191 17 73 226 20 528 22 23 803  [1;32 158400 0.3618506507912 [0 
921 2 109 526 5 6 607 8 9 116 281 852 535 801 989 191 17 73 226 20 528 22 23 803  [1;32 159600 0.45370234067729 [0 
921 2 109 526 5 6 607 8 9 116 281 852 535 801 989 191 17 73 226 20 528 22 23 803  [1;32 160800 0.51284453274759 [0 
921 2 109 526 5 6 607 849 9 447 281 852 535 801 530 191 17 73 226 20 528 22 23 168  [1;32 165600 0.52886306038563 [0 
66 91 109 526 5 6 607 849 9 447 281 852 535 801 530 191 202 73 226 368 528 22 23 168  [1;32 187200 0.75165857457531 [0 
66 91 109 526 472 6 607 849 9 902 281 852 535 801 530 191 202 73 226 368 528 978 23 168  [1;32 270000 0.84955298953392 [0 
seed 44
66 91 109 526 472 6 607 849 9 902 281 852 535 801 530 191 202 73 226 368 528 978 23 168 
1000 999 
best 0.84955298953392
 [0 
