1 2 3 4 5 6 7 8 9 10 11 12 13 14 15 16 17 18 19 20 21 22 23 24 [1;32m1200 0.21947487055668[0m
1 2 3 4 5 6 7 955 9 10 11 12 13 14 15 16 17 18 352 758 21 22 23 99 [1;32m333600 0.63755365179498[0m
1 2 3 4 5 6 7 955 9 10 11 12 13 14 15 16 17 18 352 758 21 22 23 99 [1;32m334800 0.76927412317851[0m
1 2 3 4 5 6 7 955 9 10 11 12 13 14 15 16 17 18 352 758 21 22 23 99 [1;32m336000 0.82989312226702[0m
1 2 3 4 5 6 7 955 9 10 11 12 13 14 15 16 17 18 352 758 21 22 23 99 [1;32m337200 0.87132781252048[0m
122 992 3 4 5 6 7 955 9 711 11 12 811 14 15 16 17 18 352 758 21 22 621 99 [1;32m346800 0.89669573469268[0m
seed 79
122 992 3 4 5 6 7 955 9 711 11 12 811 14 15 16 17 18 352 758 21 22 621 99 
1000 999 
best 0.89669573469268
[0m
