1 2 3 4 730 806 7 8 9 10 11 12 207 332 15 16 17 18 19 20 21 22 23 124  [1;32 21600 0.0033044981313957 [0 
1 2 3 4 806 806 7 8 9 10 11 12 207 332 15 16 17 397 19 8 21 22 23 124  [1;32 69600 0.0041287245370301 [0 
1 921 3 4 806 532 77 8 9 10 11 12 207 332 15 522 17 397 19 8 21 326 23 124  [1;32 126000 0.43710005467551 [0 
1 921 3 4 806 532 77 8 9 10 11 12 207 332 15 522 17 397 19 8 21 326 23 124  [1;32 127200 0.48347728914875 [0 
1 921 3 4 806 532 77 8 9 10 11 12 207 332 15 522 17 397 19 8 21 326 23 124  [1;32 128400 0.48442101456542 [0 
1 921 3 4 420 532 77 8 9 10 11 548 207 332 15 167 17 397 19 8 21 326 23 124  [1;32 133200 0.49197832684504 [0 
1 921 3 4 420 532 77 8 9 10 11 548 207 332 15 167 17 397 19 8 21 326 23 124  [1;32 134400 0.49214785316648 [0 
1 921 3 4 420 532 77 8 9 10 11 548 207 332 15 167 17 397 19 8 21 326 23 124  [1;32 135600 0.49299174707476 [0 
1 921 3 4 420 532 77 8 9 10 11 548 207 332 15 167 17 397 19 8 21 326 23 124  [1;32 136800 0.49301878986282 [0 
1 921 833 4 420 532 77 8 9 10 11 548 207 332 15 167 17 397 19 8 192 326 23 124  [1;32 159600 0.49374992494348 [0 
1 921 833 4 420 532 77 8 9 10 11 548 207 332 15 167 17 397 19 8 192 326 23 124  [1;32 160800 0.49539137053952 [0 
1 921 833 4 420 532 77 8 9 10 11 548 207 332 15 167 17 397 19 8 192 326 23 124  [1;32 162000 0.49540246769735 [0 
1 921 833 4 420 532 77 8 9 10 11 548 207 332 15 167 17 397 19 8 192 326 23 124  [1;32 163200 0.49540805804245 [0 
1 921 833 4 420 532 77 8 9 10 11 548 207 332 15 167 17 397 19 8 192 326 23 124  [1;32 164400 0.49541954137496 [0 
1 921 833 4 420 532 285 8 9 10 11 548 207 332 15 167 17 397 19 8 192 326 23 124  [1;32 187200 0.49542738584517 [0 
1 921 833 4 420 532 285 8 9 10 11 90 207 332 15 167 17 397 19 8 192 326 23 124  [1;32 363600 0.49543302409278 [0 
1 314 833 4 420 532 285 8 28 10 908 90 207 332 15 167 17 397 19 8 192 326 23 203  [1;32 500400 0.65270412487986 [0 
1 314 833 4 420 532 285 8 28 10 908 90 207 332 15 167 17 397 19 8 192 326 23 203  [1;32 501600 0.65493014258545 [0 
1 314 833 4 420 532 285 8 28 10 908 90 207 332 15 167 17 397 19 8 192 326 23 203  [1;32 502800 0.72545509776889 [0 
1 314 833 4 420 532 285 8 28 10 908 90 207 332 15 167 17 397 19 8 192 326 23 203  [1;32 504000 0.82004828132393 [0 
171 314 833 4 14 532 285 8 28 10 50 90 207 332 15 167 17 530 19 8 192 326 23 203  [1;32 510000 0.84628969318628 [0 
171 314 833 4 14 532 285 8 28 914 50 90 207 332 272 167 17 202 19 8 192 326 23 203  [1;32 512400 0.85950329697708 [0 
171 314 833 4 14 532 285 8 560 914 50 90 207 332 272 167 289 202 19 8 192 326 23 203  [1;32 526800 0.86859775462236 [0 
171 314 833 4 14 532 285 899 560 914 50 90 207 332 272 167 289 202 19 8 192 326 23 203  [1;32 574800 0.87244592872045 [0 
171 314 833 4 44 532 285 899 560 914 50 90 207 332 272 167 289 202 19 8 192 326 23 203  [1;32 639600 0.88219524052743 [0 
171 314 833 4 44 532 285 899 560 914 50 90 207 332 272 167 289 202 19 8 279 326 23 126  [1;32 856800 0.89735215352779 [0 
seed 27
171 314 833 4 44 532 285 899 560 914 50 90 207 332 272 167 289 202 19 8 279 326 23 126 
1000 999 
best 0.89735215352779
 [0 
