1 2 3 4 5 6 7 8 9 10 11 12 13 14 15 16 17 18 19 20 21 22 23 24  [1;32 1200 0.2198587069921 [0 
1 2 3 750 639 6 7 8 9 10 11 12 13 14 306 16 17 335 19 20 21 22 23 24  [1;32 1336800 0.57072459747317 [0 
1 47 3 750 639 6 7 64 9 10 11 453 13 14 573 16 17 335 19 20 21 22 23 24  [1;32 1342800 0.62545707840489 [0 
257 47 3 750 639 6 7 64 9 91 11 453 13 14 573 16 17 335 144 20 21 22 23 24  [1;32 1371600 0.63755223825571 [0 
257 47 3 750 639 6 7 451 9 91 11 453 13 924 573 16 17 335 144 20 21 22 23 24  [1;32 1392000 0.64018436432424 [0 
257 92 3 750 639 6 7 782 9 91 11 453 302 924 573 16 17 335 144 20 21 22 763 360  [1;32 1413600 0.64393376142674 [0 
seed 63
257 92 3 750 639 6 7 782 9 91 11 453 302 924 573 16 17 335 144 20 21 22 763 360 
1000 999 
best 0.64393376142674
 [0 
