1 2 3 4 5 6 7 8 9 10 11 12 13 14 15 16 17 18 19 20 21 22 23 24  [1;32 1200 0.059139803866069 [0 
1 2 3 4 5 6 7 8 9 10 11 12 13 14 15 16 17 18 19 20 21 22 23 24  [1;32 2400 0.061617976656378 [0 
1 7 3 4 5 6 7 8 9 10 11 12 200 14 15 516 17 18 19 20 21 22 23 411  [1;32 20400 0.061913774471774 [0 
1 7 3 4 90 6 7 8 9 10 11 32 200 132 900 516 17 18 19 20 21 22 23 411  [1;32 22800 0.063584303180425 [0 
1 7 3 4 90 6 7 8 9 10 11 32 200 132 900 516 17 18 19 20 21 22 23 411  [1;32 24000 0.076794580775927 [0 
1 7 643 777 90 899 7 8 792 10 11 32 371 132 900 516 17 18 19 20 21 22 23 411  [1;32 31200 0.11476667195813 [0 
1 7 643 777 90 899 7 8 792 10 11 32 371 132 900 516 17 18 19 20 21 22 23 411  [1;32 32400 0.12136025926576 [0 
1 7 643 777 90 899 7 8 792 10 11 32 371 132 900 516 17 670 19 20 21 22 538 411  [1;32 38400 0.12632182672609 [0 
1 7 643 777 90 899 7 874 792 10 11 67 371 132 123 516 17 670 537 20 21 22 538 411  [1;32 61200 0.12632663135112 [0 
1 7 643 777 90 899 7 874 792 10 11 67 371 132 123 516 17 670 537 20 21 22 538 411  [1;32 62400 0.12716084947792 [0 
1 7 643 777 395 899 7 874 875 72 11 67 371 132 723 516 17 670 537 731 21 22 538 411  [1;32 74400 0.12728527097692 [0 
1 7 643 914 395 899 7 339 875 72 11 67 371 132 725 516 17 670 665 731 21 22 61 411  [1;32 139200 0.1492049254392 [0 
1 7 643 914 395 143 7 339 875 72 11 67 371 132 725 907 17 670 81 731 21 22 61 621  [1;32 152400 0.15015887983347 [0 
1 7 643 914 395 143 7 339 875 72 11 67 371 132 725 907 17 670 81 731 21 22 61 621  [1;32 153600 0.15437930355814 [0 
1 7 643 914 395 143 7 339 875 72 11 67 371 132 725 907 17 670 81 731 21 937 61 621  [1;32 156000 0.18320388576116 [0 
1 683 643 914 395 143 7 339 875 395 11 67 371 132 725 907 140 921 81 731 21 937 61 621  [1;32 171600 0.19193200696171 [0 
1 683 643 914 395 143 7 339 875 395 11 67 371 132 725 907 140 921 81 731 21 937 61 621  [1;32 172800 0.19814979090579 [0 
1 683 363 914 395 143 7 339 875 395 11 67 371 340 725 907 908 944 81 731 21 937 61 621  [1;32 186000 0.20725489120978 [0 
1 683 363 914 395 143 7 339 875 395 11 67 371 340 725 907 908 944 81 731 21 937 61 621  [1;32 187200 0.21821934276365 [0 
1 683 363 914 395 657 7 339 875 395 11 67 371 340 725 907 908 944 81 731 961 937 61 621  [1;32 206400 0.24687947976966 [0 
210 946 363 914 395 144 7 339 875 832 11 814 371 340 725 907 908 944 81 731 961 937 64 621  [1;32 301200 0.26984227929924 [0 
210 946 363 914 395 144 7 339 875 832 11 814 371 340 725 907 908 944 81 731 961 937 64 621  [1;32 302400 0.27628556567793 [0 
210 946 363 914 395 144 7 339 875 367 11 814 371 340 725 907 908 944 81 731 961 937 64 621  [1;32 304800 0.31997834189848 [0 
210 946 363 914 395 144 7 339 114 367 11 814 371 979 725 907 908 944 81 731 961 937 64 621  [1;32 519600 0.34428356263818 [0 
210 946 363 914 395 352 7 339 114 367 11 814 371 979 725 907 908 944 81 731 961 937 64 621  [1;32 610800 0.34598073678787 [0 
210 946 363 914 395 352 7 339 114 367 11 814 371 979 725 907 908 944 81 731 961 937 64 621  [1;32 612000 0.3529522425907 [0 
210 946 586 914 395 352 7 691 310 367 11 814 371 979 725 907 908 944 81 731 374 937 64 621  [1;32 636000 0.43287743943189 [0 
210 946 586 914 395 352 7 691 310 367 11 814 371 979 725 907 500 944 81 731 374 937 64 621  [1;32 675600 0.4477417809404 [0 
210 946 586 914 395 352 7 691 310 367 11 814 371 979 725 921 500 359 81 731 374 937 274 621  [1;32 723600 0.4491121990875 [0 
210 946 586 914 395 352 7 691 417 367 11 814 371 979 725 921 250 637 81 731 374 937 274 621  [1;32 736800 0.46455963659273 [0 
863 946 586 914 395 352 7 691 417 367 11 814 371 979 725 921 250 637 81 731 374 937 274 621  [1;32 789600 0.50419694272 [0 
863 946 586 914 395 352 7 691 417 367 11 814 371 979 725 921 250 637 81 731 374 18 274 621  [1;32 823200 0.50819008217931 [0 
863 946 586 914 884 352 7 691 417 388 11 814 371 979 725 921 250 637 81 731 374 927 274 621  [1;32 866400 0.51565120092689 [0 
863 946 586 914 884 352 7 691 417 388 11 814 371 979 725 921 327 637 81 731 374 386 274 621  [1;32 966000 0.5289139084345 [0 
863 946 586 681 884 352 656 691 417 890 11 814 187 979 725 921 327 637 405 731 374 759 274 621  [1;32 1348800 0.54370865107811 [0 
863 946 586 681 884 352 656 691 417 890 11 814 187 979 725 921 834 637 405 731 374 759 274 621  [1;32 1358400 0.56222847376107 [0 
728 946 586 681 884 352 656 691 417 890 11 60 187 979 725 921 834 637 405 731 374 506 274 621  [1;32 1368000 0.70181973565801 [0 
728 946 586 681 884 352 656 691 417 890 11 60 187 979 725 921 834 637 405 731 374 506 274 621  [1;32 1369200 0.72740924642732 [0 
seed 54
728 946 586 681 884 352 656 691 417 890 11 60 187 979 725 921 834 637 405 731 374 506 274 621 
1000 999 
best 0.72740924642732
 [0 
