1 2 3 4 5 6 7 8 9 10 11 12 13 14 15 16 17 18 19 20 21 22 23 24  [1;32 1200 0.055228215448681 [0 
1 2 3 4 5 6 7 8 9 10 11 12 13 14 15 16 17 689 19 20 21 22 313 578  [1;32 126000 0.1204402678702 [0 
1 2 3 4 5 6 546 8 9 10 11 12 13 14 15 16 17 456 19 20 128 22 313 578  [1;32 202800 0.66550879872092 [0 
1 2 3 4 739 6 546 8 9 10 11 12 13 14 15 817 244 456 871 656 128 22 313 578  [1;32 207600 0.68079711343927 [0 
1 2 63 540 310 417 546 8 9 10 11 12 13 162 15 817 244 456 871 656 128 22 313 578  [1;32 210000 0.73426233168154 [0 
1 2 63 540 310 417 546 8 96 10 882 12 13 162 222 817 244 973 983 656 128 22 313 578  [1;32 342000 0.81244838897057 [0 
1 2 63 639 310 417 546 8 96 10 882 12 13 162 222 817 244 973 983 656 128 22 313 578  [1;32 380400 0.8592020485421 [0 
1 2 63 639 310 417 546 8 96 10 882 12 13 162 222 817 244 973 983 656 128 22 313 578  [1;32 381600 0.91059763937637 [0 
seed 12
1 2 63 639 310 417 546 8 96 10 882 12 13 162 222 817 244 973 983 656 128 22 313 578 
1000 999 
best 0.91059763937637
 [0 
