1 2 3 4 5 6 7 8 9 10 11 12 13 14 15 16 17 18 19 20 21 22 23 24 [1;32m1200 0.019824695515274[0m
1 2 3 4 5 6 7 8 9 10 11 12 13 14 15 16 17 18 19 20 21 22 23 24 [1;32m2400 0.022518759738684[0m
1 2 3 4 5 6 7 8 9 10 11 12 13 14 15 16 17 18 19 20 21 22 23 24 [1;32m3600 0.023321759612998[0m
1 2 3 4 596 908 7 52 149 10 11 12 13 14 15 239 17 18 19 20 21 22 599 24 [1;32m8400 0.025228862607001[0m
1 2 3 4 596 908 7 52 149 10 11 12 13 14 15 239 17 18 19 20 21 22 599 24 [1;32m9600 0.027856101486586[0m
1 2 3 4 596 908 7 52 149 10 11 12 706 14 15 239 17 18 19 20 21 22 599 24 [1;32m12000 0.032502206174322[0m
1 2 476 4 596 908 7 52 149 166 11 12 706 703 15 239 17 18 19 20 21 22 599 24 [1;32m15600 0.033343754780514[0m
1 2 476 4 596 908 7 52 149 166 11 12 706 486 15 239 17 18 19 20 21 22 599 24 [1;32m18000 0.035902730914874[0m
1 2 476 4 596 908 7 52 149 166 11 12 706 486 15 239 17 18 394 20 21 22 599 24 [1;32m20400 0.036109204297617[0m
1 2 476 781 596 908 7 771 149 166 11 12 501 486 15 239 17 18 394 20 21 22 599 116 [1;32m28800 0.068045110619912[0m
1 2 476 781 596 908 942 771 947 166 11 12 501 486 15 239 17 18 394 20 21 451 599 116 [1;32m33600 0.082876973112475[0m
1 2 476 781 596 908 942 771 947 166 11 12 501 486 15 239 778 18 394 20 21 451 599 116 [1;32m36000 0.090466812523455[0m
1 493 476 781 823 375 942 771 947 166 11 12 501 486 15 642 778 18 394 20 860 451 599 116 [1;32m38400 0.12763067809506[0m
1 493 476 781 823 375 942 771 947 166 11 12 501 486 15 642 778 18 394 20 860 451 599 116 [1;32m39600 0.13887771035258[0m
1 967 886 781 823 375 558 787 947 166 11 12 501 486 15 642 778 18 394 20 860 451 599 116 [1;32m45600 0.14330768600498[0m
1 967 886 781 419 938 558 787 947 166 55 12 501 486 15 156 778 18 394 20 860 451 599 116 [1;32m49200 0.17673072744505[0m
1 967 886 781 419 938 558 787 947 166 55 12 501 486 15 156 778 18 394 20 860 451 599 116 [1;32m50400 0.3227510295926[0m
1 967 886 781 419 938 531 787 947 166 55 12 501 486 15 156 778 18 394 20 860 451 599 643 [1;32m54000 0.37082963528122[0m
1 344 886 781 419 938 531 787 947 166 55 12 501 486 15 156 698 18 394 868 860 451 599 643 [1;32m64800 0.39781369492986[0m
1 344 886 781 419 938 531 787 947 166 668 12 501 486 15 156 698 18 394 868 860 451 599 798 [1;32m151200 0.39829330880497[0m
1 344 886 781 419 938 531 787 947 661 668 12 501 486 15 156 247 18 394 868 860 451 599 798 [1;32m157200 0.39856586152859[0m
1 344 886 781 419 938 531 787 947 35 668 12 501 486 15 561 247 653 394 868 752 451 599 798 [1;32m188400 0.43623397481162[0m
1 344 886 781 363 938 531 787 947 35 668 12 501 486 15 561 247 653 394 868 752 451 599 798 [1;32m634800 0.43843038132389[0m
1 657 226 781 363 938 531 787 947 35 668 12 501 486 15 561 247 653 468 177 752 451 599 798 [1;32m654000 0.44187673915881[0m
1 657 386 781 363 938 531 787 723 35 668 12 501 486 15 561 247 653 468 177 752 81 804 798 [1;32m849600 0.44899589875679[0m
1 657 386 781 743 938 531 787 201 35 668 12 501 486 15 568 247 653 477 177 752 81 804 798 [1;32m862800 0.45709834293859[0m
461 657 597 781 743 938 531 794 201 35 668 12 501 486 15 568 247 653 477 177 646 81 47 798 [1;32m877200 0.458237566303[0m
461 657 597 781 743 938 531 794 201 35 668 12 443 375 15 568 247 653 477 132 646 81 47 798 [1;32m892800 0.47888625731199[0m
461 657 597 781 743 938 531 794 201 35 668 12 443 424 15 568 247 653 477 132 646 81 47 798 [1;32m933600 0.48051509531693[0m
461 657 597 781 743 938 531 794 201 35 668 12 443 424 15 568 247 653 477 132 646 81 47 798 [1;32m934800 0.4807542183241[0m
461 657 597 781 743 448 531 162 201 35 668 12 443 424 15 568 247 653 477 132 646 81 47 798 [1;32m939600 0.48573068549819[0m
461 657 597 781 743 448 531 162 339 35 668 681 865 424 15 568 247 653 477 132 646 81 47 798 [1;32m974400 0.49870614780646[0m
461 657 597 781 743 448 646 143 339 35 668 681 865 424 221 568 247 467 477 725 646 81 955 798 [1;32m991200 0.51192406890105[0m
461 657 919 781 743 448 646 143 339 35 668 681 214 424 221 568 610 467 477 725 646 81 955 798 [1;32m993600 0.52700692346014[0m
461 657 919 781 743 448 646 143 339 35 668 681 283 424 221 568 610 467 477 725 646 81 955 798 [1;32m996000 0.53101179665256[0m
509 657 919 781 743 448 646 143 339 35 668 681 283 716 904 482 610 467 43 388 646 81 955 798 [1;32m1183200 0.53421836971309[0m
509 657 919 781 743 448 646 143 339 35 668 681 283 716 904 482 610 467 43 388 646 81 955 798 [1;32m1184400 0.53999432572497[0m
509 657 919 781 743 448 646 143 339 35 668 681 283 716 904 482 610 467 43 388 646 81 955 798 [1;32m1185600 0.54084268226056[0m
509 657 919 781 743 448 646 143 339 35 668 681 114 716 904 482 610 467 43 388 646 81 955 798 [1;32m1188000 0.55238189166209[0m
seed 35
509 657 919 781 743 448 646 143 339 35 668 681 114 716 904 482 610 467 43 388 646 81 955 798 
1000 999 
best 0.55238189166209
[0m
