1 2 3 4 5 6 7 8 9 10 11 12 13 14 15 16 17 18 19 20 21 22 23 24  [1;32 1200 0.20258038848274 [0 
1 2 3 4 5 209 7 8 9 10 11 12 13 469 15 16 17 18 19 20 148 22 23 24  [1;32 13200 0.2810450587127 [0 
1 2 3 4 5 627 7 8 9 10 11 12 13 469 15 16 17 805 19 20 148 22 23 24  [1;32 60000 0.29836355416911 [0 
1 2 3 4 238 627 7 8 9 10 11 12 89 469 15 16 17 805 19 122 540 22 23 24  [1;32 63600 0.377859071588 [0 
1 2 3 817 238 627 7 8 9 10 11 12 89 838 504 16 17 805 19 122 540 22 320 24  [1;32 67200 0.38941150664584 [0 
1 2 3 817 238 438 7 8 9 444 11 768 89 838 504 16 17 805 19 122 540 22 320 24  [1;32 73200 0.40329335292514 [0 
951 2 920 817 238 438 7 8 9 444 11 768 89 145 504 16 17 805 19 122 540 22 805 24  [1;32 88800 0.45865350982621 [0 
951 2 920 817 238 438 7 8 9 444 11 768 89 145 504 16 17 805 19 122 540 22 805 24  [1;32 90000 0.47031063507198 [0 
867 2 920 817 238 438 7 831 9 444 11 768 89 220 229 16 17 805 19 122 540 693 805 34  [1;32 105600 0.53171314948593 [0 
867 2 920 817 238 438 7 831 9 444 11 768 854 220 229 16 17 805 19 122 540 693 805 34  [1;32 822000 0.53417432670478 [0 
seed 2
867 2 920 817 238 438 7 831 9 444 11 768 854 220 229 16 17 805 19 122 540 693 805 34 
1000 999 
best 0.53417432670478
 [0 
