1 2 3 4 5 6 7 8 9 10 11 12 13 14 15 16 17 18 19 20 21 22 23 24 [1;32m1200 0.21947487055668[0m
1 2 3 4 5 6 158 8 9 10 11 728 700 14 15 16 14 18 19 517 21 12 23 24 [1;32m492000 0.44494591221926[0m
1 2 98 845 526 6 158 8 9 10 11 728 700 14 15 16 14 18 19 517 21 12 23 24 [1;32m637200 0.61406993976423[0m
1 368 98 845 526 6 158 8 9 819 11 728 700 821 15 16 14 18 19 517 566 12 23 24 [1;32m795600 0.72923678659437[0m
1 458 98 845 526 6 158 8 9 819 11 728 700 821 15 16 14 18 19 517 566 12 23 24 [1;32m798000 0.76939778473817[0m
1 458 98 845 526 6 158 8 9 566 465 94 700 821 92 16 14 18 19 517 566 12 23 24 [1;32m806400 0.88023473176957[0m
1 458 98 845 526 6 158 8 9 566 465 985 700 711 92 16 14 18 19 517 566 423 23 24 [1;32m867600 0.88223191543577[0m
1 458 98 845 526 6 158 8 9 566 465 985 700 711 92 16 14 18 19 259 566 423 23 24 [1;32m871200 0.88281155200705[0m
seed 62
1 458 98 845 526 6 158 8 9 566 465 985 700 711 92 16 14 18 19 259 566 423 23 24 
1000 999 
best 0.88281155200705
[0m
