1 2 3 4 5 6 7 8 9 10 11 12 13 14 15 16 17 18 19 20 21 22 23 24  [1;32 1200 0.23635893720569 [0 
1 204 3 4 5 6 87 456 9 10 11 12 13 189 15 16 17 18 19 912 21 22 23 24  [1;32 3600 0.26318834289363 [0 
1 204 3 4 5 6 87 456 9 10 11 12 13 189 15 16 17 18 19 912 21 22 23 24  [1;32 4800 0.2844151174733 [0 
1 204 3 4 5 6 87 456 9 10 11 12 13 189 15 16 17 18 19 912 21 22 23 24  [1;32 6000 0.28671407475788 [0 
1 204 3 4 5 6 87 456 9 10 11 12 13 189 15 16 17 18 19 912 21 22 23 24  [1;32 7200 0.33109438272214 [0 
1 204 3 526 5 6 87 456 9 10 11 12 13 189 15 16 17 18 973 912 21 22 23 24  [1;32 114000 0.33618518427945 [0 
458 204 3 526 5 6 87 456 9 10 11 12 13 189 15 16 17 18 973 912 21 22 23 24  [1;32 140400 0.33768447255981 [0 
458 204 3 526 5 6 87 185 9 10 11 12 13 189 15 516 17 18 973 912 21 22 23 24  [1;32 157200 0.34078501901992 [0 
458 204 3 526 369 6 87 185 9 10 11 12 13 189 15 516 919 18 973 912 21 22 23 24  [1;32 212400 0.35145201189144 [0 
527 204 3 526 369 6 87 185 9 10 522 12 13 875 15 516 919 18 973 912 21 22 23 24  [1;32 218400 0.35748650699572 [0 
527 204 3 526 369 6 87 185 9 10 522 12 13 875 15 516 446 18 973 912 21 22 23 24  [1;32 220800 0.38536356149724 [0 
527 204 3 526 369 6 87 185 9 10 522 12 13 875 15 55 185 18 973 912 21 22 23 24  [1;32 224400 0.39106320115241 [0 
527 204 3 526 369 6 87 185 9 10 522 12 13 875 15 55 185 18 973 912 21 22 23 24  [1;32 225600 0.41283670472421 [0 
527 204 3 526 369 416 532 185 9 10 522 12 13 875 314 55 185 18 724 912 21 22 23 24  [1;32 228000 0.41387916339191 [0 
527 204 3 526 369 416 532 185 9 10 522 12 13 875 314 55 185 18 724 912 21 749 23 24  [1;32 231600 0.42322855748672 [0 
527 574 3 526 236 416 532 185 9 10 522 12 537 875 314 55 185 18 686 912 137 749 237 24  [1;32 248400 0.4348340415952 [0 
527 574 3 526 236 416 532 185 9 10 522 12 537 875 314 55 185 18 686 912 137 749 237 24  [1;32 249600 0.48718004153363 [0 
527 574 3 526 236 416 532 185 9 10 522 12 537 875 314 55 185 18 686 912 134 749 394 24  [1;32 516000 0.48879416402472 [0 
527 574 3 526 402 416 532 185 568 10 361 12 537 778 314 55 185 18 686 912 134 749 756 24  [1;32 534000 0.50252399332761 [0 
527 574 3 953 718 416 532 575 568 934 361 12 537 778 869 55 185 18 686 912 112 749 756 24  [1;32 669600 0.50997793846937 [0 
527 574 3 953 718 416 532 575 87 934 361 12 537 778 869 55 185 18 686 912 112 749 756 24  [1;32 672000 0.51908515993912 [0 
527 574 3 953 718 416 532 575 87 934 361 12 537 778 869 55 185 18 686 912 112 749 756 24  [1;32 673200 0.52517185392425 [0 
527 574 3 953 718 416 532 575 833 934 687 12 537 778 355 55 185 18 686 912 112 749 756 24  [1;32 704400 0.52748284228957 [0 
527 574 3 953 718 416 532 575 833 934 687 12 537 778 355 55 185 18 686 912 112 749 756 24  [1;32 705600 0.53430376036502 [0 
527 574 3 953 718 416 706 575 833 934 687 442 537 778 355 55 185 18 686 912 112 103 756 24  [1;32 715200 0.58412184844868 [0 
527 574 3 953 718 416 706 575 833 934 687 344 537 778 355 55 185 18 686 912 112 103 756 24  [1;32 768000 0.5971469530152 [0 
527 574 3 953 718 416 197 865 134 934 687 344 537 778 355 55 185 18 686 912 112 103 595 24  [1;32 808800 0.62337881487364 [0 
seed 90
527 574 3 953 718 416 197 865 134 934 687 344 537 778 355 55 185 18 686 912 112 103 595 24 
1000 999 
best 0.62337881487364
 [0 
