1 2 3 4 5 6 7 8 9 10 11 12 13 14 15 16 17 18 19 20 21 22 23 24 [1;32m1200 0.00082511167866957[0m
1 2 3 4 5 6 7 8 9 10 11 764 13 14 15 16 399 18 376 20 21 22 23 189 [1;32m21600 0.74254609772491[0m
1 2 3 4 5 6 7 8 9 10 11 764 13 14 15 16 71 18 376 461 123 22 23 189 [1;32m109200 0.86861670549744[0m
1 2 3 4 5 6 7 8 9 605 11 764 810 96 15 16 71 18 31 461 123 22 23 189 [1;32m210000 0.88006009238992[0m
1 2 3 4 238 446 7 8 9 605 11 764 810 96 15 16 71 18 31 461 123 22 23 189 [1;32m310800 0.88014997299662[0m
1 2 3 4 238 602 7 8 9 121 11 764 810 96 15 16 71 18 510 461 966 22 23 189 [1;32m513600 0.88050693719223[0m
1 2 311 4 238 602 7 8 9 23 11 764 434 96 653 471 71 18 510 461 966 22 23 189 [1;32m517200 0.90002572644471[0m
seed 47
1 2 311 4 238 602 7 8 9 23 11 764 434 96 653 471 71 18 510 461 966 22 23 189 
1000 999 
best 0.90002572644471
[0m
