1 2 3 4 5 6 7 8 9 10 11 12 13 14 15 16 17 18 19 20 21 22 23 24 [1;32m1200 0.002475857750734[0m
1 2 3 4 5 116 7 8 9 10 491 863 13 14 15 687 17 18 19 20 21 22 23 24 [1;32m21600 0.031525203648323[0m
1 2 3 4 5 116 7 927 9 10 491 863 13 692 15 687 17 18 19 24 21 22 23 24 [1;32m66000 0.03387627737363[0m
1 2 3 4 5 116 7 894 9 10 491 863 13 692 15 687 232 18 19 24 261 22 23 37 [1;32m84000 0.033890928666117[0m
1 486 878 4 5 116 7 894 9 10 491 863 13 692 15 687 232 18 384 24 261 22 23 37 [1;32m93600 0.033945829344822[0m
894 486 878 4 5 116 7 894 9 10 491 863 13 692 464 687 232 304 384 24 261 22 934 37 [1;32m145200 0.098859047155553[0m
894 486 878 4 5 116 7 894 9 10 491 863 290 692 464 863 232 304 384 24 261 22 934 37 [1;32m174000 0.43596483684575[0m
894 486 878 4 5 116 657 894 9 10 491 863 290 692 464 863 232 304 231 24 261 244 934 37 [1;32m553200 0.43600676613202[0m
894 486 878 4 5 116 657 894 9 10 491 139 290 692 464 863 232 304 231 24 261 244 934 37 [1;32m1166400 0.43663359927196[0m
seed 9
894 486 878 4 5 116 657 894 9 10 491 139 290 692 464 863 232 304 231 24 261 244 934 37 
1000 999 
best 0.43663359927196
[0m
