1 2 3 4 5 6 7 8 9 10 11 12 13 14 15 16 17 18 19 20 21 22 23 24  [1;32 1200 0.2198587069921 [0 
1 2 3 4 5 6 7 8 9 10 11 12 13 14 189 16 17 183 19 20 21 22 23 24  [1;32 768000 0.5837020711818 [0 
1 2 304 4 5 6 7 8 9 10 11 12 13 14 189 16 17 183 19 20 21 22 23 24  [1;32 776400 0.59709306302412 [0 
1 58 304 4 5 6 917 8 9 10 134 12 13 14 189 577 17 183 19 20 21 22 23 24  [1;32 778800 0.61651214015024 [0 
1 58 304 4 5 6 363 8 9 10 349 12 13 14 189 577 99 183 19 20 21 22 23 525  [1;32 798000 0.61758552580082 [0 
1 58 304 4 5 694 551 499 9 10 956 12 13 14 189 577 99 183 33 20 21 22 23 661  [1;32 889200 0.61863128218212 [0 
1 58 304 4 5 694 551 499 9 10 956 12 13 14 189 577 539 183 33 20 21 22 23 661  [1;32 914400 0.63718346330332 [0 
1 58 304 4 953 694 927 499 9 10 956 12 13 14 189 577 539 183 33 20 376 22 323 729  [1;32 1024800 0.87017810250995 [0 
seed 24
1 58 304 4 953 694 927 499 9 10 956 12 13 14 189 577 539 183 33 20 376 22 323 729 
1000 999 
best 0.87017810250995
 [0 
