1 2 3 4 5 6 7 8 9 10 11 12 13 14 15 16 17 18 19 20 21 22 23 24  [1;32 1200 0.36774180669139 [0 
1 2 3 4 5 6 7 8 9 10 11 12 13 14 15 16 17 18 19 20 21 22 23 24  [1;32 2400 0.40360770260586 [0 
1 2 3 4 5 6 7 8 9 10 11 12 13 14 15 16 17 18 19 20 21 22 23 24  [1;32 3600 0.4252716562088 [0 
1 2 3 4 5 6 7 8 9 10 11 12 13 14 15 16 17 18 633 20 21 22 23 24  [1;32 20400 0.45328179888351 [0 
1 300 3 4 5 6 7 8 9 10 11 12 13 14 15 16 17 18 633 20 569 22 23 24  [1;32 25200 0.47228087095845 [0 
935 300 3 4 5 790 7 483 222 10 11 12 13 937 15 16 17 18 633 20 569 22 23 24  [1;32 27600 0.48134417583394 [0 
935 300 3 4 5 790 7 483 222 10 11 12 13 937 15 16 17 18 633 20 569 22 23 24  [1;32 28800 0.48714297112415 [0 
935 300 3 4 5 790 7 483 222 10 836 12 13 937 15 16 17 18 633 20 569 22 23 24  [1;32 40800 0.49954774417319 [0 
935 300 3 4 267 200 872 483 222 10 836 12 13 937 993 16 17 18 633 180 569 22 236 24  [1;32 57600 0.50352320396297 [0 
935 300 3 4 267 200 872 483 222 10 836 12 13 937 625 16 17 18 633 180 569 22 236 24  [1;32 62400 0.55980216897248 [0 
935 300 3 4 267 200 872 483 222 10 836 12 13 937 625 16 17 18 633 180 569 22 236 24  [1;32 63600 0.56062697746071 [0 
935 300 3 4 267 200 872 483 222 10 836 12 13 937 625 16 17 113 633 180 569 22 236 24  [1;32 88800 0.5620791229971 [0 
935 433 3 4 267 200 872 483 222 10 126 12 13 937 625 173 17 113 633 180 185 335 236 24  [1;32 97200 0.5639477882425 [0 
935 196 3 4 981 200 872 127 222 10 126 12 13 937 625 173 17 113 633 180 237 335 236 24  [1;32 108000 0.58083931501858 [0 
935 196 3 4 257 295 872 127 222 10 126 12 13 937 625 173 17 113 633 180 237 335 236 24  [1;32 123600 0.59270337989914 [0 
935 196 3 4 257 505 872 127 222 170 126 12 13 937 625 173 17 113 633 180 237 363 236 24  [1;32 132000 0.60153024258851 [0 
935 532 451 4 257 505 872 294 222 170 126 684 13 708 625 576 17 113 633 180 237 363 236 24  [1;32 572400 0.61153295095409 [0 
seed 50
935 532 451 4 257 505 872 294 222 170 126 684 13 708 625 576 17 113 633 180 237 363 236 24 
1000 999 
best 0.61153295095409
 [0 
