1 2 3 4 5 6 7 8 9 10 11 12 13 14 15 16 17 18 19 20 21 22 23 24  [1;32 1200 0.10168608424634 [0 
1 2 3 4 5 6 7 8 9 10 11 12 13 14 15 16 17 18 19 20 21 22 23 24  [1;32 2400 0.11486430617024 [0 
1 2 3 4 5 6 7 8 9 10 11 12 13 14 15 16 17 18 19 20 21 22 23 24  [1;32 3600 0.15646861498906 [0 
1 738 3 4 5 6 7 8 9 10 11 12 13 14 15 16 17 837 19 20 21 22 23 24  [1;32 36000 0.16475452750837 [0 
1 738 3 4 5 6 7 77 9 10 11 12 13 14 15 16 17 837 19 20 21 22 23 24  [1;32 75600 0.16999462824587 [0 
1 738 229 4 5 6 7 77 9 10 526 12 13 14 15 16 17 837 19 20 21 433 927 24  [1;32 87600 0.17079666817241 [0 
1 738 229 4 5 463 7 77 9 10 526 12 13 14 15 518 17 837 19 20 21 433 927 24  [1;32 99600 0.22363584959467 [0 
1 738 915 4 5 463 7 77 9 10 526 12 13 14 15 518 17 837 19 20 21 390 927 24  [1;32 118800 0.22994668918386 [0 
1 738 915 4 819 463 7 77 9 10 526 12 13 14 15 518 17 837 19 895 21 390 47 24  [1;32 127200 0.24108994020568 [0 
1 738 915 4 819 463 7 77 67 10 945 12 13 369 15 518 560 837 19 895 21 390 47 24  [1;32 200400 0.24573992885285 [0 
1 738 915 4 819 463 7 77 67 909 945 12 96 369 178 518 560 323 19 386 21 445 47 24  [1;32 267600 0.27512793416457 [0 
1 738 915 4 819 463 7 77 67 909 945 12 96 369 178 518 560 323 19 594 21 445 47 24  [1;32 313200 0.27803900784844 [0 
1 738 915 4 819 463 7 77 67 909 945 12 96 369 178 518 560 323 19 594 21 445 47 24  [1;32 314400 0.31765304661051 [0 
1 328 915 4 819 463 7 319 67 909 945 12 96 369 178 518 560 323 19 594 911 445 47 24  [1;32 327600 0.32537788786931 [0 
1 328 915 4 819 463 7 319 67 909 945 12 96 369 178 270 560 323 477 594 911 445 47 24  [1;32 393600 0.32613493517465 [0 
1 328 915 4 819 463 7 510 67 681 945 12 503 831 178 270 560 323 477 359 911 445 47 24  [1;32 412800 0.33213031891661 [0 
1 328 915 4 819 463 7 510 51 681 945 12 503 831 178 270 635 323 477 359 911 45 56 24  [1;32 658800 0.35505396310883 [0 
487 328 198 167 825 463 7 510 51 681 945 12 870 831 178 317 635 323 477 359 911 45 56 24  [1;32 696000 0.39565279210715 [0 
487 328 198 167 825 463 7 510 51 681 945 12 870 831 178 317 635 323 477 359 911 45 56 24  [1;32 697200 0.40266795153043 [0 
487 328 198 167 825 463 7 510 51 681 864 12 870 831 178 317 635 323 477 359 911 45 56 24  [1;32 705600 0.4641536114899 [0 
487 328 198 167 825 463 7 510 51 681 864 12 870 831 178 317 635 323 477 359 911 45 56 24  [1;32 706800 0.49870632622858 [0 
487 345 198 167 825 463 7 510 51 681 864 281 311 831 178 317 896 323 350 722 911 45 56 24  [1;32 739200 0.50186293323504 [0 
487 345 198 167 858 463 7 510 51 681 864 281 311 831 178 317 896 323 350 722 911 45 56 24  [1;32 758400 0.53178869888532 [0 
487 345 198 167 858 463 7 510 835 681 864 281 311 831 178 317 896 323 481 722 911 45 56 24  [1;32 760800 0.54447466286729 [0 
487 345 198 167 858 463 7 510 835 681 864 281 311 831 111 317 896 323 481 722 911 45 56 24  [1;32 937200 0.57197258844854 [0 
seed 93
487 345 198 167 858 463 7 510 835 681 864 281 311 831 111 317 896 323 481 722 911 45 56 24 
1000 999 
best 0.57197258844854
 [0 
