1 853 3 4 5 6 7 8 489 10 11 12 13 14 705 16 604 18 19 150 21 22 23 689  [1;32 97200 0.022070297981676 [0 
1 853 3 4 397 257 7 8 489 10 11 12 13 14 705 16 363 18 19 214 21 22 23 689  [1;32 129600 0.18746780803311 [0 
1 853 3 248 397 257 7 520 489 293 11 12 13 14 705 16 363 18 19 214 21 22 23 689  [1;32 182400 0.21226848645515 [0 
1 853 3 138 397 257 7 520 489 293 911 12 13 14 705 16 363 580 19 214 21 22 23 689  [1;32 296400 0.3363041958362 [0 
1 853 3 138 397 257 7 520 472 293 911 12 13 14 705 16 363 580 19 214 21 181 763 689  [1;32 1386000 0.36165718811502 [0 
seed 12
1 853 3 138 397 257 7 520 472 293 911 12 13 14 705 16 363 580 19 214 21 181 763 689 
1000 999 
best 0.36165718811502
 [0 
