1 2 3 4 5 6 7 8 9 10 11 12 13 14 15 16 17 18 19 20 21 22 23 24  [1;32 1200 0.12952036945467 [0 
1 2 484 4 5 6 7 8 9 296 11 12 416 14 15 16 2 18 19 874 21 22 23 24  [1;32 703200 0.32446800069602 [0 
1 2 484 96 5 6 7 8 9 296 11 12 416 14 15 16 2 18 19 874 21 22 23 24  [1;32 706800 0.32462680021216 [0 
1 2 484 994 5 6 7 8 9 278 11 12 416 14 15 16 2 18 19 874 21 22 23 24  [1;32 712800 0.32699550484814 [0 
748 2 127 994 5 6 7 62 127 594 11 12 416 15 15 16 2 18 19 874 21 22 23 24  [1;32 782400 0.45096282207891 [0 
276 2 127 48 237 960 7 438 127 594 11 12 416 15 15 16 2 18 19 874 21 22 23 24  [1;32 838800 0.45109173990091 [0 
276 947 127 203 237 960 571 438 127 594 11 12 416 65 652 884 2 18 19 874 21 22 23 24  [1;32 847200 0.68420027261779 [0 
276 947 127 203 237 960 571 438 127 594 11 12 416 65 652 884 2 18 19 874 21 22 23 24  [1;32 848400 0.81793458422596 [0 
seed 55
276 947 127 203 237 960 571 438 127 594 11 12 416 65 652 884 2 18 19 874 21 22 23 24 
1000 999 
best 0.81793458422596
 [0 
