1 2 3 4 5 6 7 8 9 10 11 12 13 14 15 16 17 18 19 20 21 22 23 24 [1;32m1200 0.063476143844572[0m
1 2 3 4 5 6 7 8 9 10 11 12 13 14 15 16 17 18 19 20 21 22 23 24 [1;32m2400 0.096833719512559[0m
1 2 3 4 5 6 7 8 9 10 11 12 13 14 15 16 17 18 19 20 21 22 23 24 [1;32m3600 0.18312551917404[0m
1 2 3 4 5 6 7 8 145 10 11 12 13 656 15 16 17 18 19 20 21 22 787 350 [1;32m13200 0.20942690167166[0m
1 2 3 778 5 6 7 8 145 10 11 12 13 656 15 16 17 18 19 20 21 22 787 350 [1;32m24000 0.24892808856678[0m
1 332 3 778 5 6 7 8 145 10 11 12 13 656 15 16 17 18 19 20 21 22 787 350 [1;32m30000 0.25569786734441[0m
272 332 3 778 5 6 7 8 145 10 712 12 13 656 15 186 17 18 19 979 21 22 787 350 [1;32m44400 0.28216874288703[0m
272 180 3 778 5 6 7 8 145 10 712 12 13 656 15 186 17 18 19 979 22 22 787 350 [1;32m591600 0.28849485560662[0m
272 180 3 778 5 6 7 8 145 10 712 12 13 656 15 186 17 18 911 979 22 22 787 350 [1;32m825600 0.29709209166234[0m
272 532 3 352 5 6 7 8 145 10 712 12 13 656 15 186 17 18 911 894 22 22 787 350 [1;32m1009200 0.31784227399561[0m
272 532 3 352 5 6 7 8 145 775 712 12 13 656 15 186 811 18 170 894 188 22 787 350 [1;32m1011600 0.33937255814883[0m
994 532 790 352 5 6 7 8 145 775 712 12 13 656 15 186 406 18 170 894 618 22 787 353 [1;32m1018800 0.34237267085298[0m
994 532 790 352 5 6 7 8 145 775 712 12 13 656 15 186 242 18 170 894 618 22 787 353 [1;32m1022400 0.36260374095593[0m
994 532 790 352 5 169 7 705 145 775 712 12 13 891 15 186 13 18 170 894 618 22 296 353 [1;32m1056000 0.37423885380538[0m
238 532 790 352 121 169 689 705 145 775 712 12 13 891 15 705 13 528 170 894 618 22 296 119 [1;32m1120800 0.37898705170747[0m
238 893 790 352 121 169 689 705 145 775 712 12 13 891 15 705 13 528 702 894 618 22 561 119 [1;32m1165200 0.39631971742582[0m
238 893 790 352 120 169 689 705 145 775 712 12 13 891 15 705 13 528 702 894 618 22 561 119 [1;32m1171200 0.43091950594693[0m
238 893 790 352 120 169 145 705 145 775 712 12 13 891 15 705 13 528 702 894 618 22 561 119 [1;32m1178400 0.43545525939415[0m
3 8 790 352 120 169 472 656 145 811 712 12 13 891 15 705 13 528 702 894 618 22 561 119 [1;32m1180800 0.44590296741711[0m
3 8 790 352 120 169 472 656 145 811 712 12 13 891 15 705 13 528 702 894 618 22 561 119 [1;32m1182000 0.45464739731718[0m
975 8 790 36 120 169 472 656 145 811 352 12 13 891 127 705 13 528 702 894 618 22 561 386 [1;32m1220400 0.45662188224658[0m
975 8 790 36 120 169 472 656 145 811 352 12 13 891 127 705 13 528 702 894 618 22 561 386 [1;32m1221600 0.46260126227444[0m
946 8 741 36 120 169 746 656 145 811 352 12 13 891 127 787 13 528 702 894 618 22 561 157 [1;32m1264800 0.46307213288849[0m
946 8 741 36 120 169 746 8 145 811 352 12 13 891 127 787 13 528 702 894 618 22 561 157 [1;32m1310400 0.46669436876975[0m
946 8 741 36 120 169 746 8 477 811 352 12 13 891 127 418 13 528 702 894 618 22 561 157 [1;32m1352400 0.47040191731686[0m
946 8 741 36 120 169 746 8 477 811 352 12 13 891 127 418 687 727 702 894 618 22 561 157 [1;32m1407600 0.47265591823713[0m
seed 18
946 8 741 36 120 169 746 8 477 811 352 12 13 891 127 418 687 727 702 894 618 22 561 157 
1000 999 
best 0.47265591823713
[0m
