1 2 3 4 5 6 7 8 9 10 11 12 13 14 15 16 17 18 19 20 21 22 23 24  [1;32 1200 0.00082511167866957 [0 
1 2 714 4 5 463 7 32 591 10 11 12 13 14 15 16 17 18 19 20 89 22 23 340  [1;32 75600 0.025151732151758 [0 
1 2 714 4 5 463 7 32 591 10 11 12 13 14 15 16 17 18 19 20 89 22 72 340  [1;32 124800 0.32848822327776 [0 
832 2 714 247 5 192 7 32 591 10 11 521 13 14 15 445 17 18 19 20 89 22 914 340  [1;32 530400 0.33897402086724 [0 
832 2 714 247 5 192 7 32 591 10 11 521 13 14 15 445 17 18 19 20 89 22 914 340  [1;32 531600 0.40201074260241 [0 
303 2 714 247 5 192 7 32 980 10 11 521 13 14 15 445 17 18 19 20 89 22 914 340  [1;32 536400 0.64919879922112 [0 
355 2 714 258 5 192 7 32 660 10 11 521 13 14 15 445 17 18 19 20 89 139 914 340  [1;32 562800 0.70027511228062 [0 
355 2 714 258 5 192 7 32 660 650 11 521 13 14 15 445 17 18 19 20 89 139 914 340  [1;32 626400 0.73481923640547 [0 
355 2 714 258 5 192 7 32 660 650 11 521 13 14 15 815 901 18 19 410 89 542 914 340  [1;32 655200 0.76759955692742 [0 
355 2 714 258 5 192 7 32 660 650 11 521 13 14 15 815 901 18 19 410 89 542 914 340  [1;32 656400 0.82456531374112 [0 
355 2 714 258 5 192 7 32 660 650 11 521 454 14 15 815 901 18 19 410 89 542 914 340  [1;32 669600 0.86842739091786 [0 
355 2 714 258 5 192 7 244 660 70 11 521 454 14 15 815 901 18 19 410 89 542 914 554  [1;32 678000 0.87890590001075 [0 
355 872 871 422 5 192 7 244 660 70 11 521 323 14 15 815 901 695 19 410 89 542 914 554  [1;32 694800 0.87954640558071 [0 
355 872 871 422 5 192 7 244 660 70 11 521 323 14 15 815 901 695 19 410 89 542 914 554  [1;32 696000 0.89368675005256 [0 
482 872 871 355 247 192 7 244 660 70 11 521 323 14 115 815 2 695 19 410 89 542 914 554  [1;32 766800 0.90737440393943 [0 
seed 52
482 872 871 355 247 192 7 244 660 70 11 521 323 14 115 815 2 695 19 410 89 542 914 554 
1000 999 
best 0.90737440393943
 [0 
