1 2 3 4 5 6 7 8 9 10 11 12 13 14 15 16 17 18 19 20 21 22 23 24  [1;32 1200 0.49372415079322 [0 
1 2 3 4 5 6 7 8 9 10 11 12 13 14 15 16 17 18 19 20 21 22 23 24  [1;32 2400 0.49541724674085 [0 
1 2 3 4 5 6 7 8 9 10 11 12 13 14 15 16 17 18 19 20 21 22 23 24  [1;32 3600 0.49542092273663 [0 
369 681 3 793 5 6 7 8 9 10 11 12 13 14 15 16 17 18 19 20 21 268 401 854  [1;32 177600 0.49770295482593 [0 
369 681 3 793 5 6 7 8 9 10 11 12 13 14 15 16 17 18 19 20 21 268 401 854  [1;32 178800 0.51109907987126 [0 
369 681 3 793 5 6 7 737 9 10 11 12 13 14 15 16 17 18 19 20 21 268 401 416  [1;32 182400 0.52599569686761 [0 
369 681 3 793 5 6 7 737 9 10 11 12 13 14 15 16 17 18 19 20 21 268 401 416  [1;32 183600 0.53576632344749 [0 
369 681 3 793 5 11 7 316 9 10 11 12 13 14 15 16 17 18 641 20 21 268 401 416  [1;32 189600 0.55813413265535 [0 
369 681 3 793 5 11 7 316 9 10 11 12 13 14 277 16 17 125 641 20 760 268 401 416  [1;32 218400 0.5804348906824 [0 
369 681 3 793 5 11 448 316 9 825 11 12 13 14 277 89 17 125 641 20 760 268 401 400  [1;32 244800 0.59453594484009 [0 
369 681 3 793 5 714 448 316 9 825 200 12 13 14 342 89 17 125 641 194 760 268 401 948  [1;32 330000 0.61111778929725 [0 
369 681 3 793 5 714 448 316 9 825 200 12 13 14 342 89 675 125 641 194 760 268 401 895  [1;32 337200 0.64886545261798 [0 
369 681 973 793 5 714 404 829 9 825 200 12 175 14 342 89 675 125 641 194 206 268 18 895  [1;32 416400 0.70105329802395 [0 
369 681 258 518 5 714 404 584 9 354 200 12 175 14 342 89 675 480 641 344 206 268 18 895  [1;32 481200 0.73921003358267 [0 
369 681 258 518 5 714 404 584 505 954 200 12 175 14 342 324 675 480 641 344 206 207 18 56  [1;32 542400 0.8421315492769 [0 
369 681 258 518 346 714 404 584 505 954 200 12 175 270 342 324 675 480 641 344 206 207 802 813  [1;32 1072800 0.84864871512994 [0 
seed 30
369 681 258 518 346 714 404 584 505 954 200 12 175 270 342 324 675 480 641 344 206 207 802 813 
1000 999 
best 0.84864871512994
 [0 
