1 2 3 4 5 6 7 8 9 10 11 12 13 14 15 16 17 18 19 20 21 22 23 24 [1;32m1200 0.31375053322233[0m
1 2 3 4 5 140 7 8 9 10 11 12 13 14 15 16 17 18 38 20 21 22 23 334 [1;32m4800 0.31695522060784[0m
1 2 3 4 5 325 901 8 9 10 11 12 13 991 15 16 17 18 38 650 21 22 23 334 [1;32m24000 0.31986110436913[0m
1 2 3 4 277 325 901 8 9 10 11 12 13 858 15 178 486 18 38 650 151 22 23 334 [1;32m39600 0.33046386514386[0m
1 2 3 4 277 325 156 8 9 10 11 12 13 858 15 178 486 18 38 650 151 22 23 697 [1;32m42000 0.37905731295991[0m
1 2 3 4 277 325 241 8 9 10 11 12 13 858 15 178 486 18 38 650 151 22 23 697 [1;32m51600 0.39111035579378[0m
878 2 3 4 520 325 241 34 9 10 11 139 13 858 821 178 486 18 38 650 151 22 23 697 [1;32m1077600 0.40203824705086[0m
878 2 3 4 41 325 671 106 9 10 11 139 13 858 821 178 486 18 38 650 151 112 23 697 [1;32m1305600 0.41212921730347[0m
seed 56
878 2 3 4 41 325 671 106 9 10 11 139 13 858 821 178 486 18 38 650 151 112 23 697 
1000 999 
best 0.41212921730347
[0m
