1 2 3 4 5 6 7 8 9 10 11 12 13 14 15 16 17 18 19 20 21 22 23 24  [1;32 1200 0.063319820385551 [0 
1 2 3 4 5 6 7 8 127 823 11 643 13 14 15 16 421 18 121 20 21 22 23 24  [1;32 14400 0.31471396300261 [0 
1 2 3 4 685 409 7 8 127 823 11 643 13 14 15 16 421 18 756 392 552 22 23 24  [1;32 25200 0.41694601905854 [0 
388 877 3 4 685 409 7 8 943 823 11 643 13 14 15 16 421 18 756 864 552 22 36 24  [1;32 32400 0.61112904789339 [0 
388 877 3 4 685 409 7 8 943 823 11 643 13 14 15 16 421 18 756 864 552 22 36 24  [1;32 33600 0.72667228641913 [0 
388 877 3 4 685 409 7 8 943 823 11 643 13 14 15 16 421 18 756 864 552 22 36 62  [1;32 50400 0.7802011846694 [0 
388 877 3 4 685 371 7 8 943 823 11 643 13 14 620 16 812 18 120 864 126 929 36 62  [1;32 56400 0.83526315522574 [0 
388 877 3 4 685 371 7 849 943 823 11 643 13 14 620 16 812 18 120 864 126 999 36 62  [1;32 68400 0.8410093961279 [0 
388 877 3 4 685 371 7 849 943 823 11 643 13 14 620 16 812 18 120 998 126 999 36 62  [1;32 75600 0.85337838433382 [0 
388 877 3 193 685 371 7 341 932 823 11 643 13 14 620 16 730 18 120 998 126 999 36 62  [1;32 276000 0.85371978647287 [0 
388 877 3 193 685 371 7 341 932 823 11 643 13 14 620 16 730 342 120 998 126 999 36 62  [1;32 302400 0.87490035609027 [0 
388 877 3 193 685 77 7 341 932 823 11 643 981 701 620 648 730 342 120 998 126 999 36 62  [1;32 352800 0.87742735209852 [0 
388 877 3 193 685 77 7 341 932 823 11 643 981 701 620 648 730 342 120 998 325 999 36 62  [1;32 368400 0.87832510518698 [0 
388 877 3 193 685 77 7 341 932 823 11 643 981 701 620 648 730 342 120 998 663 999 36 60  [1;32 438000 0.88028444204351 [0 
388 11 3 659 685 661 7 30 932 823 11 643 981 701 620 648 730 342 120 998 663 999 36 60  [1;32 559200 0.88118755041894 [0 
388 11 3 659 685 661 7 30 932 823 11 643 981 701 620 648 730 342 120 998 663 131 36 60  [1;32 562800 0.88254950219033 [0 
388 11 3 659 685 661 7 30 932 823 618 643 981 701 620 648 730 342 790 998 663 131 36 60  [1;32 696000 0.88382427853537 [0 
446 11 3 659 685 635 847 570 932 823 618 643 981 701 412 699 730 342 790 998 663 131 36 60  [1;32 720000 0.8856078431457 [0 
446 11 3 659 685 134 847 570 932 823 618 643 981 701 412 699 730 342 790 998 663 259 36 60  [1;32 723600 0.89716223402282 [0 
446 11 3 659 685 134 847 570 932 823 618 643 462 701 412 699 429 342 790 998 663 259 36 60  [1;32 732000 0.8976327608596 [0 
446 11 3 659 685 134 247 570 932 823 870 643 462 701 412 699 429 342 35 998 663 259 36 60  [1;32 1098000 0.89998774793958 [0 
446 11 3 659 685 134 929 570 932 823 870 643 462 701 412 699 429 342 35 998 663 259 36 60  [1;32 1341600 0.90282480362067 [0 
seed 91
446 11 3 659 685 134 929 570 932 823 870 643 462 701 412 699 429 342 35 998 663 259 36 60 
1000 999 
best 0.90282480362067
 [0 
