1 2 3 4 5 6 7 8 9 10 11 12 13 14 15 16 17 18 19 20 21 22 23 24 [1;32m1200 0.10194820907962[0m
1 2 3 4 5 6 7 8 9 10 11 12 13 14 15 16 17 18 19 20 21 22 23 24 [1;32m2400 0.14326816040708[0m
207 2 778 4 5 446 7 8 9 10 11 12 13 14 15 16 17 18 576 20 21 22 729 24 [1;32m4800 0.18652269751857[0m
207 2 778 4 5 446 7 8 9 10 11 12 13 14 15 16 17 18 576 20 21 22 729 24 [1;32m6000 0.20428582766586[0m
207 2 778 4 5 446 7 154 9 10 11 12 13 14 15 468 17 18 576 20 21 22 729 24 [1;32m27600 0.30072669774175[0m
207 2 778 393 5 446 7 154 9 900 11 12 13 14 15 258 17 18 106 20 21 633 729 24 [1;32m42000 0.30573598687523[0m
207 2 778 393 5 446 7 154 9 900 11 12 13 14 15 892 17 18 216 222 21 633 729 24 [1;32m44400 0.30886772977566[0m
207 2 983 393 5 446 7 154 9 900 11 12 914 14 15 892 17 18 216 429 21 714 729 24 [1;32m46800 0.34048709440038[0m
207 2 983 393 5 446 7 154 9 900 11 12 914 14 15 892 17 18 216 398 21 714 729 62 [1;32m49200 0.37450911557858[0m
207 2 983 393 5 446 7 154 9 741 11 12 914 806 442 429 17 18 216 398 21 714 729 852 [1;32m644400 0.3781567634358[0m
207 2 483 393 5 446 174 154 9 741 11 103 914 207 442 429 17 18 216 398 21 714 729 852 [1;32m729600 0.38206232223042[0m
207 2 483 393 5 446 174 154 9 741 11 103 914 207 442 429 17 18 216 398 21 714 729 852 [1;32m730800 0.38888365082807[0m
207 2 483 393 5 446 174 154 9 741 11 103 914 207 442 429 17 18 216 398 21 714 729 852 [1;32m732000 0.39135562211509[0m
207 2 986 393 5 632 174 154 57 113 11 103 914 207 442 429 17 18 973 398 21 714 729 180 [1;32m848400 0.41109449346351[0m
207 2 986 393 5 632 174 154 57 113 11 103 914 628 442 429 17 18 973 398 21 714 729 180 [1;32m855600 0.41283699207221[0m
207 2 986 393 41 632 174 154 57 113 11 103 835 628 442 429 17 18 973 398 21 714 729 931 [1;32m868800 0.44105782393891[0m
207 2 986 193 41 632 174 154 57 113 11 103 835 628 442 81 17 18 20 398 21 714 729 931 [1;32m889200 0.4433881991693[0m
207 2 862 144 41 632 174 154 57 219 11 103 835 628 442 81 17 18 20 398 21 714 729 931 [1;32m991200 0.4468446340193[0m
207 2 862 519 41 632 174 154 57 302 11 103 835 628 740 81 17 18 20 299 21 714 729 931 [1;32m1004400 0.46567789101952[0m
207 2 862 519 41 632 174 154 57 302 11 103 835 628 740 81 17 18 20 299 21 714 729 931 [1;32m1005600 0.46815759314313[0m
64 2 862 519 41 227 174 154 57 302 11 103 835 628 740 81 17 291 20 299 21 381 729 931 [1;32m1093200 0.47889693334805[0m
137 2 862 519 41 227 174 154 57 302 11 473 835 628 740 81 17 291 20 378 988 381 729 931 [1;32m1111200 0.49719605322885[0m
137 2 862 519 41 227 174 154 57 302 11 473 333 746 740 81 17 291 20 378 988 381 729 931 [1;32m1122000 0.50121354504201[0m
137 2 862 519 41 227 174 409 57 302 281 473 333 746 740 81 17 291 20 378 988 381 729 931 [1;32m1221600 0.51851238387612[0m
137 2 862 519 41 227 174 409 57 302 281 473 333 746 740 81 17 291 20 378 988 985 729 931 [1;32m1290000 0.53183781359536[0m
137 912 862 519 41 227 174 409 57 302 281 473 737 746 740 81 17 983 20 378 988 991 729 931 [1;32m1357200 0.53522922796468[0m
seed 28
137 912 862 519 41 227 174 409 57 302 281 473 737 746 740 81 17 983 20 378 988 991 729 931 
1000 999 
best 0.53522922796468
[0m
