1 2 3 4 5 6 7 8 9 10 11 12 13 14 15 16 17 18 19 20 21 22 23 24  [1;32 1200 0.38731217994958 [0 
1 2 3 4 5 6 7 8 9 10 11 12 13 14 15 16 17 18 19 20 21 22 23 24  [1;32 2400 0.5006564184588 [0 
1 2 3 4 5 6 7 8 9 10 11 12 13 14 15 16 17 18 19 20 21 22 23 24  [1;32 3600 0.50084789038538 [0 
1 2 3 4 5 6 7 8 9 10 11 12 13 14 15 16 17 18 19 20 21 22 23 24  [1;32 4800 0.5068626991474 [0 
1 2 3 4 5 6 7 8 9 10 11 12 13 14 15 16 17 18 19 20 21 22 23 24  [1;32 6000 0.52606103846334 [0 
1 2 3 4 963 6 7 8 40 10 11 12 13 14 15 16 17 18 85 920 21 22 619 24  [1;32 10800 0.59301608239189 [0 
1 2 3 4 963 6 7 8 40 10 11 12 13 14 15 16 17 18 85 920 21 22 619 24  [1;32 12000 0.59877179292973 [0 
1 2 3 4 963 6 7 8 40 10 11 12 13 14 15 16 17 18 85 920 21 22 619 24  [1;32 13200 0.6221796329924 [0 
1 2 3 4 963 6 7 8 40 10 11 738 13 14 15 16 17 18 85 920 21 22 619 24  [1;32 30000 0.62802643011525 [0 
1 2 3 4 963 6 7 8 40 10 11 738 13 14 15 16 17 18 85 920 21 22 619 24  [1;32 31200 0.65109110975223 [0 
1 2 619 4 963 6 7 8 878 10 11 738 13 14 15 16 17 549 85 920 21 22 619 24  [1;32 33600 0.67084504404306 [0 
1 2 619 4 963 6 836 8 878 10 11 738 13 14 15 16 17 549 85 920 21 22 893 24  [1;32 163200 0.69997331512726 [0 
1 2 619 4 963 6 836 8 878 10 11 738 13 14 15 16 17 549 85 920 21 22 893 24  [1;32 164400 0.73555210874076 [0 
1 2 619 4 963 6 836 8 878 10 11 738 13 14 15 16 17 549 85 920 21 22 893 24  [1;32 165600 0.78294984752819 [0 
seed 76
1 2 619 4 963 6 836 8 878 10 11 738 13 14 15 16 17 549 85 920 21 22 893 24 
1000 999 
best 0.78294984752819
 [0 
