1 2 3 4 5 6 7 8 9 10 11 12 13 14 15 16 17 18 19 20 21 22 23 24 [1;32m1200 0.077406817509424[0m
1 2 3 4 5 6 146 8 9 10 11 12 13 14 15 584 17 18 19 20 21 22 23 24 [1;32m157200 0.41424965183648[0m
1 2 3 4 5 6 146 8 9 10 11 12 13 14 15 584 17 18 19 20 21 22 23 24 [1;32m158400 0.44808730695538[0m
1 431 3 4 5 6 146 8 609 10 11 12 13 14 768 584 17 18 19 20 21 22 23 24 [1;32m184800 0.55751933142456[0m
1 431 3 4 5 6 146 8 609 10 11 12 13 14 768 584 17 18 19 20 21 22 23 24 [1;32m186000 0.60476846134873[0m
143 431 3 202 982 6 146 573 609 10 11 115 13 14 768 584 17 18 19 20 21 22 23 24 [1;32m193200 0.74316899257567[0m
143 431 3 202 982 6 146 573 609 10 11 115 13 14 768 584 17 18 19 20 21 22 23 24 [1;32m194400 0.80765190367201[0m
896 431 3 202 982 6 146 978 609 10 792 115 155 14 768 584 17 18 19 20 21 22 23 24 [1;32m206400 0.83288494371167[0m
896 431 3 202 982 6 146 978 609 10 792 115 155 14 768 584 17 18 19 20 21 22 23 24 [1;32m207600 0.85529317047663[0m
896 431 3 202 982 6 146 978 609 10 792 115 155 14 768 584 17 18 19 20 21 22 23 24 [1;32m208800 0.8604957238469[0m
896 431 3 202 982 6 146 978 609 10 792 115 155 14 517 584 563 18 19 20 21 22 23 24 [1;32m211200 0.88407542637417[0m
896 431 3 202 982 6 146 978 609 10 792 509 155 14 517 584 563 861 19 20 21 22 23 854 [1;32m253200 0.88473565228394[0m
896 431 3 242 169 6 146 978 609 10 792 509 155 14 517 584 563 861 19 20 21 22 23 854 [1;32m312000 0.88507313193113[0m
896 431 3 242 169 6 146 978 609 10 244 509 155 14 769 584 563 357 540 20 21 22 23 854 [1;32m366000 0.88549868794719[0m
217 431 585 242 169 6 146 14 609 10 244 509 155 14 769 584 563 357 540 20 21 609 23 854 [1;32m453600 0.8887533525885[0m
seed 58
217 431 585 242 169 6 146 14 609 10 244 509 155 14 769 584 563 357 540 20 21 609 23 854 
1000 999 
best 0.8887533525885
[0m
