1 2 3 4 5 6 7 8 9 10 11 12 13 14 15 16 17 18 19 20 21 22 23 24 [1;32m1200 0.44402852671222[0m
1 2 3 4 5 6 7 8 9 10 11 12 13 14 15 16 17 18 19 20 21 22 23 24 [1;32m2400 0.44759699723072[0m
1 2 3 4 5 6 7 8 9 10 11 12 13 14 15 16 17 18 19 20 21 22 23 24 [1;32m3600 0.44859212840334[0m
1 2 3 4 5 6 7 8 9 10 11 12 13 14 15 16 17 18 19 20 21 22 23 24 [1;32m4800 0.4491820552935[0m
1 2 3 4 5 6 223 8 9 10 11 12 492 14 15 16 717 18 258 20 21 559 23 24 [1;32m81600 0.52156252665306[0m
1 2 3 4 446 6 223 8 9 10 11 12 492 14 15 16 910 18 258 20 21 559 23 24 [1;32m85200 0.54806478914337[0m
1 2 3 4 446 6 223 8 9 875 11 12 387 955 15 16 229 18 367 20 580 559 23 24 [1;32m104400 0.63236452098117[0m
1 2 3 4 446 6 223 8 9 875 11 12 208 955 15 16 229 18 367 20 580 712 89 24 [1;32m115200 0.65906068629886[0m
1 2 3 4 446 6 223 8 48 875 11 12 208 955 15 16 229 18 367 800 580 20 89 24 [1;32m121200 0.83163582576999[0m
1 2 3 4 482 6 223 8 181 875 11 12 208 955 15 16 229 18 367 800 222 20 89 24 [1;32m127200 0.89359830634156[0m
1 2 3 4 482 173 223 8 181 875 11 12 208 955 15 16 229 18 367 800 222 20 89 24 [1;32m279600 0.8941796796154[0m
1 233 3 4 482 173 223 8 181 875 11 12 208 955 15 16 229 18 367 800 222 20 89 24 [1;32m536400 0.89573338453613[0m
1 233 3 4 577 173 223 8 181 875 11 12 208 955 15 16 229 18 367 800 222 20 89 24 [1;32m742800 0.90009849994164[0m
1 233 3 4 92 173 223 8 181 875 11 969 208 955 15 882 229 18 823 800 222 20 89 448 [1;32m847200 0.90025320175418[0m
seed 81
1 233 3 4 92 173 223 8 181 875 11 969 208 955 15 882 229 18 823 800 222 20 89 448 
1000 999 
best 0.90025320175418
[0m
