1 2 3 4 5 6 7 8 9 10 11 12 13 14 15 16 17 18 19 20 21 22 23 24 [1;32m1200 0.092644197423136[0m
1 2 722 4 5 6 7 8 9 10 11 12 13 14 15 16 17 18 19 20 21 22 23 24 [1;32m3600 0.11338440152711[0m
1 2 722 4 5 6 7 8 9 10 11 12 13 14 15 16 17 18 19 20 21 22 23 24 [1;32m4800 0.15870695362964[0m
1 2 722 4 781 6 7 8 9 10 279 12 878 14 15 16 17 18 19 20 21 22 23 24 [1;32m30000 0.18019121310095[0m
1 2 413 4 781 6 7 8 9 10 279 12 878 14 15 232 17 18 19 20 21 22 23 24 [1;32m58800 0.18825148430925[0m
1 2 413 4 781 6 7 8 9 10 279 412 878 14 15 232 17 200 19 20 21 22 366 24 [1;32m146400 0.20765215151925[0m
1 2 413 640 781 34 7 8 9 10 714 625 878 14 15 232 17 200 19 20 21 22 366 24 [1;32m206400 0.21140677139716[0m
1 2 413 688 781 34 7 804 776 10 714 625 878 14 15 349 17 200 19 20 21 22 243 24 [1;32m343200 0.23293739159911[0m
1 2 413 688 167 34 7 804 776 250 714 625 878 14 15 349 17 200 19 20 21 772 243 24 [1;32m416400 0.32893705454975[0m
1 2 767 688 167 34 7 804 333 250 26 625 407 14 15 701 17 802 19 20 21 772 243 24 [1;32m418800 0.35595925222021[0m
1 2 767 688 167 34 7 804 333 250 26 625 407 14 15 701 17 802 19 20 21 772 243 24 [1;32m420000 0.36246623423847[0m
1 2 767 688 167 34 272 804 333 250 26 625 407 14 15 701 17 802 19 20 21 772 243 24 [1;32m422400 0.37066104018758[0m
1 918 767 688 167 34 272 804 333 250 26 625 407 14 15 701 17 802 19 829 21 772 243 24 [1;32m424800 0.38476331998176[0m
1 918 767 688 167 34 272 804 520 250 26 625 407 14 15 701 17 10 19 829 21 772 243 24 [1;32m499200 0.39037930349499[0m
1 918 767 688 167 34 272 804 520 250 26 625 407 14 15 701 17 10 19 829 21 772 243 24 [1;32m500400 0.41529697493065[0m
1 342 767 688 167 34 272 804 520 250 26 625 407 14 15 701 17 10 19 829 21 772 243 565 [1;32m870000 0.41779890506269[0m
1 342 767 688 747 34 272 804 520 250 622 759 407 14 15 701 776 10 19 829 911 772 243 565 [1;32m872400 0.46707387880739[0m
1 342 767 688 747 934 272 804 520 250 622 759 407 14 15 701 776 10 19 122 911 772 243 565 [1;32m884400 0.49107421974658[0m
1 342 767 240 747 934 118 804 520 250 622 759 407 14 15 248 133 10 19 707 911 772 243 565 [1;32m1000800 0.51525752207838[0m
312 342 767 240 747 173 118 804 520 250 622 759 221 14 15 248 133 10 19 707 911 772 243 565 [1;32m1058400 0.51828590051936[0m
312 342 767 240 747 173 118 804 520 250 622 759 221 14 15 248 133 10 19 707 911 772 243 565 [1;32m1059600 0.52051444993735[0m
312 342 767 240 747 173 385 804 520 250 622 759 221 14 15 248 133 10 19 707 911 772 243 565 [1;32m1062000 0.52798578235381[0m
312 342 767 240 747 173 896 804 520 250 622 434 221 14 15 248 133 10 19 707 911 772 243 565 [1;32m1077600 0.56750454255837[0m
seed 16
312 342 767 240 747 173 896 804 520 250 622 434 221 14 15 248 133 10 19 707 911 772 243 565 
1000 999 
best 0.56750454255837
[0m
