1 2 3 4 5 6 7 8 9 10 11 12 13 14 15 16 17 18 19 20 21 22 23 24  [1;32 1200 0.20319698273349 [0 
1 2 3 4 5 6 7 8 9 10 11 12 13 14 15 16 17 18 19 20 21 22 23 351  [1;32 3600 0.21220439306906 [0 
1 2 3 184 5 6 7 8 9 10 11 12 13 14 512 16 17 18 19 20 21 271 23 351  [1;32 14400 0.24516447157221 [0 
1 2 3 184 5 6 7 8 9 10 541 443 13 293 512 16 17 18 19 20 21 788 23 351  [1;32 63600 0.25730469654205 [0 
1 2 374 184 5 6 7 8 9 10 301 443 13 695 512 16 17 18 19 20 21 788 23 351  [1;32 128400 0.28791042535481 [0 
1 2 374 184 5 6 7 8 9 10 301 443 13 695 512 16 17 142 19 20 21 788 23 351  [1;32 168000 0.33163291245559 [0 
1 702 374 184 5 6 7 8 9 10 301 244 834 695 512 361 17 142 611 20 21 788 23 763  [1;32 236400 0.37909866010566 [0 
1 702 374 184 5 6 7 8 9 10 301 244 834 695 512 361 17 142 611 20 21 788 23 763  [1;32 237600 0.3945669503736 [0 
1 702 374 184 5 6 7 8 9 10 301 244 834 695 512 361 17 142 611 20 21 788 23 763  [1;32 238800 0.47288720885968 [0 
1 702 374 184 5 6 7 8 9 10 301 244 834 695 512 361 17 142 611 20 21 788 23 763  [1;32 240000 0.58585703883371 [0 
1 702 374 184 5 6 7 8 9 10 301 244 834 695 512 361 17 142 611 20 21 788 23 763  [1;32 241200 0.60194401831042 [0 
1 702 374 184 5 6 7 8 9 10 301 244 834 905 512 361 17 142 611 20 21 762 23 763  [1;32 276000 0.61209494146665 [0 
1 326 374 184 5 6 7 8 9 10 301 244 834 905 512 361 17 142 611 20 21 762 23 763  [1;32 314400 0.62604824999696 [0 
1 326 374 184 5 6 7 8 853 10 301 244 834 905 512 361 17 142 611 20 21 762 23 763  [1;32 324000 0.62646861970774 [0 
1 326 374 184 5 6 7 8 853 10 301 244 834 905 512 361 17 142 611 20 21 762 978 763  [1;32 336000 0.63148058490034 [0 
1 326 421 184 5 6 7 8 853 10 501 697 834 905 512 361 17 206 611 20 21 762 978 763  [1;32 388800 0.6596139952196 [0 
1 326 421 184 5 6 7 442 853 10 501 697 834 905 512 361 17 206 611 20 21 215 998 763  [1;32 661200 0.66047493040864 [0 
1 326 421 184 480 6 7 296 853 10 501 697 962 905 512 361 17 206 611 116 21 215 998 400  [1;32 852000 0.66436908369468 [0 
1 326 331 239 480 6 7 296 853 10 501 107 962 905 512 361 17 496 611 255 21 215 998 358  [1;32 1252800 0.85897035720731 [0 
1 171 331 239 480 6 383 296 853 10 501 107 962 905 512 361 83 496 611 186 21 215 335 358  [1;32 1377600 0.86956237885464 [0 
seed 84
1 171 331 239 480 6 383 296 853 10 501 107 962 905 512 361 83 496 611 186 21 215 335 358 
1000 999 
best 0.86956237885464
 [0 
