1 2 3 4 5 6 7 8 9 10 11 12 13 14 15 16 17 18 19 20 21 22 23 24 [1;32m1200 0.0049541422096013[0m
1 127 3 4 5 6 7 8 9 10 264 12 13 14 15 16 17 18 378 20 21 771 23 24 [1;32m122400 0.81261250585882[0m
1 127 3 4 5 6 7 8 9 10 264 12 13 14 15 16 17 18 378 20 21 771 23 24 [1;32m123600 0.83656413420994[0m
1 127 3 4 5 6 7 8 9 10 264 12 13 14 15 16 17 18 378 20 21 771 23 24 [1;32m124800 0.88948081670371[0m
241 127 3 4 5 6 7 8 9 10 264 12 13 14 15 16 17 18 378 20 21 771 23 24 [1;32m128400 0.88960241531328[0m
163 127 3 4 5 6 965 8 9 494 264 12 13 53 663 16 17 18 378 20 21 771 23 24 [1;32m130800 0.89397565307708[0m
163 127 3 743 5 6 965 8 9 494 426 12 13 53 663 722 767 729 378 20 263 771 23 24 [1;32m150000 0.90268232436139[0m
163 267 3 743 926 6 965 8 9 494 426 12 13 53 663 722 767 729 378 20 263 771 612 633 [1;32m175200 0.90495586244539[0m
163 241 3 743 926 6 965 8 9 494 426 12 13 53 663 722 767 729 378 20 263 771 612 633 [1;32m207600 0.90566725528932[0m
163 241 3 894 926 41 965 8 9 494 426 561 13 53 663 722 767 729 378 20 263 771 612 633 [1;32m242400 0.90578447053395[0m
163 241 3 894 926 41 965 162 9 494 426 561 13 53 663 722 767 729 378 20 263 771 612 633 [1;32m250800 0.90655053468229[0m
163 705 3 692 926 41 965 162 9 494 426 318 13 53 663 722 767 729 378 20 263 771 342 633 [1;32m613200 0.90778937820704[0m
seed 38
163 705 3 692 926 41 965 162 9 494 426 318 13 53 663 722 767 729 378 20 263 771 342 633 
1000 999 
best 0.90778937820704
[0m
