1 2 972 4 5 6 7 8 9 10 421 12 13 14 15 16 17 18 19 20 21 91 23 24  [1;32 28800 0.25167597153145 [0 
1 441 972 4 5 6 7 8 144 10 421 12 13 14 540 16 17 18 19 20 21 91 23 24  [1;32 100800 0.42270730719725 [0 
1 441 972 4 5 6 7 8 144 10 421 12 13 14 540 16 17 18 19 20 21 91 23 24  [1;32 102000 0.60710096574233 [0 
1 441 307 4 5 6 556 8 144 10 421 12 13 14 540 16 17 18 315 20 21 91 23 24  [1;32 115200 0.67662247738462 [0 
144 441 159 446 5 6 556 8 144 10 421 12 13 14 540 16 17 18 315 20 21 91 23 24  [1;32 246000 0.74429090491786 [0 
144 117 159 446 432 6 556 8 144 10 421 12 13 14 540 196 17 18 315 20 368 91 23 24  [1;32 328800 0.90761006145615 [0 
seed 42
144 117 159 446 432 6 556 8 144 10 421 12 13 14 540 196 17 18 315 20 368 91 23 24 
1000 999 
best 0.90761006145615
 [0 
