1 2 3 4 5 6 7 8 9 10 11 12 13 14 15 16 17 18 19 20 21 22 23 24 [1;32m1200 0.56703562116368[0m
1 2 942 4 843 6 7 8 9 687 11 12 13 14 15 16 17 18 19 20 21 22 23 24 [1;32m14400 0.57676778312113[0m
1 2 942 4 843 6 7 8 9 687 11 12 13 14 15 16 17 18 19 20 21 22 683 24 [1;32m40800 0.5777666405792[0m
1 2 942 4 843 6 7 8 9 687 11 12 13 14 15 16 949 18 19 20 21 22 683 24 [1;32m115200 0.64338418712678[0m
1 2 942 4 843 6 7 8 9 687 11 12 13 14 15 16 949 18 693 20 21 22 683 24 [1;32m120000 0.66518141177974[0m
383 2 767 992 843 6 7 8 9 687 11 12 13 14 15 16 949 18 693 20 21 22 683 24 [1;32m134400 0.70635700180775[0m
383 2 767 992 843 6 928 21 9 687 11 12 13 14 15 16 949 18 693 20 21 22 31 24 [1;32m206400 0.70991018777346[0m
383 2 767 992 843 6 928 21 9 687 11 12 13 14 15 16 949 18 693 20 21 22 31 24 [1;32m207600 0.72060896177587[0m
383 2 767 266 369 6 928 21 9 290 11 12 13 14 15 16 949 18 693 20 779 22 31 24 [1;32m285600 0.73977788038493[0m
383 2 767 631 369 6 928 21 9 290 11 12 13 14 15 16 949 709 693 20 779 22 128 24 [1;32m411600 0.7446708245825[0m
383 2 767 631 369 112 928 21 2 290 11 12 13 14 15 16 949 709 693 20 779 22 128 24 [1;32m644400 0.7447676912309[0m
781 2 767 631 369 112 928 21 2 290 11 221 13 14 15 16 949 709 693 20 779 533 150 24 [1;32m1190400 0.75383963408606[0m
seed 22
781 2 767 631 369 112 928 21 2 290 11 221 13 14 15 16 949 709 693 20 779 533 150 24 
1000 999 
best 0.75383963408606
[0m
