1 2 3 4 5 6 7 8 9 10 11 12 13 14 15 16 17 18 19 20 21 22 23 24  [1;32 1200 0.19199771837926 [0 
1 2 946 4 5 998 7 8 796 10 11 12 13 14 913 16 17 18 19 20 21 22 23 24  [1;32 7200 0.1951281552006 [0 
1 2 946 4 5 998 7 8 796 10 11 12 13 14 913 16 17 18 19 20 21 22 23 24  [1;32 8400 0.25907752219372 [0 
1 823 946 4 5 998 7 8 796 589 11 12 13 14 913 668 17 18 19 20 21 22 23 24  [1;32 14400 0.26970648990366 [0 
1 823 946 4 5 302 7 8 796 589 11 12 13 14 913 550 239 98 809 20 21 22 23 24  [1;32 21600 0.32801010249399 [0 
1 823 946 4 5 302 7 8 796 589 11 12 349 14 913 550 239 98 809 20 21 22 23 801  [1;32 39600 0.41503797958545 [0 
1 841 758 4 5 302 7 8 796 589 11 12 349 14 913 550 239 98 809 20 21 22 23 801  [1;32 288000 0.41748813799691 [0 
1 841 758 4 5 302 7 8 796 589 11 12 349 14 913 550 239 98 809 20 21 22 23 801  [1;32 289200 0.42674187550469 [0 
1 841 758 4 5 237 7 8 796 589 11 12 349 14 913 550 239 98 809 660 21 22 23 801  [1;32 387600 0.46770638323307 [0 
1 841 758 4 5 237 7 8 796 589 11 12 349 14 913 550 239 98 809 729 21 22 23 393  [1;32 390000 0.48506174358469 [0 
1 213 758 4 5 237 224 8 796 589 11 668 349 14 913 550 239 98 809 729 21 22 514 393  [1;32 397200 0.49165510208259 [0 
1 213 758 4 5 237 224 8 796 589 809 668 349 14 913 504 239 309 809 729 21 22 514 182  [1;32 414000 0.50946206605862 [0 
1 213 758 4 5 237 923 8 796 589 809 668 349 14 913 504 239 309 809 729 21 22 514 182  [1;32 522000 0.51523620473982 [0 
856 213 758 4 5 237 923 8 876 589 809 668 349 139 913 504 239 309 809 729 21 22 514 182  [1;32 584400 0.5167124734608 [0 
856 213 758 4 5 237 923 8 876 589 809 668 349 139 913 504 239 309 809 729 21 69 731 182  [1;32 807600 0.52839691174214 [0 
856 213 758 4 340 237 923 8 876 589 367 668 349 139 505 504 239 309 958 729 961 69 731 182  [1;32 830400 0.53009730371123 [0 
856 213 758 4 340 237 723 8 876 589 367 668 349 139 478 504 239 309 958 729 961 69 260 951  [1;32 853200 0.53670548799171 [0 
856 213 758 4 627 237 723 8 876 589 367 171 349 139 478 504 239 309 958 729 961 69 806 951  [1;32 862800 0.53687592453056 [0 
172 213 758 666 627 237 723 8 876 589 367 171 349 139 478 504 239 309 958 237 961 69 806 951  [1;32 925200 0.53792498416236 [0 
seed 69
172 213 758 666 627 237 723 8 876 589 367 171 349 139 478 504 239 309 958 237 961 69 806 951 
1000 999 
best 0.53792498416236
 [0 
