0
0.86897013922498
0.85896711440131
0.36165718811502
0.87622174378012
0.39881356642124
0.89407087668786
0.49652930931576
0.8694094103787
0.00082596768910709
0.22954338341438
0.90329983224282
0.8686063789609
0.88698934905615
0.44225221076585
0.027170485602037
0.59449437607057
0.87938523763048
0.71652362025062
0.88607055201421
0.87717131362846
0.00082539931038637
0.84864871512994
0.85070101078011
0
0.67266638050681
0.87274165917477
0.9081116865109
0.45189847695635
0.90031049075287
0.44142010063406
0.88346819335134
0
0.85250924743548
0.84373130855224
0.00082539931038637
0.90761006145615
0.61414237912248
0.29390924138378
0.67948021815147
0.89790338015975
0.90002572644471
0
0.00082539931038637
0.64127438495931
0.82512092905364
0.21947487055668
0.90737440393943
0.90294090652015
0.00082539931038637
0.86713307605118
0.44376030784324
0
0.84285562968779
0
0.051825577254088
0.8640356586231
0.39934178217338
0.8887846614681
0.88277651196318
