0.90644515741616
0.85292117229023
0
0.05930721143801
0.87309660073501
0.88506520461388
0
0.0028017350858143
0.42814726475946
0.88882169497531
0
0.910514343281
0.77658488451763
0
0.2198587069921
0.90857542141559
0.00082539931038637
0.0069693672346162
0.53276727798829
0.89735215352779
0.50211510556673
0.81521016169219
0.49544137743985
0.57846146477829
0
0
0
0.86099424966618
0.87113203825016
0.49544411324745
0
0.90685933243268
0.37971031413184
0.43396420844411
0.90337299143138
0.89160649562554
0.013009713947504
0.056247922538023
0.84955298953392
0.8956907562156
0.69094505298044
0
0.88019564631662
0.85743264309773
0.88049894396357
0
0.87741465665051
0.87186912831868
0
0.57798432979475
0.81793458422596
0.8803721885938
0
0.8887533525885
0
0.0058634502592546
0.0098481212511306
0
0.87437806600483
0
