0.50127853368582
0
0.89765237392492
0.2986390429823
0.88019478777286
0.3904537852879
0.4645500950702
0.47821210292173
0.90785750966871
0
0
0.00082539931038637
0.9051322263356
0.36725634481852
0.44438384808909
0
0.86493653784288
0
0.18535540962202
0.3156240612012
0.86699279665736
0.00082539931038637
0.32863040522503
0.20410968368772
0
0
0.86674171411752
0.20508713089575
0.45087637805793
0.21903952074179
0.32450236083663
0.43512123802198
0
0.85733366220377
0
0.00082539931038637
0.41320801641778
0.40911281886808
0.47638285634935
0.87946017910275
0.82314437475356
0.27120086050329
0
0.00082539931038637
0.49541195339567
0.86552303691843
0.21947487055668
0.33215229784257
0
0.43391952030891
0.45028750480076
0.00082539931038637
0
0.35183284225174
0.86691002429974
0.39487375885005
0.89865921442441
0.000825055710269
0.41846204213344
0.43663359927196
