0
0.0061549002410096
0
0.91059763937637
0.44481625421202
0.84705163648508
0
0
0
0.39469620021209
0
0.89609723625484
0.6777526588596
0
0.2198587069921
0.043749954992698
0.87017810250995
0.0069693672346162
0
0
0
0.90166426182397
0.4473662814203
0.48978033055293
0
0
0
0.80999477972836
0.44723871028074
0.02274584456361
0
0.90778937820704
0.0816006225437
0.84329423059265
0.047952211633759
0.2198587069921
0.0070719456716345
0
0.025895315541583
0
0.89112348392346
0
0.062692932578988
0.85807153501252
0.79074148400824
0
0
0
0
0.44205854249119
0.87366297579947
0.21942975850142
0
0.0093738730137526
0
0.0098491879902059
0
0
0.060003384618569
0
