0.51658682635037
0.89519558215453
0.57413049511163
0.51849126400647
0.53562366374919
0.87883047245737
0.42109567835454
0.56750454255837
0.20494588306709
0.47265591823713
0.50781621436575
0.53049396378167
0.53417432670478
0.50578614255738
0.75383963408606
0.36741291135431
0.49871856610335
0.65688887190507
0.61833825556389
0.5135645577389
0.53522922796468
0.60207918079997
0.71086802472105
0.65193304816246
0
0.17259279245286
0.57465066244147
0.74688019817633
0.55238189166209
0.60388890180646
0.64217802427738
0.82103648385463
0.41198027638659
0.8944995179577
0.65235975971967
0.59610713314492
0.63194512568985
0.55393598939696
0.69177597724108
0.63470139601122
0.19275847989923
0.68825075662404
0.59982476176659
0.59986380214865
0.61153295095409
0.66527399942876
0.77178339677249
0.76508852636292
0.59529346664185
0.72740924642732
0.64368951706448
0.41212921730347
0.37318599300526
0.66725921993984
0.59540725302264
0.29036935895704
0.43180472395121
0.51025868582895
0.57876467292183
0.31632695277946
